0 0.38984375 0.85546875 0.15546875 0.2890625
1 0.5578125 0.778125 0.09765625 0.2
1 0.5640625 0.58125 0.06953125 0.13671875
1 0.9140625 0.2953125 0.04765625 0.05390625
1 0.85703125 0.28984375 0.05234375 0.05546875
3 0.69609375 0.25 0.09765625 0.13515625
1 0.19921875 0.3234375 0.04921875 0.06640625
1 0.6140625 0.33359375 0.053125 0.0609375
1 0.759375 0.3765625 0.065625 0.08515625
1 0.278125 0.4546875 0.06484375 0.09296875
1 0.77421875 0.5265625 0.1 0.13125
3 0.93046875 0.45078125 0.13828125 0.26640625