1 0.090625 0.46953125 0.14453125 0.109375
1 0.13046875 0.5140625 0.15703125 0.10390625
1 0.24765625 0.3984375 0.11171875 0.08515625
1 0.2859375 0.4359375 0.11875 0.0796875
1 0.36171875 0.34453125 0.08515625 0.06875
1 0.38203125 0.37578125 0.096875 0.07421875
1 0.39921875 0.2984375 0.06796875 0.05703125
1 0.4484375 0.30390625 0.07421875 0.06328125
1 0.46328125 0.328125 0.08203125 0.0703125
1 0.459375 0.26953125 0.06171875 0.05703125
1 0.50859375 0.26484375 0.06015625 0.059375
1 0.52265625 0.2953125 0.071875 0.059375
1 0.52421875 0.23515625 0.059375 0.0484375
1 0.57109375 0.23515625 0.05390625 0.05703125
1 0.57734375 0.26484375 0.06015625 0.059375
1 0.6171875 0.24453125 0.05234375 0.05546875
1 0.77265625 0.25390625 0.05703125 0.06328125
1 0.653125 0.34140625 0.06796875 0.08125
1 0.53359375 0.43125 0.09765625 0.11875
1 0.79140625 0.21171875 0.05625 0.0515625