0 0.66796875 0.28046875 0.075 0.10546875
1 0.49140625 0.5 0.10625 0.1390625
1 0.40078125 0.23984375 0.03359375 0.05546875
1 0.44140625 0.33359375 0.04921875 0.09453125
1 0.43046875 0.18125 0.03203125 0.040625
2 0.35234375 0.2203125 0.0375 0.06640625
2 0.36171875 0.38828125 0.06171875 0.12578125
1 0.39140625 0.18203125 0.0375 0.04296875
1 0.31953125 0.1890625 0.034375 0.0390625
2 0.3015625 0.2484375 0.03515625 0.0703125
1 0.2546875 0.21015625 0.04140625 0.04296875
1 0.45390625 0.2296875 0.03203125 0.0515625
1 0.171875 0.26875 0.059375 0.05390625
1 0.3625 0.17421875 0.03125 0.03671875
1 0.1328125 0.3234375 0.08125 0.06484375
1 0.43203125 0.15078125 0.034375 0.0296875
1 0.38046875 0.15390625 0.028125 0.03515625
1 0.47421875 0.14375 0.03203125 0.03671875
1 0.48125 0.1734375 0.03515625 0.04296875
1 0.44921875 0.13046875 0.03359375 0.03125