1 0.2 0.2 0.07265625 0.071875
0 0.65390625 0.36875 0.21484375 0.271875
1 0.384375 0.3015625 0.08984375 0.11484375
3 0.37265625 0.17578125 0.19375 0.15546875
1 0.91328125 0.334375 0.11171875 0.109375
2 0.4609375 0.38125 0.1125 0.14609375
1 0.82109375 0.26171875 0.08515625 0.08671875
1 0.79375 0.309375 0.09140625 0.1
1 0.75625 0.609375 0.16796875 0.159375
2 0.56328125 0.2703125 0.08203125 0.09453125
1 0.57109375 0.63515625 0.13125 0.1796875
1 0.7375 0.20859375 0.071875 0.078125
1 0.6390625 0.21953125 0.06640625 0.078125
1 0.56640625 0.19921875 0.075 0.07421875
3 0.91953125 0.46015625 0.16015625 0.30390625
1 0.634375 0.1765625 0.05859375 0.06484375
1 0.96875 0.91796875 0.0625 0.1640625