1 0.55390625 0.46875 0.09765625 0.14453125
1 0.62578125 0.37109375 0.07109375 0.10703125
1 0.71953125 0.30546875 0.06640625 0.08515625
1 0.76796875 0.26953125 0.05234375 0.06484375
1 0.81015625 0.24140625 0.04375 0.05390625
1 0.47578125 0.43984375 0.096875 0.11640625
1 0.5546875 0.375 0.08125 0.090625
1 0.62421875 0.30546875 0.06875 0.08125
1 0.68515625 0.2734375 0.05546875 0.0609375
1 0.74140625 0.25 0.05390625 0.059375
1 0.35078125 0.46015625 0.11953125 0.11484375
3 0.48046875 0.32421875 0.20078125 0.209375
1 0.62578125 0.2734375 0.06015625 0.06875
1 0.47109375 0.31953125 0.084375 0.071875
1 0.540625 0.27421875 0.06328125 0.05703125
1 0.57890625 0.246875 0.05390625 0.04609375
1 0.61484375 0.22421875 0.04765625 0.04453125
1 0.3828125 0.35546875 0.096875 0.07421875
1 0.24609375 0.38203125 0.10390625 0.08125
1 0.36015625 0.32890625 0.07734375 0.071875
1 0.4375 0.29453125 0.07265625 0.0609375
2 0.49765625 0.2515625 0.06875 0.06640625
1 0.56875 0.2234375 0.05546875 0.0609375
1 0.51953125 0.221875 0.04609375 0.04609375
1 0.91875 0.66484375 0.1625 0.1296875
1 0.690625 0.24375 0.0625 0.0609375
1 0.85546875 0.76484375 0.22578125 0.16328125
1 0.08828125 0.446875 0.13828125 0.10546875
1 0.41328125 0.834375 0.253125 0.17421875
2 0.46953125 0.653125 0.21796875 0.16640625
1 0.28203125 0.415625 0.109375 0.0890625
1 0.76640625 0.21484375 0.05859375 0.0609375
1 0.2046875 0.9359375 0.278125 0.128125
1 0.03359375 0.6984375 0.06484375 0.121875