1 0.48671875 0.37109375 0.08359375 0.15
1 0.52109375 0.63515625 0.11484375 0.26328125
1 0.95703125 0.278125 0.08515625 0.12421875
1 0.4875 0.9125 0.15625 0.175
1 0.04921875 0.4015625 0.096875 0.1515625
1 0.60390625 0.13125 0.05234375 0.0703125
1 0.67421875 0.11171875 0.05546875 0.06328125
1 0.58515625 0.23203125 0.065625 0.109375
1 0.1046875 0.2515625 0.065625 0.0984375
1 0.67578125 0.209375 0.07421875 0.1296875
1 0.2296875 0.421875 0.11171875 0.178125
1 0.1953125 0.26796875 0.071875 0.10390625
1 0.46015625 0.08125 0.05546875 0.071875
1 0.1859375 0.1484375 0.06015625 0.078125
1 0.28203125 0.24375 0.06328125 0.10390625
1 0.36328125 0.18359375 0.05 0.090625
1 0.165625 0.11640625 0.03984375 0.0484375
1 0.665625 0.59140625 0.14453125 0.2703125
1 0.83125 0.5640625 0.175 0.2515625
1 0.37109375 0.1109375 0.04296875 0.05703125
1 0.24921875 0.08671875 0.04140625 0.05390625
1 0.32734375 0.08671875 0.03984375 0.0515625