1 0.58203125 0.1546875 0.03359375 0.059375
1 0.60234375 0.296875 0.05859375 0.0984375
1 0.32421875 0.30390625 0.07578125 0.1
1 0.70546875 0.07578125 0.02109375 0.0390625
1 0.72578125 0.09453125 0.028125 0.04296875
1 0.7359375 0.065625 0.025 0.03671875
1 0.75859375 0.11875 0.034375 0.0515625
1 0.79296875 0.14375 0.04140625 0.05390625
1 0.56796875 0.078125 0.02421875 0.03515625
1 0.76328125 0.19296875 0.053125 0.0703125
1 0.8359375 0.18359375 0.05234375 0.071875
1 0.91015625 0.28984375 0.075 0.1015625
1 0.60234375 0.0484375 0.01875 0.03359375
1 0.58359375 0.03515625 0.01640625 0.03125
1 0.55703125 0.04296875 0.01796875 0.0296875