1 0.01796875 0.24921875 0.034375 0.05390625
1 0.06953125 0.25703125 0.08359375 0.05546875
1 0.321875 0.221875 0.08203125 0.0609375
1 0.48046875 0.221875 0.084375 0.05546875
1 0.16796875 0.26015625 0.09453125 0.05390625
1 0.1734375 0.234375 0.071875 0.04296875
1 0.203125 0.303125 0.10390625 0.06875
2 0.46796875 0.271875 0.09765625 0.07421875
1 0.65078125 0.25390625 0.09453125 0.059375
3 0.934375 0.2109375 0.13125 0.11484375
2 0.87734375 0.2734375 0.096875 0.08359375
1 0.89765625 0.265625 0.06484375 0.06484375