1 0.7953125 0.6796875 0.26953125 0.25546875
3 0.79296875 0.48046875 0.41328125 0.41484375
1 0.45546875 0.40859375 0.14921875 0.14296875
1 0.24453125 0.340625 0.10859375 0.09609375
1 0.1359375 0.29609375 0.075 0.09296875
1 0.04140625 0.31171875 0.08046875 0.071875
1 0.034375 0.27421875 0.06640625 0.071875
2 0.83046875 0.40390625 0.22265625 0.20546875
1 0.60078125 0.35546875 0.13984375 0.13125
1 0.44765625 0.30546875 0.12734375 0.11640625
1 0.32421875 0.2765625 0.10078125 0.08515625
1 0.23828125 0.2640625 0.07734375 0.07578125
1 0.16953125 0.24453125 0.05859375 0.0609375
1 0.11484375 0.2390625 0.05859375 0.06875
1 0.94140625 0.2890625 0.11640625 0.1203125
1 0.91328125 0.35703125 0.17265625 0.1390625
1 0.07265625 0.22578125 0.04921875 0.0609375
1 0.72421875 0.30546875 0.15390625 0.12421875
1 0.41640625 0.2109375 0.08984375 0.08359375
1 0.2796875 0.225 0.071875 0.0703125
3 0.90234375 0.153125 0.19453125 0.18359375
1 0.60390625 0.165625 0.09921875 0.07421875
1 0.42734375 0.1515625 0.075 0.0609375
1 0.68515625 0.14375 0.09296875 0.071875
1 0.309375 0.1484375 0.0625 0.05390625
1 0.44609375 0.12109375 0.06796875 0.059375
1 0.20703125 0.14375 0.05078125 0.0515625
1 0.3453125 0.1234375 0.06015625 0.0515625