1 0.228125 0.615625 0.10859375 0.16328125
1 0.346875 0.2515625 0.040625 0.05703125
1 0.40703125 0.26640625 0.04140625 0.059375
1 0.61171875 0.184375 0.03125 0.0484375
1 0.73046875 0.21640625 0.03984375 0.05546875
2 0.796875 0.20078125 0.040625 0.06328125
1 0.61953125 0.24609375 0.040625 0.06328125
1 0.70390625 0.26484375 0.04140625 0.06328125
1 0.78984375 0.2734375 0.05078125 0.071875
1 0.6625 0.39921875 0.05859375 0.0984375
1 0.84609375 0.35703125 0.065625 0.08515625
1 0.77421875 0.44453125 0.071875 0.09609375
2 0.73828125 0.76796875 0.13125 0.221875
1 0.96875 0.39296875 0.0625 0.0921875