1 0.4890625 0.36875 0.08046875 0.1515625
1 0.52421875 0.6359375 0.11875 0.27578125
1 0.48984375 0.9109375 0.16796875 0.178125
1 0.4640625 0.08046875 0.05390625 0.07421875
3 0.0609375 0.3640625 0.11953125 0.34453125
1 0.60859375 0.09609375 0.04765625 0.06484375
1 0.53203125 0.07578125 0.03984375 0.05703125
1 0.696875 0.15703125 0.071875 0.0890625
1 0.634375 0.19453125 0.075 0.09296875
1 0.20703125 0.184375 0.06171875 0.08359375
1 0.1703125 0.66640625 0.16796875 0.31328125
1 0.57578125 0.24140625 0.078125 0.11484375
1 0.73828125 0.36953125 0.10859375 0.1484375
1 0.27578125 0.19921875 0.06953125 0.0890625
3 0.29375 0.0515625 0.07578125 0.1
3 0.38515625 0.0546875 0.06328125 0.10546875