1 0.04609375 0.94609375 0.08984375 0.10703125
1 0.0953125 0.7984375 0.13984375 0.2109375
1 0.17890625 0.65859375 0.08046875 0.1515625
1 0.5890625 0.90546875 0.121875 0.1890625
1 0.42890625 0.85546875 0.103125 0.2296875
1 0.2203125 0.9015625 0.14375 0.19609375
1 0.43671875 0.65546875 0.08828125 0.16328125
1 0.58359375 0.75 0.09453125 0.1796875
1 0.23828125 0.52578125 0.08828125 0.13671875
1 0.284375 0.73046875 0.11953125 0.20703125
2 0.284375 0.43984375 0.07578125 0.13671875
1 0.55703125 0.61875 0.06953125 0.1609375
2 0.02265625 0.4734375 0.04296875 0.128125
0 0.56328125 0.4234375 0.075 0.18125
1 0.38203125 0.4453125 0.05625 0.0984375
3 0.321875 0.26875 0.10703125 0.15703125