1 0.178125 0.7140625 0.12890625 0.2
1 0.33828125 0.265625 0.04296875 0.059375
1 0.39921875 0.284375 0.04375 0.06328125
1 0.61015625 0.178125 0.02890625 0.04453125
1 0.72578125 0.209375 0.03828125 0.05390625
2 0.78984375 0.19296875 0.03984375 0.059375
1 0.61796875 0.23515625 0.0375 0.05703125
1 0.69765625 0.2515625 0.040625 0.05703125
1 0.78125 0.26171875 0.04765625 0.071875
1 0.65703125 0.371875 0.05625 0.090625
1 0.8328125 0.3390625 0.06484375 0.08125
1 0.759375 0.409375 0.06640625 0.090625
2 0.7203125 0.678125 0.11484375 0.19453125
1 0.94921875 0.36484375 0.06953125 0.08671875