1 0.13828125 0.384375 0.07890625 0.11875
1 0.51953125 0.44375 0.13125 0.1515625
1 0.12421875 0.17109375 0.05234375 0.06875
1 0.3484375 0.140625 0.05078125 0.05
1 0.4234375 0.1203125 0.05625 0.0609375
1 0.28828125 0.084375 0.03671875 0.040625
1 0.3609375 0.0609375 0.03671875 0.0390625
1 0.35859375 0.08359375 0.04296875 0.040625
1 0.2921875 0.0546875 0.03515625 0.03359375
1 0.6984375 0.22109375 0.08046875 0.078125
1 0.71953125 0.328125 0.134375 0.10703125
1 0.01875 0.13828125 0.03515625 0.0484375
1 0.11328125 0.090625 0.03984375 0.04609375
1 0.04453125 0.08125 0.03203125 0.0390625