1 0.5828125 0.94453125 0.15390625 0.1109375
2 0.27265625 0.03203125 0.025 0.040625
1 0.253125 0.040625 0.021875 0.040625
1 0.59296875 0.68984375 0.17734375 0.278125
1 0.8515625 0.6859375 0.21875 0.2890625
1 0.31796875 0.34296875 0.07734375 0.10546875
1 0.21171875 0.4140625 0.08125 0.1203125
1 0.28984375 0.08046875 0.03046875 0.03125
1 0.21484375 0.07109375 0.02890625 0.03359375
1 0.3921875 0.3015625 0.07890625 0.09609375
1 0.07734375 0.4609375 0.08203125 0.13671875
1 0.26171875 0.0890625 0.034375 0.03515625
1 0.33359375 0.078125 0.03515625 0.0390625
2 0.20546875 0.23828125 0.05625 0.10703125
1 0.35546875 0.13984375 0.046875 0.0484375
1 0.52890625 0.14140625 0.053125 0.05703125
1 0.0609375 0.14375 0.03125 0.05546875
2 0.09453125 0.0984375 0.03359375 0.05546875
1 0.12890625 0.08671875 0.028125 0.0390625
1 0.67109375 0.31484375 0.10546875 0.090625