2 0.83828125 0.3734375 0.12578125 0.14296875
2 0.95703125 0.4546875 0.08515625 0.13671875
1 0.61171875 0.29140625 0.06328125 0.0703125
3 0.54375 0.21484375 0.13125 0.121875
1 0.73046875 0.26171875 0.05703125 0.05
1 0.709375 0.23671875 0.05390625 0.04609375
1 0.80703125 0.22578125 0.04453125 0.0484375
1 0.40703125 0.315625 0.07734375 0.0609375
1 0.315625 0.2109375 0.06484375 0.03671875
1 0.29453125 0.375 0.09375 0.0703125
3 0.47109375 0.83671875 0.940625 0.32578125
1 0.87578125 0.20625 0.05859375 0.0390625
1 0.3328125 0.4046875 0.09375 0.08125
1 0.07109375 0.48359375 0.13984375 0.1109375
1 0.18515625 0.74453125 0.19765625 0.1515625