1 0.80390625 0.1796875 0.03359375 0.05546875
1 0.7203125 0.11953125 0.025 0.03671875
1 0.7625 0.19609375 0.04453125 0.05703125
1 0.63515625 0.684375 0.11484375 0.221875
1 0.5734375 0.44453125 0.078125 0.13125
1 0.54453125 0.34296875 0.05390625 0.1015625
1 0.59453125 0.25 0.04140625 0.07421875
1 0.58359375 0.20703125 0.03515625 0.0609375
1 0.94609375 0.29296875 0.059375 0.08359375
1 0.5921875 0.14140625 0.02890625 0.04453125
3 0.78203125 0.11953125 0.065625 0.1
3 0.8921875 0.17421875 0.11796875 0.18515625