1 0.28359375 0.3515625 0.04375 0.07421875
1 0.2671875 0.259375 0.034375 0.0609375
1 0.33046875 0.25703125 0.03671875 0.0609375
1 0.84453125 0.46015625 0.121875 0.1109375
1 0.346875 0.3203125 0.05703125 0.06328125
1 0.37578125 0.403125 0.06015625 0.08671875
1 0.71484375 0.35390625 0.08671875 0.09453125
1 0.9515625 0.434375 0.096875 0.10703125
1 0.57734375 0.325 0.07734375 0.078125
1 0.6078125 0.2984375 0.07109375 0.0703125
1 0.27890625 0.46640625 0.06171875 0.11328125
1 0.63828125 0.27421875 0.06328125 0.07421875
1 0.5390625 0.23125 0.03984375 0.059375
1 0.48046875 0.23359375 0.04609375 0.05546875
1 0.2390625 0.86171875 0.11328125 0.221875