1 0.66953125 0.1765625 0.02734375 0.040625
1 0.63515625 0.2046875 0.03046875 0.0484375
1 0.03203125 0.7390625 0.0625 0.20703125
1 0.71328125 0.1734375 0.02734375 0.0484375
1 0.69609375 0.22421875 0.0375 0.05390625
1 0.64296875 0.23203125 0.03515625 0.06328125
1 0.25546875 0.53046875 0.08828125 0.1296875
1 0.43046875 0.53046875 0.075 0.1390625
1 0.04296875 0.54609375 0.08359375 0.15703125
1 0.76953125 0.234375 0.0375 0.05390625
2 0.76640625 0.178125 0.03359375 0.0515625
1 0.65 0.31171875 0.04609375 0.07421875
1 0.79609375 0.28125 0.04921875 0.071875
2 0.48515625 0.28046875 0.04453125 0.08671875
1 0.45390625 0.2296875 0.03203125 0.05390625
1 0.77421875 0.41640625 0.06953125 0.128125
2 0.4 0.221875 0.03046875 0.06328125
1 0.953125 0.49609375 0.09375 0.1109375
1 0.43203125 0.1890625 0.025 0.040625