1 0.5640625 0.13359375 0.04921875 0.0390625
1 0.45625 0.15625 0.053125 0.0390625
1 0.50859375 0.1640625 0.06328125 0.04453125
0 0.66484375 0.2546875 0.071875 0.1109375
1 0.86875 0.62421875 0.16484375 0.22578125
1 0.71328125 0.5265625 0.08359375 0.15703125
1 0.70234375 0.403125 0.06953125 0.11640625
1 0.72890625 0.30703125 0.06171875 0.1
1 0.765625 0.25078125 0.046875 0.07578125
1 0.81953125 0.809375 0.25625 0.21328125
1 0.1078125 0.32578125 0.10078125 0.07578125
1 0.44140625 0.21953125 0.07734375 0.06484375
1 0.81875 0.1984375 0.046875 0.06484375
1 0.48046875 0.75390625 0.196875 0.18125
1 0.19609375 0.234375 0.07109375 0.0484375
1 0.6984375 0.16875 0.06796875 0.05
2 0.046875 0.27421875 0.09140625 0.05703125
1 0.06171875 0.790625 0.12109375 0.159375
1 0.85 0.15078125 0.07109375 0.04453125