1 0.040625 0.71796875 0.07890625 0.190625
1 0.69765625 0.1640625 0.02890625 0.04296875
1 0.61328125 0.19921875 0.03203125 0.05390625
1 0.72265625 0.19375 0.03359375 0.04609375
1 0.65859375 0.1953125 0.03046875 0.0484375
2 0.62578125 0.26015625 0.04296875 0.071875
1 0.76953125 0.1859375 0.03203125 0.04609375
2 0.2796875 0.24921875 0.05625 0.109375
1 0.66015625 0.4046875 0.05859375 0.09296875
1 0.42265625 0.253125 0.040625 0.0609375
1 0.76796875 0.41328125 0.06640625 0.1015625
1 0.85078125 0.3890625 0.07109375 0.09296875
2 0.325 0.209375 0.04453125 0.090625
1 0.90390625 0.31953125 0.06484375 0.071875
1 0.7109375 0.6765625 0.10859375 0.18359375