1 0.6171875 0.171875 0.025 0.0390625
1 0.67734375 0.184375 0.03125 0.05
1 0.63203125 0.21328125 0.034375 0.05546875
1 0.09296875 0.49609375 0.10078125 0.12421875
1 0.3828125 0.62890625 0.096875 0.16328125
2 0.19921875 0.4890625 0.09765625 0.16328125
1 0.74296875 0.20546875 0.03515625 0.0484375
1 0.78984375 0.18046875 0.03046875 0.04453125
1 0.72421875 0.25859375 0.03828125 0.06328125
1 0.66875 0.28046875 0.04140625 0.06328125
1 0.80859375 0.2703125 0.046875 0.0703125
1 0.65390625 0.36875 0.05546875 0.0890625
1 0.75703125 0.32890625 0.05234375 0.078125
1 0.4203125 0.30390625 0.040625 0.0703125
1 0.728125 0.63515625 0.096875 0.16875
1 0.940625 0.7265625 0.11875 0.1703125
2 0.9734375 0.53046875 0.053125 0.1484375