1 0.28046875 0.37109375 0.10703125 0.07421875
1 0.28203125 0.43359375 0.11328125 0.08125
1 0.38671875 0.32578125 0.08359375 0.06484375
1 0.49453125 0.31484375 0.07421875 0.0609375
1 0.48203125 0.284375 0.06015625 0.05546875
1 0.56953125 0.26953125 0.05390625 0.0515625
1 0.47421875 0.2609375 0.06171875 0.0515625
1 0.534375 0.25703125 0.046875 0.04609375
1 0.63984375 0.23046875 0.04609375 0.0484375
1 0.5171875 0.23203125 0.053125 0.04453125
1 0.58828125 0.221875 0.04765625 0.0484375
1 0.67890625 0.3515625 0.06875 0.09296875
1 0.07890625 0.4640625 0.13203125 0.071875
1 0.06015625 0.54375 0.11796875 0.09453125