1 0.18515625 0.05625 0.025 0.02578125
2 0.36484375 0.69375 0.15078125 0.29609375
2 0.2625 0.0453125 0.02890625 0.04296875
1 0.371875 0.43125 0.10234375 0.13671875
2 0.32578125 0.0734375 0.03515625 0.04609375
1 0.21953125 0.25078125 0.05859375 0.08515625
2 0.34140625 0.0546875 0.03671875 0.03671875
1 0.32421875 0.0984375 0.03515625 0.040625
1 0.19296875 0.1390625 0.04140625 0.05390625
2 0.125 0.56875 0.11015625 0.25
1 0.38046875 0.153125 0.059375 0.059375
1 0.52265625 0.1484375 0.06015625 0.0609375
2 0.10546875 0.10703125 0.03359375 0.0609375
1 0.12734375 0.0890625 0.02421875 0.03671875
1 0.03046875 0.290625 0.05859375 0.0890625
1 0.0265625 0.1359375 0.05078125 0.059375
1 0.76953125 0.209375 0.08984375 0.06640625
1 0.875 0.28828125 0.12109375 0.09453125
1 0.83203125 0.390625 0.15234375 0.1203125