1 0.51640625 0.140625 0.05078125 0.03671875
1 0.56640625 0.14921875 0.05703125 0.0390625
0 0.66484375 0.2546875 0.071875 0.1109375
1 0.86875 0.62421875 0.16484375 0.22578125
1 0.7125 0.52890625 0.08515625 0.159375
1 0.7 0.40703125 0.07109375 0.11875
1 0.7234375 0.31484375 0.06171875 0.1015625
1 0.76171875 0.2609375 0.04765625 0.07578125
1 0.9203125 0.8453125 0.159375 0.20703125
1 0.31484375 0.2546875 0.08515625 0.06328125
1 0.81171875 0.20703125 0.04765625 0.06640625
1 0.6328125 0.76875 0.20078125 0.190625
1 0.26171875 0.21328125 0.06640625 0.0484375
1 0.60703125 0.18671875 0.06875 0.0515625
2 0.159375 0.2515625 0.08515625 0.05546875
1 0.14609375 0.77421875 0.24375 0.178125
1 0.7734375 0.15703125 0.06796875 0.05