3 0.54609375 0.20625 0.134375 0.13125
1 0.3609375 0.56875 0.13125 0.17421875
1 0.52109375 0.4234375 0.09296875 0.1109375
1 0.43046875 0.284375 0.065625 0.06328125
1 0.3515625 0.3265625 0.08984375 0.07578125
1 0.10625 0.7640625 0.184375 0.26640625
1 0.63203125 0.2234375 0.04609375 0.05703125
1 0.2390625 0.38671875 0.11171875 0.08671875
1 0.103125 0.4453125 0.13515625 0.1
1 0.5109375 0.33515625 0.08125 0.08515625
2 0.58203125 0.23984375 0.06796875 0.07421875
1 0.415625 0.71328125 0.140625 0.22421875
2 0.5265625 0.2703125 0.06015625 0.0703125
1 0.60546875 0.33828125 0.071875 0.08671875
1 0.746875 0.41796875 0.06484375 0.11875
2 0.68046875 0.2609375 0.090625 0.1203125
1 0.9625 0.73046875 0.075 0.1640625
1 0.759375 0.23984375 0.059375 0.05546875
1 0.72734375 0.3046875 0.06484375 0.07578125
1 0.4375 0.32109375 0.07734375 0.07578125
1 0.84296875 0.234375 0.04921875 0.05703125
1 0.62734375 0.25859375 0.05390625 0.06328125