1 0.834375 0.175 0.04609375 0.0703125
1 0.8734375 0.25625 0.05 0.08515625
1 0.05859375 0.59375 0.115625 0.15546875
2 0.084375 0.39140625 0.14296875 0.190625
1 0.26015625 0.36015625 0.11328125 0.10546875
0 0.70234375 0.22890625 0.08046875 0.14453125
1 0.3765625 0.340625 0.084375 0.09609375
1 0.85390625 0.44453125 0.078125 0.13515625
1 0.97578125 0.61484375 0.04765625 0.18671875
1 0.471875 0.18203125 0.05390625 0.05703125
1 0.52109375 0.17890625 0.05234375 0.059375
1 0.45 0.9109375 0.17734375 0.178125