0 0.66328125 0.521875 0.30546875 0.37421875
1 0.26328125 0.421875 0.11953125 0.12421875
1 0.10234375 0.34375 0.08359375 0.08359375
3 0.03671875 0.28125 0.07109375 0.14453125
1 0.82578125 0.3484375 0.184375 0.14453125
3 0.53515625 0.24140625 0.29921875 0.2015625
3 0.82421875 0.22890625 0.35078125 0.25390625
1 0.28671875 0.2359375 0.06953125 0.07421875
3 0.33359375 0.1796875 0.1875 0.1390625
1 0.215625 0.22421875 0.06875 0.06484375
3 0.16796875 0.15859375 0.15625 0.09453125
2 0.78671875 0.4890625 0.2 0.228125
1 0.55078125 0.42890625 0.1625 0.14609375
2 0.396875 0.36015625 0.11796875 0.140625
1 0.27265625 0.33984375 0.10546875 0.1015625
3 0.15078125 0.27578125 0.184375 0.171875