1 0.6875 0.02421875 0.01640625 0.01875
1 0.69921875 0.04140625 0.01953125 0.03515625
1 0.18046875 0.46328125 0.1125 0.14453125
1 0.72734375 0.046875 0.025 0.021875
1 0.72421875 0.028125 0.01875 0.01875
1 0.32421875 0.30703125 0.06328125 0.0984375
1 0.7265625 0.0765625 0.03046875 0.040625
1 0.76796875 0.05859375 0.025 0.028125
1 0.75859375 0.090625 0.02890625 0.040625
2 0.678125 0.059375 0.02578125 0.04609375
1 0.79609375 0.07578125 0.03671875 0.0484375
1 0.64765625 0.1390625 0.03984375 0.059375
1 0.59765625 0.103125 0.028125 0.05
1 0.77421875 0.11953125 0.03984375 0.0515625
1 0.83125 0.128125 0.05 0.03359375
1 0.83359375 0.16484375 0.05390625 0.06328125
1 0.88671875 0.13125 0.06796875 0.06640625
1 0.584375 0.04140625 0.02109375 0.03515625
1 0.6125 0.0296875 0.02109375 0.03515625
1 0.54296875 0.0390625 0.01875 0.03359375
3 0.5375 0.153125 0.07109375 0.16640625