0 0.66328125 0.265625 0.07265625 0.10703125
1 0.75859375 0.565625 0.11953125 0.19453125
1 0.471875 0.1546875 0.03203125 0.040625
1 0.43046875 0.16171875 0.034375 0.0390625
1 0.45078125 0.14140625 0.02890625 0.03515625
1 0.49140625 0.13671875 0.02890625 0.03671875
1 0.47109375 0.128125 0.028125 0.03359375
1 0.66015625 0.1390625 0.03671875 0.03515625
1 0.5578125 0.15078125 0.040625 0.040625
1 0.59921875 0.1484375 0.03828125 0.04296875
2 0.403125 0.15546875 0.034375 0.0484375
1 0.51796875 0.20390625 0.05 0.0484375
2 0.08203125 0.25078125 0.06015625 0.06875
1 0.46796875 0.196875 0.04921875 0.04453125
1 0.4671875 0.253125 0.078125 0.071875
1 0.22734375 0.2203125 0.06015625 0.05
2 0.39375 0.36796875 0.07734375 0.10703125
1 0.29609375 0.2984375 0.08828125 0.078125
1 0.37265625 0.1515625 0.04140625 0.04296875
2 0.20703125 0.39375 0.121875 0.121875
1 0.40234375 0.13515625 0.0375 0.03125
3 0.36953125 0.1140625 0.09921875 0.1