1 0.63515625 0.14609375 0.034375 0.0609375
1 0.73984375 0.2265625 0.05390625 0.08125
1 0.84609375 0.559375 0.1375 0.171875
2 0.7203125 0.7703125 0.178125 0.321875
1 0.18828125 0.8359375 0.1875 0.29296875
1 0.11953125 0.65859375 0.15625 0.209375
1 0.3609375 0.40625 0.08046875 0.128125
2 0.26484375 0.37109375 0.1 0.20703125
1 0.4296875 0.28125 0.05625 0.090625
1 0.51640625 0.24921875 0.04609375 0.08359375
1 0.44296875 0.19921875 0.04375 0.071875
1 0.51015625 0.14921875 0.03125 0.0515625
1 0.475 0.12890625 0.03046875 0.0484375
2 0.52109375 0.115625 0.02890625 0.05546875
1 0.44765625 0.1109375 0.028125 0.040625