1 0.1984375 0.21484375 0.06796875 0.06328125
1 0.18046875 0.18671875 0.078125 0.05390625
3 0.23984375 0.13671875 0.190625 0.10703125
1 0.25703125 0.25859375 0.06953125 0.07421875
1 0.33515625 0.24375 0.07265625 0.06875
1 0.33515625 0.31015625 0.07734375 0.08671875
1 0.4375 0.2984375 0.084375 0.08671875
1 0.44609375 0.41328125 0.09609375 0.10390625
1 0.5609375 0.3984375 0.10234375 0.1015625
1 0.94765625 0.35859375 0.10390625 0.09609375
2 0.44765625 0.21171875 0.084375 0.08515625
1 0.94296875 0.4484375 0.11328125 0.13125
1 0.67734375 0.53359375 0.1125 0.13671875
1 0.5421875 0.58046875 0.12421875 0.15546875
1 0.83984375 0.290625 0.07734375 0.10703125
1 0.775 0.2390625 0.05625 0.07421875
3 0.671875 0.20859375 0.15078125 0.1984375
1 0.728125 0.4234375 0.115625 0.0984375
1 0.87421875 0.84375 0.18125 0.228125