1 0.834375 0.68515625 0.28046875 0.259375
1 0.83671875 0.53046875 0.23671875 0.20703125
1 0.471875 0.4109375 0.16484375 0.14609375
1 0.2640625 0.33515625 0.10390625 0.11328125
1 0.08671875 0.30390625 0.09765625 0.07578125
1 0.05390625 0.27578125 0.071875 0.07421875
2 0.825 0.39609375 0.215625 0.2015625
1 0.59765625 0.3515625 0.13984375 0.1296875
1 0.44453125 0.30078125 0.12734375 0.11875
1 0.32109375 0.27578125 0.103125 0.0984375
1 0.23515625 0.26484375 0.08046875 0.08515625
1 0.16875 0.24453125 0.0625 0.071875
1 0.11171875 0.23828125 0.05703125 0.071875
1 0.940625 0.284375 0.11875 0.12578125
1 0.915625 0.35390625 0.16875 0.14453125
1 0.0703125 0.2203125 0.05234375 0.0703125
1 0.7203125 0.3015625 0.14921875 0.12578125
1 0.67421875 0.2390625 0.13671875 0.1109375
1 0.50390625 0.25703125 0.109375 0.1015625
1 0.9703125 0.1828125 0.059375 0.08125
1 0.6609375 0.16484375 0.103125 0.078125
1 0.45234375 0.146875 0.078125 0.059375
1 0.67890625 0.125 0.09296875 0.0796875
1 0.28046875 0.13828125 0.059375 0.05703125
1 0.490625 0.11875 0.07734375 0.06328125
1 0.20234375 0.13671875 0.04765625 0.04453125
2 0.24296875 0.115625 0.05546875 0.05390625