1 0.63359375 0.18984375 0.028125 0.04453125
1 0.71875 0.18515625 0.03046875 0.03671875
1 0.70078125 0.2203125 0.03125 0.0515625
1 0.64765625 0.25078125 0.04140625 0.0609375
2 0.73984375 0.28359375 0.046875 0.08515625
1 0.79609375 0.2484375 0.03828125 0.0515625
1 0.81953125 0.21953125 0.04296875 0.0515625
1 0.67734375 0.38984375 0.05546875 0.08125
2 0.33046875 0.3 0.046875 0.090625
1 0.73203125 0.61640625 0.09375 0.171875
1 0.88671875 0.37109375 0.06484375 0.0890625
1 0.51328125 0.21640625 0.03125 0.04453125
2 0.47421875 0.16953125 0.03125 0.06640625