1 0.59140625 0.3234375 0.08125 0.11640625
2 0.73671875 0.8734375 0.19140625 0.22421875
1 0.64453125 0.59140625 0.115625 0.23671875
1 0.96015625 0.8859375 0.07890625 0.18515625
3 0.503125 0.090625 0.059375 0.178125
1 0.59140625 0.18359375 0.04453125 0.06640625
1 0.74921875 0.37109375 0.09765625 0.14453125
1 0.65703125 0.1765625 0.05078125 0.06640625
2 0.6390625 0.11640625 0.04296875 0.08515625
1 0.57109375 0.09453125 0.03046875 0.05546875
1 0.7546875 0.1109375 0.046875 0.06328125
1 0.58828125 0.06328125 0.02734375 0.04296875
1 0.55390625 0.03671875 0.02265625 0.03125
1 0.9703125 0.3515625 0.059375 0.11875
3 0.44921875 0.48671875 0.184375 0.53359375