1 0.79296875 0.60625 0.16328125 0.1890625
1 0.696875 0.4203125 0.07109375 0.13359375
1 0.77421875 0.26953125 0.05546875 0.08125
0 0.66171875 0.25390625 0.07265625 0.109375
1 0.81015625 0.20546875 0.04609375 0.0703125
3 0.49296875 0.25546875 0.15390625 0.19609375
1 0.29765625 0.15390625 0.03828125 0.04296875
1 0.33046875 0.26328125 0.07265625 0.059375
1 0.34765625 0.1640625 0.04609375 0.04296875
3 0.3125 0.13828125 0.13046875 0.10703125
1 0.2953125 0.3296875 0.090625 0.0796875
1 0.48359375 0.13515625 0.03359375 0.040625
1 0.3921875 0.13359375 0.0375 0.03671875
1 0.0953125 0.41015625 0.12890625 0.109375
1 0.44296875 0.12109375 0.034375 0.03359375