1 0.96328125 0.209375 0.03828125 0.0609375
1 0.7171875 0.24375 0.05234375 0.0703125
1 0.33359375 0.36328125 0.10078125 0.09609375
1 0.3203125 0.3203125 0.08828125 0.090625
1 0.25 0.31484375 0.08828125 0.0984375
1 0.49296875 0.29375 0.071875 0.090625
1 0.96796875 0.39375 0.06328125 0.10703125
1 0.846875 0.359375 0.05859375 0.1015625
2 0.71015625 0.4109375 0.07890625 0.1296875
2 0.40546875 0.22421875 0.04921875 0.06640625
1 0.51640625 0.20546875 0.05859375 0.059375
1 0.9046875 0.79140625 0.12109375 0.27578125