1 0.83828125 0.69140625 0.28125 0.26640625
1 0.7125 0.48984375 0.209375 0.178125
1 0.3953125 0.39140625 0.14453125 0.12578125
1 0.2296875 0.325 0.09609375 0.10390625
1 0.0734375 0.30625 0.09453125 0.06875
1 0.0546875 0.2765625 0.07421875 0.0609375
2 0.8296875 0.403125 0.22265625 0.20546875
1 0.6 0.3546875 0.13984375 0.13125
1 0.44765625 0.30546875 0.128125 0.11640625
1 0.32421875 0.27578125 0.10078125 0.08515625
1 0.23671875 0.2640625 0.078125 0.078125
1 0.17109375 0.2453125 0.05703125 0.0609375
1 0.1125 0.23828125 0.05859375 0.071875
1 0.940625 0.2859375 0.11875 0.11875
1 0.9140625 0.35546875 0.171875 0.1390625
1 0.07421875 0.225 0.05078125 0.06328125
1 0.72578125 0.30390625 0.15546875 0.1203125
1 0.62109375 0.23515625 0.12109375 0.10390625
1 0.46640625 0.253125 0.09921875 0.090625
1 0.87578125 0.1890625 0.13828125 0.09296875
1 0.58515625 0.1609375 0.09375 0.071875
1 0.41328125 0.15 0.075 0.0609375
1 0.5984375 0.125 0.084375 0.0703125
1 0.25546875 0.1390625 0.05625 0.05390625
1 0.446875 0.121875 0.071875 0.06328125
1 0.1890625 0.13984375 0.04296875 0.04296875
2 0.22890625 0.11640625 0.053125 0.05546875