1 0.55546875 0.45625 0.10078125 0.15
1 0.62578125 0.36484375 0.07734375 0.10546875
1 0.7203125 0.2984375 0.06953125 0.09296875
1 0.77109375 0.26328125 0.05390625 0.06640625
1 0.81796875 0.2296875 0.053125 0.05546875
1 0.47578125 0.4265625 0.09765625 0.1109375
1 0.55546875 0.365625 0.08046875 0.0890625
1 0.62578125 0.29609375 0.07421875 0.08359375
1 0.684375 0.26171875 0.05703125 0.059375
1 0.74140625 0.23984375 0.05390625 0.05546875
1 0.35234375 0.4484375 0.11484375 0.1
3 0.48359375 0.31328125 0.196875 0.2015625
1 0.62578125 0.2609375 0.06171875 0.0703125
1 0.25625 0.421875 0.11484375 0.08671875
1 0.53359375 0.26171875 0.06328125 0.06640625
1 0.58046875 0.23359375 0.04765625 0.0484375
1 0.615625 0.215625 0.05 0.05
1 0.125 0.43828125 0.125 0.08359375
1 0.24609375 0.36640625 0.10390625 0.071875
1 0.35703125 0.31484375 0.06640625 0.0703125
1 0.45078125 0.27578125 0.06171875 0.059375
2 0.5046875 0.24140625 0.06796875 0.0609375
1 0.56953125 0.209375 0.05625 0.05390625
1 0.23828125 0.328125 0.096875 0.071875
1 0.071875 0.68828125 0.14140625 0.1390625
1 0.28984375 0.865625 0.240625 0.18671875
2 0.6078125 0.6984375 0.215625 0.16484375
1 0.9046875 0.815625 0.190625 0.16875
1 0.04375 0.84453125 0.08515625 0.16640625