1 0.540625 0.50546875 0.11484375 0.16484375
1 0.66328125 0.36484375 0.07109375 0.08671875
1 0.76484375 0.2734375 0.05625 0.0609375
1 0.07734375 0.91171875 0.15234375 0.17578125
1 0.546875 0.3953125 0.08046875 0.09296875
1 0.6390625 0.315625 0.06796875 0.078125
1 0.1734375 0.640625 0.14765625 0.18125
1 0.46328125 0.3203125 0.07734375 0.06640625
1 0.5203125 0.28359375 0.06875 0.05703125
1 0.57421875 0.25078125 0.05625 0.05390625
1 0.615625 0.23515625 0.05234375 0.05
1 0.38046875 0.36171875 0.09375 0.08125
1 0.24609375 0.384375 0.103125 0.07421875
1 0.3625 0.33671875 0.08125 0.071875
1 0.44921875 0.29921875 0.07109375 0.06640625
2 0.50703125 0.2515625 0.059375 0.05390625
1 0.56953125 0.228125 0.05234375 0.05390625
1 0.51875 0.22578125 0.05078125 0.04609375
1 0.434375 0.4046875 0.09765625 0.10546875
1 0.08671875 0.45390625 0.14375 0.109375
1 0.28359375 0.42421875 0.11171875 0.08125
1 0.60546875 0.2796875 0.06484375 0.07578125
1 0.85234375 0.67421875 0.18984375 0.14453125
1 0.72109375 0.23203125 0.06015625 0.0515625
1 0.12734375 0.5 0.14375 0.0984375
1 0.459375 0.253125 0.06171875 0.0484375
1 0.76953125 0.24375 0.059375 0.0484375
1 0.378125 0.2953125 0.07734375 0.0515625
1 0.83671875 0.21171875 0.05703125 0.0484375