1 0.92890625 0.15390625 0.09140625 0.059375
3 0.4015625 0.0859375 0.30078125 0.09609375
0 0.88515625 0.284375 0.18984375 0.18125
1 0.85703125 0.4296875 0.171875 0.11640625
2 0.40390625 0.13515625 0.07109375 0.078125
1 0.946875 0.25625 0.10625 0.08359375
1 0.5859375 0.12890625 0.07890625 0.059375
1 0.4828125 0.3140625 0.140625 0.08671875
1 0.49375 0.253125 0.11640625 0.07421875
3 0.19609375 0.384375 0.390625 0.23125
1 0.7640625 0.13046875 0.08984375 0.059375
3 0.89765625 0.065625 0.20390625 0.128125