1 0.46328125 0.32578125 0.075 0.06875
1 0.52109375 0.29296875 0.065625 0.0609375
1 0.57578125 0.259375 0.05546875 0.05546875
1 0.61796875 0.2390625 0.046875 0.05
1 0.3796875 0.36796875 0.090625 0.07421875
1 0.2453125 0.390625 0.10390625 0.0796875
1 0.36171875 0.3390625 0.078125 0.0703125
1 0.44765625 0.2984375 0.065625 0.059375
2 0.50546875 0.25859375 0.06171875 0.059375
1 0.56953125 0.22890625 0.05234375 0.05390625
1 0.5203125 0.23125 0.05078125 0.04609375
1 0.0875 0.45703125 0.13984375 0.1
1 0.28203125 0.42890625 0.11015625 0.0796875
1 0.128125 0.5046875 0.14140625 0.0984375
1 0.45546875 0.2609375 0.05703125 0.05703125
1 0.3921875 0.29375 0.06171875 0.0515625
1 0.1125 0.91796875 0.159375 0.1640625
2 0.4078125 0.49140625 0.09921875 0.171875
1 0.625 0.38515625 0.06953125 0.09296875
1 0.80625 0.25703125 0.046875 0.0703125