2 0.60859375 0.26171875 0.06015625 0.0890625
2 0.6578125 0.3109375 0.06640625 0.078125
1 0.78359375 0.37578125 0.09609375 0.09296875
1 0.9421875 0.4484375 0.115625 0.1125
1 0.69453125 0.25390625 0.053125 0.05703125
3 0.4859375 0.24921875 0.15859375 0.15
1 0.2921875 0.20859375 0.053125 0.03671875
1 0.784375 0.24921875 0.05546875 0.0484375
1 0.984375 0.72421875 0.03125 0.1671875
1 0.78515625 0.25 0.04765625 0.05
1 0.2265625 0.2234375 0.05703125 0.03125
1 0.75703125 0.740625 0.21328125 0.1703125
3 0.803125 0.9125 0.39375 0.175
1 0.43984375 0.19296875 0.04921875 0.03671875
1 0.65390625 0.1984375 0.06171875 0.05390625
1 0.24765625 0.7703125 0.24609375 0.1703125
1 0.8671875 0.2234375 0.05625 0.04296875
1 0.34296875 0.9140625 0.26015625 0.171875
1 0.08671875 0.48359375 0.1375 0.10390625
1 0.859375 0.19296875 0.06796875 0.03671875
1 0.73046875 0.88984375 0.19609375 0.16328125