1 0.20390625 0.04609375 0.025 0.03125
1 0.24609375 0.04375 0.025 0.03359375
3 0.42890625 0.45078125 0.28984375 0.43515625
1 0.928125 0.81328125 0.14375 0.2265625
2 0.30078125 0.0609375 0.03828125 0.0390625
1 0.24375 0.0859375 0.034375 0.03515625
1 0.27578125 0.078125 0.03515625 0.0390625
1 0.35390625 0.1109375 0.04453125 0.05390625
1 0.4359375 0.11328125 0.04609375 0.05
1 0.50859375 0.13515625 0.05546875 0.0515625
1 0.159375 0.196875 0.04765625 0.0609375
1 0.22890625 0.17578125 0.04921875 0.059375
1 0.090625 0.2203125 0.046875 0.071875
1 0.47421875 0.10390625 0.046875 0.04609375
1 0.14609375 0.1046875 0.03828125 0.05390625
1 0.52109375 0.2296875 0.07109375 0.059375
1 0.6125 0.2234375 0.078125 0.0703125
1 0.69765625 0.2109375 0.07734375 0.078125
2 0.08046875 0.09609375 0.02890625 0.05390625
1 0.01953125 0.1109375 0.03671875 0.03671875
1 0.0171875 0.14375 0.03203125 0.05546875
1 0.01328125 0.2265625 0.025 0.06640625
2 0.82578125 0.303125 0.140625 0.1515625
1 0.86953125 0.42109375 0.13203125 0.09609375