1 0.41328125 0.515625 0.05078125 0.06875
1 0.46328125 0.50703125 0.05078125 0.06640625
1 0.35625 0.56953125 0.05234375 0.08515625
1 0.4609375 0.6890625 0.08046875 0.11875
3 0.27890625 0.8171875 0.3734375 0.365625
1 0.60546875 0.82109375 0.08828125 0.1609375
1 0.58984375 0.6234375 0.05546875 0.09453125
1 0.42890625 0.55546875 0.06015625 0.06484375
1 0.59765625 0.54453125 0.04453125 0.06875
3 0.48046875 0.53828125 0.125 0.16875
1 0.65859375 0.503125 0.04375 0.071875
1 0.59765625 0.465625 0.05 0.0484375
1 0.64296875 0.45 0.0375 0.04296875
1 0.60546875 0.4484375 0.0375 0.040625
1 0.68125 0.42109375 0.03046875 0.0390625