1 0.53515625 0.86171875 0.22421875 0.27578125
1 0.67890625 0.753125 0.19765625 0.25
1 0.72578125 0.59296875 0.16953125 0.190625
1 0.39453125 0.13203125 0.04375 0.05
1 0.46875 0.12421875 0.05078125 0.05390625
1 0.36953125 0.15 0.05 0.0515625
1 0.28828125 0.32109375 0.06953125 0.10390625
1 0.14765625 0.31171875 0.05703125 0.09296875
1 0.54921875 0.1953125 0.06640625 0.0703125
1 0.2171875 0.23828125 0.053125 0.07578125
1 0.62734375 0.18671875 0.075 0.07421875
1 0.57265625 0.25 0.075 0.06640625
2 0.26796875 0.184375 0.046875 0.08359375
1 0.8109375 0.2109375 0.0875 0.07578125
1 0.91953125 0.29375 0.10546875 0.0984375