1 0.06953125 0.325 0.08984375 0.0609375
1 0.21640625 0.33046875 0.08828125 0.0609375
1 0.1953125 0.3203125 0.06875 0.06328125
1 0.32109375 0.31171875 0.09375 0.06328125
1 0.47578125 0.31875 0.08515625 0.0609375
1 0.01796875 0.34140625 0.034375 0.059375
1 0.48828125 0.33515625 0.096875 0.06484375
1 0.04609375 0.36171875 0.08984375 0.06484375
1 0.45234375 0.3859375 0.128125 0.078125
1 0.96796875 0.4953125 0.06328125 0.09453125
1 0.66875 0.871875 0.28828125 0.20703125
1 0.80703125 0.36171875 0.1 0.05703125
1 0.85234375 0.38828125 0.10390625 0.078125
2 0.8109375 0.29140625 0.03515625 0.06484375