2 0.8484375 0.38125 0.13125 0.13671875
2 0.96328125 0.45625 0.07265625 0.11875
1 0.60703125 0.29375 0.0625 0.06484375
3 0.54609375 0.215625 0.13359375 0.121875
1 0.73125 0.26796875 0.05703125 0.0484375
1 0.70703125 0.240625 0.05703125 0.0515625
1 0.8046875 0.23046875 0.046875 0.05546875
1 0.40859375 0.31484375 0.078125 0.0609375
1 0.30703125 0.209375 0.065625 0.04609375
1 0.29375 0.37421875 0.09375 0.0703125
3 0.49921875 0.8359375 0.971875 0.328125
1 0.87265625 0.20859375 0.0625 0.04296875
1 0.34453125 0.39453125 0.09375 0.08125
1 0.08515625 0.475 0.13515625 0.1
1 0.20234375 0.74140625 0.19609375 0.14609375