1 0.903125 0.7703125 0.19375 0.25390625
2 0.26171875 0.04921875 0.02421875 0.03359375
1 0.2484375 0.06171875 0.03359375 0.040625
1 0.29296875 0.08828125 0.03359375 0.03671875
1 0.22421875 0.08046875 0.02734375 0.03359375
1 0.13984375 0.3203125 0.06640625 0.09609375
1 0.36484375 0.31015625 0.075 0.1
1 0.359375 0.121875 0.04375 0.04609375
1 0.41015625 0.11328125 0.04375 0.04609375
1 0.37578125 0.14921875 0.05390625 0.04609375
1 0.43671875 0.19375 0.059375 0.05390625
1 0.13203125 0.15703125 0.040625 0.05390625
2 0.05234375 0.14140625 0.034375 0.06484375
2 0.56796875 0.16796875 0.071875 0.078125
1 0.6546875 0.17109375 0.06875 0.06640625
1 0.07890625 0.096875 0.03046875 0.0390625
2 0.82109375 0.2734375 0.11953125 0.1015625
1 0.05390625 0.08203125 0.028125 0.03359375
2 0.9765625 0.28828125 0.046875 0.0984375
1 0.9765625 0.43125 0.046875 0.078125