1 0.65078125 0.49296875 0.10546875 0.17578125
1 0.7546875 0.05078125 0.028125 0.04453125
2 0.6328125 0.29296875 0.06171875 0.1296875
1 0.7765625 0.06640625 0.03203125 0.04453125
1 0.6296875 0.19375 0.04765625 0.071875
1 0.81640625 0.06015625 0.0375 0.04609375
1 0.71640625 0.06796875 0.034375 0.05
1 0.53515625 0.10078125 0.03125 0.05703125
2 0.6 0.10078125 0.03671875 0.07578125
1 0.70390625 0.18125 0.05078125 0.08515625
2 0.8359375 0.11875 0.05390625 0.08671875
1 0.5296875 0.2296875 0.059375 0.08359375
1 0.5765625 0.075 0.02578125 0.05390625
1 0.91171875 0.2015625 0.07421875 0.08671875
1 0.64921875 0.06640625 0.034375 0.05703125
3 0.459375 0.47890625 0.17734375 0.4703125