1 0.20234375 0.60859375 0.06328125 0.121875
3 0.2984375 0.58828125 0.16796875 0.36640625
3 0.1203125 0.53046875 0.23828125 0.38359375
3 0.3796875 0.38359375 0.10234375 0.20390625
0 0.46796875 0.29296875 0.04453125 0.11328125
1 0.29453125 0.42421875 0.05546875 0.08359375
1 0.43828125 0.24140625 0.02734375 0.04296875
1 0.74609375 0.53984375 0.096875 0.1015625
1 0.88984375 0.484375 0.09609375 0.09453125
1 0.88984375 0.5765625 0.10390625 0.1109375
1 0.92421875 0.73359375 0.12421875 0.16484375
1 0.37109375 0.20703125 0.02734375 0.03359375