1 0.090625 0.46640625 0.14375 0.1
1 0.12890625 0.51328125 0.14921875 0.09453125
1 0.24609375 0.396875 0.10625 0.08125
1 0.28203125 0.4359375 0.109375 0.07578125
1 0.36015625 0.34296875 0.08046875 0.07421875
1 0.38203125 0.37421875 0.09375 0.078125
1 0.39765625 0.2953125 0.06328125 0.05390625
1 0.44765625 0.303125 0.06796875 0.06328125
1 0.4640625 0.33125 0.075 0.06484375
1 0.459375 0.26484375 0.05859375 0.05390625
1 0.50703125 0.26328125 0.05859375 0.05546875
1 0.52109375 0.29296875 0.06484375 0.05703125
1 0.52109375 0.2390625 0.053125 0.05390625
1 0.5703125 0.23203125 0.05390625 0.05546875
1 0.57578125 0.2609375 0.05625 0.059375
1 0.61796875 0.24140625 0.05078125 0.05390625
1 0.40546875 0.559375 0.11015625 0.128125
1 0.58203125 0.4734375 0.08828125 0.11640625
1 0.753125 0.27578125 0.06171875 0.07578125