1 0.56484375 0.98125 0.090625 0.03671875
1 0.5546875 0.734375 0.08359375 0.16328125
1 0.41015625 0.778125 0.090625 0.18125
1 0.44296875 0.59921875 0.08125 0.15703125
1 0.25703125 0.8390625 0.11640625 0.209375
1 0.31171875 0.65390625 0.08515625 0.140625
1 0.165625 0.734375 0.11171875 0.16328125
1 0.35546875 0.525 0.06328125 0.10390625
1 0.25 0.56328125 0.071875 0.109375
1 0.38828125 0.44921875 0.05078125 0.078125
1 0.30390625 0.46171875 0.05625 0.08359375
1 0.39453125 0.3859375 0.04375 0.06328125
1 0.33359375 0.38203125 0.040625 0.06640625
1 0.35546875 0.34921875 0.03828125 0.059375
1 0.37265625 0.31953125 0.03203125 0.05390625
3 0.41640625 0.30078125 0.06328125 0.13125
3 0.025 0.73671875 0.04765625 0.2703125
3 0.1359375 0.5046875 0.18828125 0.26484375
3 0.27109375 0.33046875 0.090625 0.14609375
3 0.3453125 0.2546875 0.08125 0.11640625
3 0.4265625 0.24609375 0.04140625 0.07578125
1 0.9515625 0.31953125 0.06796875 0.0484375
0 0.4359375 0.228125 0.05859375 0.071875
1 0.73828125 0.36796875 0.06171875 0.06484375
1 0.91953125 0.5203125 0.103125 0.09453125