2 0.625 0.1796875 0.03203125 0.059375
1 0.20078125 0.7265625 0.115625 0.18125
1 0.72421875 0.1734375 0.03125 0.040625
2 0.21640625 0.4453125 0.08515625 0.14453125
1 0.6359375 0.24921875 0.03828125 0.05546875
2 0.69140625 0.20703125 0.040625 0.0703125
2 0.3953125 0.33359375 0.04921875 0.0984375
2 0.36796875 0.25546875 0.03671875 0.06484375
1 0.31796875 0.24375 0.0375 0.05390625
1 0.775 0.38359375 0.06328125 0.09453125
1 0.446875 0.2515625 0.03515625 0.0609375
1 0.4125 0.2015625 0.03203125 0.0484375
1 0.87421875 0.33671875 0.0625 0.09296875
2 0.3640625 0.1953125 0.03046875 0.059375
1 0.4609375 0.19609375 0.03359375 0.05
1 0.73046875 0.67578125 0.096875 0.16640625