1 0.32265625 0.81328125 0.16875 0.29296875
2 0.4421875 0.3703125 0.08671875 0.18125
1 0.63359375 0.45625 0.08671875 0.16328125
1 0.77265625 0.096875 0.03671875 0.05546875
1 0.52578125 0.178125 0.0625 0.0703125
1 0.74140625 0.13984375 0.04609375 0.071875
1 0.60390625 0.15 0.03984375 0.0703125
1 0.58515625 0.1234375 0.03671875 0.05703125
1 0.65859375 0.17578125 0.04375 0.07421875
1 0.803125 0.25 0.06796875 0.090625
1 0.646875 0.09921875 0.03203125 0.05390625
3 0.48828125 0.1265625 0.12890625 0.15703125