1 0.41640625 0.77109375 0.10859375 0.23359375
1 0.20078125 0.946875 0.12890625 0.10546875
1 0.28984375 0.7140625 0.09609375 0.1609375
1 0.0359375 0.9609375 0.06953125 0.078125
1 0.33984375 0.5484375 0.06796875 0.10546875
1 0.19921875 0.63984375 0.09140625 0.1296875
1 0.27109375 0.48984375 0.065625 0.09609375
1 0.33203125 0.375 0.03515625 0.06875
3 0.38828125 0.36953125 0.08671875 0.18359375
3 0.09921875 0.58203125 0.196875 0.34296875
3 0.27421875 0.31875 0.115625 0.18671875
3 0.4140625 0.28125 0.06171875 0.12578125
0 0.44609375 0.23359375 0.03671875 0.08671875
1 0.359375 0.26171875 0.03359375 0.04609375
1 0.44921875 0.2203125 0.025 0.0390625