1 0.24765625 0.95625 0.17734375 0.08671875
2 0.41328125 0.43515625 0.10234375 0.21484375
1 0.61953125 0.61171875 0.10859375 0.23671875
1 0.7625 0.07890625 0.03515625 0.05546875
1 0.51328125 0.18359375 0.065625 0.071875
1 0.73359375 0.1140625 0.04140625 0.06640625
1 0.60078125 0.15703125 0.04296875 0.07578125
1 0.58828125 0.12578125 0.0375 0.0609375
1 0.65859375 0.20078125 0.04921875 0.08359375
1 0.7796875 0.20078125 0.05625 0.08359375
1 0.64765625 0.10625 0.03203125 0.0609375
1 0.9546875 0.3234375 0.090625 0.121875
3 0.48984375 0.1203125 0.12578125 0.1515625