0 0.66484375 0.27109375 0.07421875 0.10703125
1 0.47265625 0.159375 0.03359375 0.040625
1 0.43203125 0.16484375 0.03359375 0.0390625
1 0.4515625 0.1453125 0.03046875 0.03671875
1 0.49140625 0.14140625 0.03125 0.0390625
1 0.4703125 0.13125 0.03046875 0.03359375
2 0.40078125 0.16015625 0.03515625 0.05
1 0.5953125 0.13203125 0.02890625 0.03125
2 0.36953125 0.178125 0.03203125 0.05546875
1 0.63359375 0.13984375 0.03359375 0.03515625
1 0.59453125 0.16484375 0.040625 0.040625
1 0.53515625 0.16015625 0.04375 0.0390625
1 0.0359375 0.3 0.06953125 0.06640625
1 0.5171875 0.21171875 0.05625 0.05
1 0.19921875 0.22109375 0.06015625 0.0484375
1 0.4296875 0.13828125 0.034375 0.03671875
1 0.47578125 0.2609375 0.06796875 0.059375
3 0.29375 0.15 0.15859375 0.10703125
1 0.40234375 0.140625 0.034375 0.03359375
1 0.11328125 0.40546875 0.10859375 0.08125
1 0.12578125 0.4734375 0.11953125 0.1