1 0.28203125 0.91953125 0.15390625 0.1609375
1 0.6328125 0.225 0.034375 0.05546875
1 0.43671875 0.50078125 0.07265625 0.128125
1 0.29609375 0.51796875 0.08984375 0.121875
1 0.77734375 0.23671875 0.04296875 0.05703125
1 0.75078125 0.32890625 0.05625 0.06875
0 0.840625 0.20546875 0.05234375 0.08515625
1 0.43828125 0.2484375 0.04140625 0.059375
1 0.69140625 0.42578125 0.06328125 0.0984375
1 0.87734375 0.37421875 0.06484375 0.08515625
1 0.75546875 0.65625 0.11171875 0.190625
1 0.5171875 0.1953125 0.03359375 0.05703125