1 0.37109375 0.43203125 0.109375 0.14296875
1 0.25859375 0.065625 0.03046875 0.03671875
1 0.28359375 0.21796875 0.06171875 0.07421875
1 0.28046875 0.1 0.04609375 0.04296875
1 0.40625 0.1015625 0.04375 0.04296875
2 0.15390625 0.15859375 0.04609375 0.0796875
1 0.17890625 0.13203125 0.0375 0.0484375
1 0.10078125 0.57421875 0.10859375 0.19609375
1 0.08515625 0.21015625 0.05703125 0.0890625
1 0.56953125 0.1390625 0.06015625 0.05
1 0.603125 0.17890625 0.075 0.07578125
1 0.52109375 0.221875 0.08671875 0.07421875
1 0.046875 0.12421875 0.03203125 0.04453125
1 0.09140625 0.1015625 0.03125 0.04453125
2 0.77265625 0.19609375 0.09453125 0.08671875
1 0.79921875 0.25078125 0.08671875 0.109375
1 0.7421875 0.29453125 0.10625 0.0890625
1 0.05078125 0.08984375 0.02578125 0.04296875
1 0.10546875 0.06484375 0.03046875 0.0390625