1 0.696875 0.05703125 0.02265625 0.03671875
1 0.746875 0.05625 0.02421875 0.02421875
1 0.71328125 0.07421875 0.02734375 0.04453125
1 0.67890625 0.2203125 0.05078125 0.08359375
1 0.56640625 0.1203125 0.03046875 0.05390625
1 0.575 0.24296875 0.046875 0.0890625
1 0.7484375 0.09140625 0.02890625 0.04609375
1 0.76640625 0.11640625 0.03671875 0.05703125
1 0.79453125 0.09609375 0.03203125 0.0484375
1 0.88671875 0.08984375 0.01640625 0.04296875
1 0.81796875 0.14609375 0.046875 0.07421875
1 0.85234375 0.26875 0.075 0.109375
1 0.88828125 0.21796875 0.06171875 0.08359375
1 0.56796875 0.0796875 0.02421875 0.0296875
1 0.5671875 0.04453125 0.01796875 0.03125
1 0.5984375 0.034375 0.01875 0.03125