1 0.41953125 0.8859375 0.17890625 0.228125
1 0.53203125 0.4703125 0.08359375 0.14296875
1 0.41015625 0.49296875 0.084375 0.13515625
1 0.68828125 0.76328125 0.13125 0.2890625
1 0.56171875 0.3203125 0.05546875 0.0890625
1 0.65 0.35546875 0.059375 0.1015625
1 0.57890625 0.2359375 0.04921875 0.071875
1 0.878125 0.29609375 0.06875 0.090625
1 0.59765625 0.18515625 0.03671875 0.05390625
1 0.6515625 0.19921875 0.034375 0.06328125
1 0.59921875 0.15546875 0.02890625 0.04296875
3 0.49296875 0.18828125 0.128125 0.15703125