1 0.84375 0.90234375 0.234375 0.1953125
2 0.80546875 0.60703125 0.17890625 0.26328125
1 0.4453125 0.09296875 0.03828125 0.04453125
1 0.46015625 0.11875 0.04296875 0.0484375
1 0.340625 0.128125 0.04453125 0.05
1 0.43359375 0.14296875 0.04921875 0.05390625
1 0.5234375 0.11953125 0.04765625 0.05390625
1 0.10546875 0.5109375 0.090625 0.16640625
1 0.18203125 0.328125 0.0625 0.109375
1 0.54609375 0.1546875 0.05703125 0.06328125
1 0.45546875 0.19453125 0.05390625 0.05703125
1 0.24140625 0.2515625 0.06796875 0.1015625
1 0.16640625 0.18203125 0.04609375 0.06484375
1 0.225 0.15546875 0.04453125 0.059375
1 0.77890625 0.35 0.11953125 0.10703125