1 0.07109375 0.6390625 0.11015625 0.18515625
2 0.62265625 0.1640625 0.03125 0.05546875
1 0.35234375 0.81015625 0.13046875 0.24453125
1 0.15 0.8890625 0.15 0.221875
1 0.20703125 0.42578125 0.075 0.1
1 0.6734375 0.16875 0.02578125 0.04296875
1 0.7296875 0.175 0.03125 0.0484375
1 0.4578125 0.39453125 0.06484375 0.128125
2 0.69609375 0.22421875 0.0375 0.06875
1 0.39765625 0.3234375 0.04765625 0.078125
1 0.7625 0.3640625 0.0625 0.08125
1 0.49296875 0.27578125 0.03828125 0.06640625
2 0.45625 0.21015625 0.034375 0.06640625
1 0.71171875 0.521875 0.07890625 0.11484375
1 0.4046875 0.19609375 0.03203125 0.0484375
1 0.9234375 0.5640625 0.10859375 0.15
2 0.98203125 0.39140625 0.03515625 0.10703125