0 0.5921875 0.64609375 0.29375 0.259375
3 0.76953125 0.11953125 0.253125 0.10703125
1 0.71484375 0.178125 0.06953125 0.059375
1 0.12265625 0.440625 0.13671875 0.11484375
1 0.13671875 0.38125 0.12890625 0.1
1 0.32421875 0.2953125 0.11328125 0.11640625
1 0.36015625 0.365625 0.13125 0.090625
1 0.325 0.44921875 0.14921875 0.12421875
1 0.62890625 0.14296875 0.08125 0.04453125
1 0.55859375 0.16484375 0.07890625 0.05703125
1 0.521875 0.196875 0.0875 0.059375
1 0.534375 0.259375 0.11875 0.071875
1 0.521875 0.31328125 0.121875 0.09296875
1 0.58359375 0.3640625 0.13046875 0.11640625
1 0.48828125 0.15078125 0.07421875 0.05703125
1 0.3703125 0.19375 0.09375 0.059375
2 0.73359375 0.19921875 0.10078125 0.08125
1 0.72578125 0.26796875 0.10546875 0.07578125
1 0.3390625 0.17421875 0.08359375 0.06484375
1 0.84921875 0.296875 0.10625 0.0890625
3 0.91328125 0.140625 0.17265625 0.1109375
3 0.925 0.16953125 0.15 0.1390625
1 0.16953125 0.19609375 0.090625 0.05390625
1 0.06796875 0.29921875 0.13359375 0.0890625
1 0.953125 0.23828125 0.09375 0.071875
1 0.09375 0.23046875 0.09453125 0.05703125