3 0.0734375 0.36484375 0.14453125 0.1484375
1 0.14453125 0.43359375 0.07734375 0.090625
3 0.39453125 0.559375 0.43203125 0.421875
3 0.928125 0.8265625 0.14375 0.34609375
3 0.2953125 0.321875 0.16015625 0.13359375
1 0.44609375 0.4015625 0.09453125 0.08671875
1 0.59296875 0.453125 0.128125 0.109375
1 0.7734375 0.51171875 0.153125 0.1296875
3 0.915625 0.44453125 0.16875 0.2171875
1 0.675 0.42421875 0.13203125 0.1015625
1 0.50703125 0.37421875 0.0875 0.08125
3 0.3796875 0.30546875 0.171875 0.13671875
1 0.36171875 0.73046875 0.15859375 0.19609375
1 0.60078125 0.31015625 0.084375 0.07578125
1 0.953125 0.58203125 0.09375 0.11484375