1 0.65078125 0.27421875 0.03828125 0.059375
1 0.6484375 0.38359375 0.05546875 0.08671875
3 0.7859375 0.30859375 0.14375 0.18515625
1 0.3015625 0.31796875 0.05390625 0.08359375
1 0.3875 0.27421875 0.03828125 0.06484375
1 0.35390625 0.24375 0.0375 0.0609375
3 0.3125 0.2015625 0.075 0.12578125
1 0.85546875 0.49609375 0.08828125 0.1203125
1 0.73515625 0.69140625 0.08984375 0.1703125
1 0.43828125 0.9265625 0.09453125 0.14609375
1 0.49453125 0.19609375 0.02734375 0.04453125
1 0.95 0.87734375 0.096875 0.2453125