1 0.396875 0.321875 0.08671875 0.07421875
1 0.60859375 0.25625 0.05234375 0.0515625
1 0.478125 0.28828125 0.065625 0.06328125
1 0.66953125 0.2 0.03046875 0.03671875
1 0.55546875 0.2484375 0.04765625 0.05
1 0.521875 0.240625 0.04609375 0.0484375
1 0.59453125 0.22421875 0.03828125 0.05
1 0.56171875 0.20859375 0.03125 0.040625
1 0.26796875 0.38984375 0.10078125 0.078125
1 0.49296875 0.32421875 0.075 0.0703125
1 0.45078125 0.625 0.121875 0.16328125
1 0.08359375 0.484375 0.13046875 0.0984375
1 0.73125 0.30703125 0.05546875 0.06875
1 0.809375 0.25625 0.05 0.05546875
2 0.88046875 0.21015625 0.065625 0.06484375