1 0.43828125 0.790625 0.09453125 0.22578125
1 0.50234375 0.20859375 0.03125 0.0515625
2 0.28515625 0.82109375 0.11796875 0.23515625
1 0.4671875 0.21328125 0.03125 0.05546875
2 0.434375 0.209375 0.03515625 0.0609375
1 0.40625 0.228125 0.03359375 0.05703125
1 0.14296875 0.484375 0.09609375 0.11484375
3 0.59296875 0.1734375 0.03984375 0.0796875
1 0.6671875 0.19375 0.03671875 0.05546875
1 0.27734375 0.33828125 0.05625 0.08125
1 0.65859375 0.234375 0.03671875 0.05546875
1 0.61953125 0.26640625 0.03515625 0.05703125
1 0.3390625 0.2546875 0.040625 0.05546875
1 0.25546875 0.303125 0.05390625 0.06328125
1 0.7375 0.37578125 0.06328125 0.0890625
1 0.32578125 0.22890625 0.0375 0.0484375
1 0.71171875 0.58671875 0.09140625 0.15