1 0.4859375 0.37421875 0.07578125 0.15
1 0.52109375 0.63671875 0.11796875 0.26875
1 0.60859375 0.096875 0.04765625 0.06640625
1 0.9578125 0.2796875 0.084375 0.128125
1 0.64921875 0.17421875 0.05546875 0.08125
1 0.70625 0.11171875 0.05234375 0.0703125
1 0.53671875 0.0859375 0.03359375 0.05546875
1 0.134375 0.259375 0.07890625 0.1109375
1 0.05546875 0.53203125 0.109375 0.21875
1 0.134375 0.803125 0.19609375 0.33671875
1 0.56328125 0.184375 0.05625 0.08671875
1 0.69375 0.2734375 0.08671875 0.11640625
1 0.490625 0.91796875 0.15625 0.1640625
1 0.28359375 0.28359375 0.078125 0.128125
1 0.23359375 0.23125 0.0625 0.08515625
1 0.79609375 0.24609375 0.096875 0.128125
1 0.20625 0.14375 0.046875 0.0609375
1 0.79296875 0.53828125 0.15625 0.228125
1 0.37265625 0.15546875 0.04453125 0.08359375
1 0.27578125 0.12890625 0.046875 0.059375
1 0.928125 0.52109375 0.14375 0.21328125
1 0.759375 0.87734375 0.209375 0.2453125
1 0.19453125 0.0953125 0.0375 0.04453125