1 0.471875 0.159375 0.05234375 0.07421875
1 0.5375 0.09296875 0.04375 0.06640625
1 0.65078125 0.16015625 0.053125 0.078125
1 0.57265625 0.16953125 0.05 0.08359375
1 0.14765625 0.56484375 0.15546875 0.25546875
1 0.22578125 0.27421875 0.078125 0.11640625
1 0.6796875 0.25625 0.078125 0.1
1 0.61015625 0.3390625 0.08515625 0.14296875
1 0.37109375 0.15 0.046875 0.0796875
1 0.80703125 0.565625 0.15625 0.228125
3 0.915625 0.49375 0.16875 0.525
1 0.7453125 0.87421875 0.18515625 0.2515625
3 0.27421875 0.1015625 0.10234375 0.1484375
3 0.075 0.36015625 0.14765625 0.359375