1 0.18671875 0.62890625 0.15078125 0.17578125
3 0.54453125 0.20859375 0.134375 0.13359375
1 0.4625 0.475 0.10859375 0.128125
1 0.41484375 0.41484375 0.09765625 0.1015625
1 0.57109375 0.375 0.08125 0.08125
1 0.43046875 0.28828125 0.06640625 0.06328125
1 0.3515625 0.33125 0.08828125 0.07578125
1 0.55078125 0.3140625 0.08125 0.0703125
1 0.63203125 0.2234375 0.04609375 0.05546875
1 0.23828125 0.390625 0.11171875 0.0890625
1 0.103125 0.4484375 0.134375 0.1
1 0.19140625 0.884375 0.20546875 0.23125
1 0.62578125 0.26328125 0.06484375 0.059375
2 0.58125 0.24140625 0.06640625 0.071875
1 0.603125 0.43359375 0.09375 0.10546875
1 0.67734375 0.346875 0.06640625 0.09453125
2 0.52421875 0.27421875 0.06015625 0.0703125
1 0.6421875 0.31015625 0.06796875 0.0796875
1 0.74921875 0.29609375 0.06171875 0.071875
2 0.85 0.63984375 0.16640625 0.16875
2 0.7015625 0.246875 0.08828125 0.1015625
1 0.92265625 0.7984375 0.15390625 0.19609375
1 0.60625 0.71796875 0.234375 0.171875
1 0.77109375 0.23203125 0.04921875 0.05390625
1 0.8015625 0.2515625 0.05703125 0.0609375
1 0.14921875 0.48359375 0.12734375 0.10703125
1 0.87265625 0.2203125 0.05078125 0.0515625