1 0.62890625 0.1796875 0.03125 0.0515625
2 0.69140625 0.19296875 0.034375 0.05703125
1 0.73515625 0.17890625 0.02890625 0.040625
1 0.64296875 0.246875 0.03671875 0.05546875
2 0.0671875 0.66640625 0.10390625 0.22578125
1 0.6703125 0.3390625 0.05 0.08359375
1 0.775 0.22890625 0.03828125 0.0515625
1 0.453125 0.4140625 0.06171875 0.1015625
2 0.41953125 0.278125 0.05625 0.128125
1 0.80234375 0.35625 0.06015625 0.078125
1 0.75859375 0.4546875 0.0625 0.11328125
1 0.85390625 0.2546875 0.046875 0.06328125
1 0.3734375 0.26328125 0.04140625 0.05703125
1 0.52421875 0.2 0.03046875 0.040625