2 0.68828125 0.309375 0.08984375 0.1109375
2 0.80390625 0.3796875 0.10546875 0.1296875
1 0.98515625 0.46953125 0.02890625 0.09296875
1 0.67734375 0.25625 0.05234375 0.05703125
3 0.5421875 0.225 0.13046875 0.14296875
1 0.7390625 0.259375 0.06015625 0.05
1 0.746875 0.22578125 0.05546875 0.04453125
1 0.19453125 0.221875 0.065625 0.0390625
1 0.86953125 0.76640625 0.26015625 0.16875
1 0.82734375 0.21875 0.05390625 0.05
1 0.8578125 0.91484375 0.25703125 0.1703125
1 0.35703125 0.34921875 0.0875 0.071875
1 0.45078125 0.203125 0.05390625 0.04296875
1 0.19140625 0.43125 0.11796875 0.0890625
3 0.24765625 0.83515625 0.49296875 0.3296875
1 0.90390625 0.20703125 0.06484375 0.04609375
1 0.09921875 0.51328125 0.13125 0.11484375