1 0.321875 0.2765625 0.090625 0.15703125
3 0.896875 0.1703125 0.20625 0.33671875
1 0.23203125 0.21796875 0.10390625 0.15703125
1 0.35546875 0.0515625 0.05703125 0.1
1 0.38046875 0.1796875 0.08046875 0.12578125
1 0.428125 0.5453125 0.13828125 0.29453125
2 0.67265625 0.015625 0.04609375 0.028125
1 0.49296875 0.13359375 0.06953125 0.11875
0 0.45078125 0.04296875 0.06796875 0.08125
1 0.34921875 0.01015625 0.07578125 0.01640625
1 0.75546875 0.2296875 0.09609375 0.13359375
3 0.98359375 0.30546875 0.03203125 0.31640625
1 0.946875 0.73828125 0.10625 0.3140625