1 0.67578125 0.17421875 0.03046875 0.0390625
1 0.2390625 0.465625 0.08046875 0.10703125
1 0.240625 0.68203125 0.11640625 0.1796875
2 0.6453125 0.2609375 0.03515625 0.07421875
1 0.72421875 0.25546875 0.04375 0.05703125
1 0.76484375 0.22421875 0.0375 0.05390625
2 0.3859375 0.340625 0.06796875 0.1515625
1 0.74375 0.31484375 0.05 0.071875
1 0.81640625 0.21328125 0.040625 0.0515625
1 0.82890625 0.30859375 0.05234375 0.0703125
1 0.68203125 0.46171875 0.06875 0.121875
1 0.5015625 0.25625 0.040625 0.07421875
1 0.453125 0.2515625 0.0375 0.0609375
1 0.38359375 0.240625 0.040625 0.05546875
1 0.46484375 0.22109375 0.03125 0.04296875
1 0.42578125 0.1953125 0.02890625 0.0484375
1 0.39453125 0.18203125 0.02890625 0.040625
1 0.90703125 0.30859375 0.06015625 0.0703125
1 0.53203125 0.18828125 0.028125 0.04296875
1 0.45703125 0.40546875 0.06328125 0.10390625