2 0.86015625 0.3859375 0.13125 0.13671875
2 0.96875 0.459375 0.0625 0.11875
1 0.60390625 0.29609375 0.0625 0.0609375
3 0.54609375 0.21640625 0.13828125 0.12578125
1 0.72890625 0.265625 0.05546875 0.05
1 0.703125 0.24296875 0.06171875 0.0515625
1 0.80390625 0.2296875 0.04609375 0.05
1 0.40859375 0.31796875 0.08125 0.06328125
1 0.30390625 0.20859375 0.06484375 0.04296875
1 0.29453125 0.37109375 0.08515625 0.06875
3 0.51796875 0.83046875 0.96328125 0.3390625
1 0.86640625 0.20859375 0.06328125 0.04453125
1 0.3515625 0.384375 0.08828125 0.07421875
1 0.10078125 0.471875 0.13125 0.1015625
1 0.21875 0.7390625 0.19296875 0.140625