0 0.66796875 0.2796875 0.075 0.10546875
1 0.54296875 0.51328125 0.12109375 0.14296875
1 0.41015625 0.31875 0.046875 0.078125
1 0.4234375 0.190625 0.03125 0.040625
1 0.4375 0.2359375 0.0375 0.059375
1 0.45859375 0.15078125 0.03125 0.03515625
2 0.37890625 0.18671875 0.03828125 0.05390625
2 0.33984375 0.26875 0.03828125 0.0796875
1 0.41328125 0.16171875 0.03671875 0.03671875
1 0.2796875 0.22109375 0.04765625 0.04609375
2 0.34609375 0.190625 0.03359375 0.05546875
1 0.19453125 0.253125 0.05703125 0.0515625
1 0.47734375 0.1796875 0.02890625 0.0390625
1 0.084375 0.32578125 0.07734375 0.06328125
1 0.38203125 0.1515625 0.02734375 0.03359375
1 0.034375 0.39609375 0.06640625 0.07421875
1 0.43984375 0.14453125 0.02734375 0.03359375
1 0.40078125 0.13671875 0.02734375 0.03125
1 0.49765625 0.1296875 0.03203125 0.03515625
1 0.51328125 0.140625 0.03359375 0.0390625