3 0.0734375 0.36328125 0.14453125 0.14609375
1 0.16015625 0.44375 0.084375 0.09296875
3 0.60546875 0.69140625 0.67109375 0.59453125
3 0.29375 0.325 0.16171875 0.13359375
1 0.4609375 0.4046875 0.1 0.08125
1 0.6125 0.45625 0.13203125 0.10546875
1 0.84453125 0.534375 0.171875 0.13671875
1 0.9390625 0.5046875 0.121875 0.12578125
1 0.63046875 0.41171875 0.115625 0.1
3 0.40546875 0.315625 0.18046875 0.14609375
1 0.28046875 0.2796875 0.05 0.04296875
1 0.58828125 0.30546875 0.08203125 0.071875
1 0.21328125 0.60625 0.11640625 0.15