1 0.7171875 0.88515625 0.17734375 0.2296875
1 0.64453125 0.46171875 0.10234375 0.16640625
1 0.75703125 0.05390625 0.02890625 0.04609375
2 0.63046875 0.2765625 0.05859375 0.12578125
1 0.77890625 0.06875 0.03359375 0.0484375
1 0.628125 0.18515625 0.04609375 0.0703125
1 0.821875 0.0640625 0.0375 0.04609375
1 0.71953125 0.0734375 0.03515625 0.05
1 0.5359375 0.096875 0.03046875 0.05703125
2 0.59921875 0.09609375 0.03671875 0.07421875
1 0.696875 0.16796875 0.04921875 0.08125
2 0.84296875 0.125 0.05546875 0.08671875
1 0.52578125 0.225 0.0625 0.08359375
1 0.57578125 0.0734375 0.02578125 0.0515625
1 0.92265625 0.21171875 0.07734375 0.090625
1 0.646875 0.06328125 0.034375 0.05703125
3 0.46015625 0.48125 0.17734375 0.48125