3 0.47421875 0.48671875 0.075 0.24609375
3 0.6609375 0.80078125 0.24140625 0.3984375
1 0.67109375 0.4953125 0.05 0.06484375
1 0.59609375 0.42578125 0.03125 0.05
1 0.540625 0.38984375 0.025 0.0390625
2 0.55546875 0.34296875 0.01640625 0.03515625
1 0.57890625 0.39453125 0.02421875 0.03125
3 0.51484375 0.33046875 0.03359375 0.05390625
1 0.54140625 0.3359375 0.0125 0.02421875
1 0.5734375 0.340625 0.01640625 0.0296875
1 0.55859375 0.44453125 0.03203125 0.05546875
1 0.58515625 0.54453125 0.05078125 0.090625