1 0.43828125 0.79609375 0.090625 0.20390625
1 0.50078125 0.209375 0.03046875 0.040625
2 0.28203125 0.83046875 0.11796875 0.2296875
1 0.14921875 0.61796875 0.11796875 0.16875
1 0.46484375 0.21796875 0.02578125 0.05390625
3 0.10625 0.4234375 0.21015625 0.3203125
2 0.43203125 0.21171875 0.03125 0.059375
1 0.259375 0.41640625 0.06875 0.1109375
1 0.63046875 0.2265625 0.03203125 0.05
1 0.6875 0.27421875 0.04140625 0.05703125
1 0.59375 0.27109375 0.03828125 0.0609375
3 0.73515625 0.21171875 0.09375 0.1515625
1 0.30078125 0.29375 0.04765625 0.06875
1 0.35234375 0.23671875 0.034375 0.0515625
1 0.6515625 0.41484375 0.059375 0.0890625
1 0.77890625 0.4890625 0.08046875 0.1015625
3 0.321875 0.18828125 0.07421875 0.10390625
1 0.77421875 0.8859375 0.13359375 0.228125