1 0.52109375 0.33984375 0.07265625 0.090625
1 0.12421875 0.59375 0.11328125 0.18125
1 0.70078125 0.32890625 0.05 0.08125
1 0.18125 0.8625 0.184375 0.275
1 0.2671875 0.45546875 0.0875 0.15390625
3 0.16484375 0.33828125 0.16328125 0.24609375
1 0.38828125 0.49140625 0.0875 0.15390625
1 0.846875 0.44453125 0.08828125 0.11640625
1 0.6859375 0.5640625 0.09296875 0.15390625
1 0.29765625 0.365625 0.06171875 0.09296875
1 0.91171875 0.75859375 0.14296875 0.2109375
1 0.409375 0.3203125 0.05078125 0.08671875