1 0.14140625 0.44140625 0.13203125 0.08359375
1 0.12890625 0.51328125 0.14609375 0.08515625
1 0.32265625 0.35859375 0.09296875 0.071875
1 0.359375 0.3953125 0.09921875 0.071875
1 0.45390625 0.30078125 0.06796875 0.06484375
1 0.46796875 0.32890625 0.08125 0.071875
1 0.45859375 0.2734375 0.06015625 0.05546875
1 0.5171875 0.2734375 0.05390625 0.0515625
1 0.57421875 0.2734375 0.06015625 0.05546875
1 0.5109375 0.24453125 0.05390625 0.05
1 0.57109375 0.23515625 0.053125 0.0484375
1 0.63359375 0.23515625 0.04765625 0.04609375
1 0.69375 0.2140625 0.04375 0.040625
1 0.84375 0.24140625 0.05234375 0.0609375