1 0.20234375 0.3015625 0.10078125 0.08359375
3 0.10546875 0.525 0.209375 0.4203125
1 0.284375 0.36328125 0.075 0.109375
1 0.07890625 0.94453125 0.15625 0.1109375
1 0.61171875 0.18828125 0.03515625 0.059375
1 0.36875 0.63125 0.11328125 0.1984375
1 0.38515625 0.321875 0.05390625 0.09609375
1 0.24765625 0.5796875 0.11796875 0.171875
1 0.45390625 0.35078125 0.065625 0.1
1 0.34921875 0.23203125 0.05859375 0.06640625
1 0.3859375 0.1859375 0.0375 0.06328125
1 0.621875 0.45703125 0.078125 0.1296875
1 0.4484375 0.1734375 0.03125 0.05390625