1 0.97734375 0.41875 0.04453125 0.1203125
1 0.8265625 0.36484375 0.13515625 0.128125
1 0.65859375 0.31484375 0.09765625 0.08515625
1 0.48671875 0.2484375 0.06953125 0.07421875
1 0.8390625 0.93515625 0.209375 0.1296875
1 0.33515625 0.53984375 0.11875 0.15390625
2 0.38125 0.209375 0.05390625 0.05546875
1 0.71796875 0.371875 0.09765625 0.0984375
1 0.46953125 0.278125 0.06796875 0.0609375
2 0.80234375 0.76328125 0.27109375 0.33359375
1 0.57109375 0.59375 0.153125 0.17578125
3 0.37578125 0.32109375 0.18203125 0.20703125
1 0.91953125 0.56484375 0.16015625 0.20546875
1 0.57890625 0.4953125 0.1625 0.140625
1 0.33515625 0.4140625 0.08515625 0.10546875
2 0.80703125 0.58359375 0.16953125 0.20390625
1 0.95078125 0.7390625 0.09765625 0.1703125
1 0.72421875 0.4609375 0.14609375 0.13125
1 0.57109375 0.38359375 0.11328125 0.0984375
1 0.240625 0.2859375 0.04140625 0.07421875
1 0.25703125 0.34453125 0.06171875 0.07578125
1 0.47265625 0.325 0.07265625 0.09609375