1 0.53046875 0.16015625 0.05703125 0.0390625
2 0.48828125 0.1484375 0.06328125 0.05546875
1 0.43515625 0.178125 0.075 0.0484375
2 0.39453125 0.16484375 0.065625 0.05
1 0.35078125 0.2015625 0.07109375 0.0515625
1 0.29609375 0.19453125 0.06796875 0.04453125
1 0.26484375 0.21796875 0.071875 0.04296875
1 0.21171875 0.21875 0.06328125 0.03671875
1 0.10078125 0.2515625 0.08203125 0.05
0 0.66875 0.2546875 0.07109375 0.1
1 0.1453125 0.303125 0.09453125 0.07421875
1 0.73203125 0.16328125 0.0625 0.04609375
1 0.75390625 0.68359375 0.23359375 0.171875
1 0.40078125 0.68203125 0.20859375 0.15703125
1 0.11015625 0.659375 0.21875 0.1484375
1 0.9578125 0.66484375 0.084375 0.15
1 0.86171875 0.825 0.2375 0.1609375
1 0.46484375 0.8046875 0.20078125 0.14609375
3 0.63125 0.8953125 0.7375 0.209375
1 0.71796875 0.51171875 0.09375 0.178125
1 0.71640625 0.39140625 0.075 0.11484375
1 0.75078125 0.325 0.05703125 0.1
1 0.771875 0.28125 0.05234375 0.0890625
1 0.7984375 0.2296875 0.05 0.071875
1 0.8171875 0.2 0.05 0.06875
1 0.828125 0.17578125 0.040625 0.059375