1 0.68671875 0.60703125 0.13046875 0.22578125
2 0.6578125 0.35390625 0.08515625 0.1890625
1 0.59453125 0.29375 0.06796875 0.11875
1 0.62421875 0.20703125 0.06171875 0.0984375
2 0.84453125 0.4796875 0.121875 0.25390625
1 0.74609375 0.26953125 0.07265625 0.13359375
1 0.74765625 0.03203125 0.03203125 0.040625
1 0.71328125 0.19921875 0.06015625 0.0890625
1 0.60703125 0.1234375 0.04296875 0.0703125
1 0.796875 0.078125 0.040625 0.0515625
1 0.8171875 0.1265625 0.05234375 0.078125
1 0.88359375 0.10859375 0.04609375 0.0609375
1 0.6671875 0.08515625 0.03828125 0.05703125
2 0.5828125 0.06875 0.02890625 0.06484375
1 0.91953125 0.17421875 0.06796875 0.08125
1 0.60625 0.0515625 0.03046875 0.04609375
1 0.9578125 0.3765625 0.084375 0.140625
3 0.440625 0.63828125 0.259375 0.7