1 0.63359375 0.190625 0.02734375 0.04609375
2 0.69453125 0.19296875 0.025 0.059375
1 0.73046875 0.178125 0.03046875 0.0484375
1 0.29140625 0.5015625 0.07890625 0.13515625
1 0.79609375 0.1859375 0.02890625 0.04453125
1 0.65390625 0.28203125 0.04296875 0.06875
2 0.74453125 0.30625 0.05078125 0.090625
1 0.3453125 0.28671875 0.03984375 0.06875
1 0.7015625 0.4265625 0.06484375 0.09296875
1 0.85 0.29453125 0.05234375 0.078125
2 0.50390625 0.2390625 0.03125 0.07421875
1 0.45234375 0.2296875 0.03125 0.0515625
1 0.884375 0.57890625 0.10546875 0.15390625
1 0.7484375 0.75390625 0.11796875 0.20390625
1 0.96171875 0.50859375 0.07578125 0.12578125