1 0.39765625 0.52421875 0.05390625 0.06640625
1 0.45234375 0.51875 0.046875 0.078125
1 0.340625 0.57578125 0.04765625 0.0796875
1 0.41015625 0.565625 0.04921875 0.071875
1 0.5734375 0.96640625 0.09765625 0.06640625
3 0.20390625 0.82734375 0.2828125 0.3453125
1 0.5015625 0.52890625 0.05390625 0.071875
1 0.51484375 0.4640625 0.05703125 0.05546875
1 0.46796875 0.915625 0.13203125 0.16875
1 0.53828125 0.7765625 0.07734375 0.1390625
1 0.51640625 0.68828125 0.07265625 0.11875
2 0.5171875 0.5703125 0.059375 0.10546875
1 0.5671875 0.625 0.07109375 0.1
1 0.66875 0.6296875 0.06328125 0.12421875
1 0.621875 0.5640625 0.05078125 0.08359375
1 0.42890625 0.62109375 0.0875 0.0890625
1 0.62734375 0.51015625 0.04375 0.06484375
1 0.66640625 0.45625 0.03828125 0.05703125