1 0.64296875 0.19296875 0.03125 0.0484375
1 0.70859375 0.21640625 0.03671875 0.05703125
1 0.63984375 0.23984375 0.03515625 0.059375
1 0.06015625 0.68125 0.11875 0.2203125
1 0.76953125 0.22109375 0.03984375 0.059375
1 0.66171875 0.31171875 0.04609375 0.07421875
1 0.75078125 0.29609375 0.05078125 0.071875
1 0.38515625 0.3703125 0.05859375 0.090625
1 0.20390625 0.35703125 0.06171875 0.0890625
1 0.365625 0.26875 0.04453125 0.06640625
1 0.49140625 0.31953125 0.05 0.078125
1 0.83984375 0.2265625 0.040625 0.05703125
1 0.70078125 0.4296875 0.06328125 0.0984375
1 0.303125 0.24921875 0.04453125 0.0609375
1 0.44296875 0.24296875 0.04140625 0.06484375
2 0.86328125 0.52578125 0.0875 0.15703125
2 0.80078125 0.85625 0.16015625 0.24609375
1 0.9671875 0.51171875 0.065625 0.12578125