1 0.4125 0.52578125 0.04765625 0.06640625
1 0.4640625 0.52421875 0.05390625 0.078125
1 0.35625 0.578125 0.05234375 0.078125
1 0.47734375 0.74140625 0.078125 0.121875
3 0.21875 0.83125 0.43515625 0.33671875
1 0.62109375 0.7046875 0.08203125 0.12421875
1 0.42890625 0.55546875 0.06015625 0.06484375
1 0.58203125 0.58984375 0.05625 0.08125
3 0.43828125 0.565625 0.14453125 0.19453125
1 0.64921875 0.5359375 0.04765625 0.08125
1 0.54609375 0.478125 0.065625 0.05
1 0.61875 0.459375 0.04296875 0.0484375
1 0.56328125 0.45859375 0.04921875 0.04296875
1 0.64140625 0.43046875 0.03671875 0.0390625
1 0.33359375 0.54609375 0.08203125 0.06328125