1 0.48671875 0.371875 0.078125 0.15546875
1 0.53671875 0.08203125 0.03125 0.05390625
1 0.52265625 0.665625 0.12109375 0.290625
1 0.553125 0.15 0.05 0.078125
1 0.67890625 0.24375 0.075 0.109375
1 0.9578125 0.28125 0.084375 0.134375
1 0.66953125 0.10703125 0.05234375 0.071875
1 0.265625 0.3640625 0.1 0.15703125
1 0.7640625 0.44140625 0.13046875 0.18671875
1 0.18125 0.2484375 0.07421875 0.10390625
1 0.82421875 0.3046875 0.10546875 0.1390625
1 0.60078125 0.3484375 0.08671875 0.14296875
1 0.22109375 0.1359375 0.05390625 0.06640625
1 0.29296875 0.2 0.053125 0.09453125
1 0.28828125 0.1140625 0.03828125 0.06484375
1 0.36796875 0.11796875 0.04375 0.06484375
1 0.71328125 0.79921875 0.18515625 0.3609375
1 0.915625 0.840625 0.16875 0.315625
1 0.4890625 0.98125 0.13671875 0.03671875