3 0.39296875 0.48125 0.496875 0.421875
3 0.04296875 0.278125 0.08359375 0.19296875
1 0.975 0.5953125 0.05 0.159375
2 0.78671875 0.49140625 0.203125 0.23359375
1 0.54921875 0.4296875 0.16171875 0.14453125
2 0.39453125 0.36796875 0.11796875 0.15
1 0.27109375 0.34375 0.10625 0.1015625
3 0.15 0.28359375 0.18046875 0.16875
1 0.065625 0.284375 0.0625 0.0703125
1 0.9375 0.37109375 0.125 0.128125
3 0.86328125 0.24375 0.27265625 0.22421875
1 0.76484375 0.40625 0.20390625 0.15546875
1 0.353125 0.24921875 0.09140625 0.07421875
3 0.38359375 0.184375 0.26484375 0.15546875
1 0.8171875 0.19296875 0.11484375 0.1
1 0.61328125 0.1703125 0.096875 0.07421875
1 0.43515625 0.16640625 0.071875 0.0703125
1 0.33359375 0.15703125 0.06484375 0.0609375
3 0.23125 0.1234375 0.115625 0.0890625
1 0.9265625 0.171875 0.09296875 0.08359375
1 0.72890625 0.1546875 0.09140625 0.071875
1 0.56015625 0.14453125 0.08515625 0.05546875
1 0.42578125 0.13828125 0.06640625 0.06875
1 0.34921875 0.12890625 0.05234375 0.0515625