1 0.90546875 0.31875 0.146875 0.13359375
2 0.7015625 0.24453125 0.11484375 0.10703125
1 0.51796875 0.19921875 0.07265625 0.0703125
1 0.44921875 0.18046875 0.05390625 0.05703125
1 0.51015625 0.23984375 0.07109375 0.078125
2 0.8234375 0.696875 0.27265625 0.3296875
1 0.58828125 0.53671875 0.15625 0.171875
3 0.39375 0.26640625 0.18203125 0.20703125
1 0.94921875 0.50390625 0.10078125 0.17421875
1 0.64453125 0.45625 0.16484375 0.14296875
1 0.43125 0.4234375 0.1125 0.12578125
2 0.82890625 0.5203125 0.17734375 0.2015625
1 0.96171875 0.665625 0.07578125 0.1484375
1 0.8 0.4203125 0.16171875 0.128125
1 0.62578125 0.34296875 0.12265625 0.109375
1 0.29609375 0.30078125 0.06640625 0.0984375
1 0.35703125 0.35625 0.078125 0.09609375
1 0.5140625 0.28515625 0.084375 0.1015625
1 0.2984375 0.240625 0.04453125 0.05546875
1 0.25625 0.21953125 0.040625 0.0515625
1 0.24609375 0.26875 0.046875 0.06640625