1 0.9328125 0.82421875 0.134375 0.228125
1 0.59453125 0.640625 0.18046875 0.221875
1 0.215625 0.05859375 0.03203125 0.03515625
1 0.23984375 0.04375 0.03203125 0.03359375
1 0.309375 0.0359375 0.028125 0.03359375
1 0.19296875 0.37421875 0.08203125 0.121875
1 0.2859375 0.09609375 0.04453125 0.04296875
1 0.38984375 0.11484375 0.05078125 0.04609375
1 0.1875 0.21015625 0.05703125 0.071875
1 0.39453125 0.14921875 0.04609375 0.04609375
1 0.11484375 0.12578125 0.0375 0.05390625
1 0.52421875 0.22109375 0.07734375 0.06875
1 0.60546875 0.21015625 0.078125 0.078125
1 0.66328125 0.190625 0.071875 0.07421875
1 0.73125 0.18125 0.08359375 0.071875
3 0.07265625 0.0609375 0.06015625 0.11875
1 0.13046875 0.08125 0.03515625 0.04296875
2 0.9359375 0.2984375 0.128125 0.115625