1 0.05078125 0.584375 0.1 0.17578125
1 0.18515625 0.39453125 0.12109375 0.13125
1 0.95390625 0.16171875 0.03515625 0.059375
1 0.02734375 0.45625 0.053125 0.09609375
1 0.73984375 0.2046875 0.046875 0.0609375
1 0.45546875 0.3296875 0.0875 0.0984375
1 0.3859375 0.3109375 0.08671875 0.10546875
1 0.34765625 0.25078125 0.07265625 0.071875
1 0.753125 0.31640625 0.065625 0.08671875
1 0.63046875 0.3546875 0.08125 0.0984375
1 0.81328125 0.44921875 0.09140625 0.16640625
1 0.57578125 0.178125 0.04375 0.05546875