1 0.74921875 0.16796875 0.05234375 0.05546875
1 0.71796875 0.284375 0.06796875 0.09609375
2 0.615625 0.2859375 0.06484375 0.1296875
1 0.77734375 0.41953125 0.10703125 0.16484375
1 0.753125 0.82578125 0.175 0.29296875
1 0.21328125 0.80859375 0.16640625 0.278125
2 0.05078125 0.78515625 0.09921875 0.4296875
1 0.3671875 0.46015625 0.08828125 0.1515625
1 0.49375 0.49140625 0.08828125 0.16875
1 0.38203125 0.321875 0.06875 0.10390625
1 0.50703125 0.22578125 0.04609375 0.07578125
1 0.45234375 0.18828125 0.04140625 0.06875
2 0.5140625 0.1640625 0.040625 0.0796875
1 0.42265625 0.15 0.03203125 0.05
1 0.44296875 0.11640625 0.03125 0.05390625
2 0.5234375 0.10390625 0.02734375 0.05390625