1 0.4734375 0.20546875 0.053125 0.08671875
1 0.52578125 0.41484375 0.08671875 0.15546875
1 0.55703125 0.175 0.04921875 0.09453125
1 0.63671875 0.27421875 0.06484375 0.11640625
1 0.64609375 0.15703125 0.04453125 0.0796875
1 0.58984375 0.1265625 0.03984375 0.06484375
1 0.853125 0.178125 0.06328125 0.08359375
1 0.81796875 0.271875 0.07734375 0.10703125
1 0.6484375 0.10703125 0.0375 0.06328125
2 0.59765625 0.07109375 0.03828125 0.07421875
2 0.93203125 0.2609375 0.09453125 0.15
1 0.421875 0.1765625 0.07421875 0.0703125
1 0.9703125 0.50625 0.059375 0.18125
3 0.490625 0.10078125 0.12734375 0.159375