1 0.33359375 0.23125 0.046875 0.07578125
1 0.63515625 0.12578125 0.02734375 0.0515625
1 0.57734375 0.090625 0.02265625 0.03515625
1 0.684375 0.15 0.03203125 0.05703125
1 0.6734375 0.19453125 0.04921875 0.07421875
1 0.35078125 0.490625 0.08671875 0.14453125
1 0.25703125 0.4515625 0.09296875 0.1203125
1 0.50546875 0.225 0.04140625 0.08125
1 0.7421875 0.22578125 0.05546875 0.0796875
1 0.43203125 0.21953125 0.04453125 0.07578125
1 0.48046875 0.13046875 0.02890625 0.0484375
1 0.52578125 0.1640625 0.03671875 0.0515625
1 0.75390625 0.38828125 0.08515625 0.121875
1 0.925 0.45546875 0.10625 0.14296875
1 0.509375 0.11875 0.02578125 0.0390625
1 0.46328125 0.1046875 0.02265625 0.040625
3 0.6765625 0.0953125 0.05390625 0.0890625