1 0.07734375 0.36796875 0.0875 0.0890625
2 0.9265625 0.5328125 0.146875 0.234375
1 0.58515625 0.44140625 0.17109375 0.15390625
2 0.38984375 0.3640625 0.11796875 0.14296875
1 0.26640625 0.340625 0.10546875 0.1
3 0.14765625 0.28046875 0.1875 0.1703125
1 0.06015625 0.2796875 0.05859375 0.06875
1 0.02265625 0.2703125 0.04375 0.06640625
2 0.83359375 0.409375 0.21953125 0.20390625
1 0.603125 0.36171875 0.140625 0.13125
1 0.4515625 0.30703125 0.12578125 0.11328125
1 0.328125 0.28203125 0.10234375 0.09296875
1 0.2453125 0.265625 0.07109375 0.07578125
1 0.16328125 0.2390625 0.059375 0.0609375
1 0.59453125 0.246875 0.121875 0.09296875
1 0.07421875 0.23203125 0.04453125 0.0609375
1 0.18125 0.19296875 0.05234375 0.05546875
1 0.11953125 0.1890625 0.04140625 0.04453125
1 0.05390625 0.22421875 0.04296875 0.059375
1 0.9734375 0.20078125 0.053125 0.09609375
1 0.86171875 0.196875 0.12265625 0.090625
1 0.71640625 0.18046875 0.10859375 0.071875
1 0.584375 0.16875 0.09375 0.078125
3 0.434375 0.13046875 0.19375 0.121875
1 0.97421875 0.1796875 0.05078125 0.071875
1 0.84609375 0.159375 0.11796875 0.08515625
1 0.68671875 0.14375 0.10625 0.07421875
1 0.53515625 0.128125 0.05859375 0.05703125
1 0.30703125 0.153125 0.06328125 0.05
1 0.3328125 0.13125 0.04765625 0.04609375
1 0.2375 0.146875 0.05 0.05
1 0.275 0.12890625 0.04921875 0.04296875
1 0.18828125 0.14296875 0.040625 0.040625
1 0.228125 0.12109375 0.04765625 0.0484375