1 0.39765625 0.76953125 0.17890625 0.221875
1 0.18515625 0.57109375 0.103125 0.13671875
1 0.07109375 0.4734375 0.06796875 0.09453125
3 0.07109375 0.3546875 0.13984375 0.140625
1 0.140625 0.4359375 0.07890625 0.08671875
3 0.36640625 0.546875 0.4125 0.4109375
3 0.80546875 0.7890625 0.38828125 0.421875
1 0.59296875 0.521875 0.13671875 0.109375
3 0.29375 0.3296875 0.16328125 0.1609375
1 0.44296875 0.40546875 0.09453125 0.09296875
1 0.58828125 0.46015625 0.12265625 0.11484375
1 0.77265625 0.528125 0.153125 0.1390625
3 0.909375 0.45703125 0.18125 0.2109375
1 0.66953125 0.43125 0.121875 0.10390625
1 0.50390625 0.38046875 0.090625 0.09296875
3 0.38203125 0.31328125 0.16796875 0.1484375
1 0.0203125 0.41484375 0.03828125 0.08359375
1 0.95078125 0.5953125 0.09765625 0.121875