1 0.24296875 0.56796875 0.13515625 0.15390625
3 0.54453125 0.209375 0.134375 0.13359375
1 0.46796875 0.4703125 0.10703125 0.121875
1 0.45 0.39453125 0.09140625 0.1015625
1 0.5765625 0.3765625 0.08203125 0.0984375
1 0.43046875 0.2890625 0.06640625 0.06328125
1 0.3515625 0.33203125 0.08828125 0.07578125
1 0.55078125 0.3140625 0.08125 0.071875
1 0.63203125 0.22421875 0.04609375 0.05546875
1 0.23828125 0.390625 0.11171875 0.0890625
1 0.103125 0.44921875 0.134375 0.1
1 0.275 0.79140625 0.18828125 0.25
1 0.62578125 0.26328125 0.06328125 0.059375
2 0.58125 0.24140625 0.065625 0.071875
1 0.61015625 0.4234375 0.09609375 0.1203125
1 0.67734375 0.346875 0.06640625 0.09296875
2 0.52421875 0.275 0.06015625 0.0703125
1 0.64296875 0.31015625 0.06640625 0.0796875
1 0.74921875 0.29609375 0.06015625 0.071875
3 0.9640625 0.9078125 0.071875 0.184375
2 0.84453125 0.63984375 0.16328125 0.16875
2 0.70234375 0.24609375 0.08828125 0.1015625
1 0.875 0.79453125 0.22109375 0.18125
1 0.5734375 0.70859375 0.22734375 0.16328125
1 0.77265625 0.23515625 0.046875 0.05
1 0.81171875 0.2484375 0.053125 0.059375
1 0.09296875 0.50859375 0.13671875 0.11328125
1 0.88125 0.21953125 0.04765625 0.05390625