1 0.82265625 0.69140625 0.27734375 0.26328125
3 0.8515625 0.48984375 0.296875 0.4046875
1 0.52109375 0.43046875 0.1625 0.1515625
1 0.28359375 0.35546875 0.11484375 0.10390625
1 0.16328125 0.303125 0.08359375 0.0984375
1 0.04765625 0.3109375 0.09375 0.07578125
1 0.04140625 0.278125 0.08125 0.0703125
2 0.8296875 0.40390625 0.22265625 0.20546875
1 0.60078125 0.35546875 0.13984375 0.13125
1 0.44765625 0.30546875 0.12734375 0.11640625
1 0.32421875 0.27578125 0.10078125 0.08515625
1 0.2375 0.2640625 0.07734375 0.07578125
1 0.1703125 0.2453125 0.05859375 0.0609375
1 0.1140625 0.2390625 0.05859375 0.0703125
1 0.940625 0.2875 0.11875 0.11875
1 0.9140625 0.35625 0.171875 0.1390625
1 0.0734375 0.225 0.05 0.0609375
1 0.725 0.3046875 0.15546875 0.121875
1 0.48515625 0.21953125 0.10234375 0.0796875
1 0.34453125 0.2296875 0.08046875 0.071875
3 0.95859375 0.15390625 0.08203125 0.18515625
1 0.67109375 0.1734375 0.10625 0.08359375
1 0.47109375 0.15546875 0.07578125 0.059375
1 0.80859375 0.153125 0.11015625 0.08359375
1 0.33828125 0.1484375 0.06875 0.05546875
1 0.48515625 0.12109375 0.07421875 0.0609375
1 0.21796875 0.14453125 0.05390625 0.04609375
1 0.371875 0.12109375 0.0625 0.059375