1 0.6875 0.025 0.01640625 0.01875
1 0.69921875 0.04296875 0.01953125 0.03515625
1 0.18125 0.46171875 0.11171875 0.14296875
1 0.72734375 0.0484375 0.025 0.021875
1 0.72421875 0.02890625 0.01875 0.01875
1 0.325 0.30546875 0.06484375 0.0984375
1 0.72578125 0.078125 0.03046875 0.0390625
1 0.76796875 0.059375 0.025 0.028125
1 0.75859375 0.09140625 0.02890625 0.0390625
2 0.678125 0.06015625 0.02578125 0.04609375
1 0.79609375 0.0765625 0.03671875 0.04609375
1 0.64609375 0.13828125 0.03984375 0.059375
1 0.59765625 0.1015625 0.028125 0.05
1 0.775 0.12109375 0.03828125 0.0515625
1 0.83203125 0.1265625 0.04921875 0.0296875
1 0.834375 0.16640625 0.05390625 0.06328125
1 0.8875 0.13203125 0.06640625 0.06640625
1 0.58359375 0.04140625 0.02109375 0.03515625
1 0.61171875 0.03046875 0.02109375 0.03515625
1 0.54296875 0.03984375 0.01953125 0.03359375
3 0.5375 0.15078125 0.07109375 0.16484375