1 0.165625 0.9125 0.2875 0.175
1 0.59453125 0.90703125 0.30078125 0.18515625
1 0.9015625 0.9109375 0.196875 0.178125
0 0.596875 0.65625 0.29375 0.26640625
1 0.34296875 0.23515625 0.08671875 0.06640625
1 0.50546875 0.2703125 0.10390625 0.08359375
0 0.72578125 0.27421875 0.146875 0.11640625
1 0.52890625 0.23984375 0.09609375 0.06640625
1 0.38984375 0.21796875 0.08515625 0.0609375
1 0.5828125 0.184375 0.07734375 0.05703125
1 0.6890625 0.21015625 0.10234375 0.08125
2 0.83671875 0.24140625 0.1375 0.1484375
1 0.97109375 0.27421875 0.05703125 0.06640625
1 0.975 0.31796875 0.05 0.07421875
1 0.25859375 0.26171875 0.0875 0.0609375
1 0.48046875 0.3203125 0.103125 0.078125
1 0.9546875 0.38046875 0.090625 0.0984375