1 0.58828125 0.59296875 0.21015625 0.20546875
3 0.6296875 0.4234375 0.45390625 0.36640625
1 0.33359375 0.36484375 0.115625 0.11640625
1 0.159375 0.315625 0.0875 0.090625
1 0.06796875 0.2765625 0.06640625 0.07578125
1 0.02578125 0.30546875 0.05 0.0703125
2 0.83046875 0.4046875 0.22265625 0.20546875
1 0.60078125 0.35625 0.140625 0.13125
1 0.4484375 0.30546875 0.12734375 0.11484375
1 0.325 0.2765625 0.10078125 0.08671875
1 0.2390625 0.2640625 0.07578125 0.07578125
1 0.16875 0.24453125 0.05859375 0.0609375
1 0.11796875 0.23984375 0.05859375 0.06640625
1 0.94140625 0.29140625 0.11640625 0.1203125
1 0.9125 0.35859375 0.175 0.1390625
1 0.07109375 0.22578125 0.04765625 0.059375
1 0.72421875 0.30703125 0.15390625 0.12578125
1 0.26171875 0.19140625 0.06953125 0.06328125
1 0.14921875 0.1953125 0.04921875 0.05546875
3 0.7515625 0.14453125 0.30390625 0.17421875
1 0.475 0.15546875 0.08125 0.06484375
1 0.33359375 0.15 0.0625 0.05546875
1 0.48515625 0.13203125 0.078125 0.05546875
1 0.25078125 0.14453125 0.05546875 0.04609375
1 0.375 0.121875 0.06328125 0.059375
1 0.18359375 0.1390625 0.046875 0.0484375
1 0.30078125 0.11953125 0.053125 0.05390625