1 0.72265625 0.178125 0.028125 0.040625
1 0.08515625 0.68046875 0.11640625 0.16875
1 0.6953125 0.2046875 0.03125 0.0515625
1 0.29609375 0.36796875 0.05703125 0.0890625
1 0.64921875 0.253125 0.0375 0.05703125
1 0.71953125 0.2703125 0.046875 0.0609375
1 0.7796875 0.24921875 0.04296875 0.05703125
1 0.39765625 0.35390625 0.05703125 0.0984375
1 0.4828125 0.35078125 0.05078125 0.08515625
1 0.39921875 0.24609375 0.03515625 0.05390625
1 0.80390625 0.20546875 0.034375 0.0484375
1 0.43671875 0.28046875 0.040625 0.059375
2 0.71015625 0.5109375 0.06953125 0.1390625
1 0.85234375 0.52109375 0.09375 0.121875
1 0.8828125 0.38671875 0.06953125 0.0890625
2 0.47109375 0.184375 0.03515625 0.0796875
1 0.94921875 0.8 0.10078125 0.18671875
1 0.98125 0.3984375 0.0375 0.090625
1 0.51953125 0.20703125 0.03203125 0.05390625