1 0.6328125 0.1984375 0.03203125 0.05
1 0.7203125 0.19296875 0.034375 0.04453125
1 0.69296875 0.2203125 0.03125 0.05
1 0.43359375 0.50625 0.06953125 0.11328125
1 0.6625 0.32578125 0.04765625 0.0703125
1 0.77421875 0.3734375 0.06640625 0.0984375
1 0.8015625 0.28828125 0.04765625 0.06328125
1 0.33359375 0.30703125 0.04453125 0.06875
1 0.68046875 0.4109375 0.05859375 0.08359375
1 0.8671875 0.27578125 0.04765625 0.0609375
1 0.51875 0.2203125 0.03125 0.04453125
1 0.7375 0.57421875 0.08828125 0.140625
1 0.89296875 0.41328125 0.071875 0.08671875
1 0.88515625 0.61328125 0.103125 0.140625
1 0.78671875 0.86328125 0.14609375 0.23359375