1 0.63125 0.61875 0.1125 0.23359375
1 0.52734375 0.353125 0.06015625 0.10703125
1 0.61875 0.29453125 0.05234375 0.08515625
1 0.69375 0.11484375 0.02734375 0.03125
1 0.70625 0.153125 0.03984375 0.0515625
1 0.659375 0.2453125 0.05234375 0.0703125
1 0.58671875 0.17578125 0.03671875 0.0515625
1 0.6515625 0.20390625 0.04140625 0.040625
1 0.78046875 0.2 0.04453125 0.06328125
1 0.85859375 0.23515625 0.05546875 0.071875
1 0.84921875 0.35078125 0.08671875 0.1
1 0.58828125 0.1296875 0.028125 0.04296875
1 0.6203125 0.1140625 0.025 0.0390625
1 0.54296875 0.11328125 0.025 0.040625