1 0.24609375 0.03359375 0.028125 0.03125
2 0.44375 0.96171875 0.19453125 0.07578125
1 0.60234375 0.4703125 0.15390625 0.1890625
1 0.29453125 0.03203125 0.03046875 0.0296875
1 0.203125 0.05859375 0.03359375 0.03359375
1 0.33046875 0.38203125 0.10234375 0.15546875
1 0.3765625 0.0765625 0.03984375 0.0484375
1 0.3125 0.07890625 0.03671875 0.0484375
1 0.30078125 0.1046875 0.03984375 0.04296875
1 0.1515625 0.1765625 0.05234375 0.06875
1 0.58984375 0.16328125 0.071875 0.06875
1 0.64765625 0.24140625 0.09609375 0.08125
3 0.7921875 0.15078125 0.23515625 0.19609375
2 0.1265625 0.078125 0.03515625 0.04453125
1 0.93671875 0.44453125 0.12578125 0.12578125