2 0.73515625 0.33125 0.1 0.121875
2 0.859375 0.4109375 0.11796875 0.1296875
1 0.65703125 0.27421875 0.05859375 0.0609375
3 0.54453125 0.2234375 0.12890625 0.12578125
1 0.7421875 0.26171875 0.05625 0.04609375
1 0.73984375 0.22578125 0.053125 0.04453125
1 0.91875 0.75078125 0.1625 0.14609375
1 0.8203125 0.228125 0.05 0.0484375
1 0.92890625 0.90390625 0.14140625 0.16875
1 0.3875 0.33203125 0.08046875 0.06328125
1 0.3984375 0.20390625 0.06796875 0.04296875
1 0.23515625 0.40703125 0.10703125 0.0796875
3 0.31640625 0.8359375 0.63125 0.328125
1 0.89453125 0.20546875 0.06171875 0.040625
1 0.19609375 0.4734375 0.11484375 0.1015625