1 0.2125 0.8609375 0.23203125 0.2203125
1 0.68984375 0.89765625 0.3015625 0.2046875
0 0.59765625 0.590625 0.29453125 0.26328125
1 0.74921875 0.18671875 0.10546875 0.08515625
1 0.9671875 0.24453125 0.065625 0.08125
1 0.8953125 0.1890625 0.1125 0.08125
1 0.671875 0.134375 0.08828125 0.08359375
1 0.56015625 0.11640625 0.08359375 0.06484375
1 0.46015625 0.09296875 0.06875 0.06328125
1 0.39140625 0.075 0.05703125 0.059375
1 0.35078125 0.05859375 0.03671875 0.05390625
1 0.44453125 0.23671875 0.1125 0.090625
1 0.96328125 0.51875 0.07265625 0.128125