1 0.4375 0.796875 0.09296875 0.22578125
1 0.50234375 0.209375 0.03359375 0.05390625
2 0.28359375 0.82109375 0.11484375 0.22578125
1 0.0421875 0.8625 0.084375 0.275
1 0.18359375 0.590625 0.10703125 0.15
2 0.03046875 0.6453125 0.05859375 0.190625
1 0.61015625 0.2015625 0.02890625 0.040625
1 0.27890625 0.415625 0.06796875 0.0984375
1 0.46640625 0.215625 0.03125 0.05703125
1 0.23359375 0.37578125 0.06953125 0.090625
3 0.71171875 0.20390625 0.096875 0.121875
1 0.65078125 0.26875 0.040625 0.05546875
3 0.2515625 0.24609375 0.11171875 0.14609375
2 0.43203125 0.209375 0.03125 0.059375
1 0.61015625 0.2859375 0.04140625 0.06640625
1 0.33515625 0.2765625 0.03984375 0.07578125
1 0.72421875 0.40625 0.06875 0.0890625
1 0.87109375 0.6203125 0.11171875 0.1515625
1 0.72109375 0.68828125 0.10234375 0.178125
3 0.934375 0.3921875 0.13125 0.29375
1 0.36796875 0.19921875 0.03125 0.05