1 0.9515625 0.46328125 0.096875 0.1078125
1 0.81484375 0.378125 0.10703125 0.090625
2 0.22578125 0.22421875 0.06171875 0.059375
1 0.91953125 0.51640625 0.16015625 0.13125
1 0.69375 0.3265625 0.06953125 0.07578125
1 0.28828125 0.221875 0.046875 0.04296875
1 0.79296875 0.503125 0.11796875 0.12578125
1 0.29140625 0.2546875 0.040625 0.05390625
1 0.59375 0.26796875 0.05703125 0.071875
1 0.65234375 0.359375 0.08671875 0.08359375
2 0.5609375 0.23046875 0.05234375 0.07421875
1 0.503125 0.26328125 0.04921875 0.06328125
1 0.509375 0.2234375 0.03828125 0.05390625