1 0.41015625 0.525 0.04609375 0.06484375
1 0.4640625 0.52421875 0.05390625 0.078125
1 0.35625 0.578125 0.05234375 0.078125
1 0.49140625 0.7796875 0.09765625 0.1390625
3 0.2234375 0.82578125 0.41796875 0.3484375
1 0.67265625 0.84375 0.10859375 0.18125
1 0.42890625 0.55546875 0.06015625 0.06484375
1 0.5796875 0.65546875 0.0625 0.109375
3 0.39765625 0.59375 0.16015625 0.18515625
1 0.64765625 0.5796875 0.05625 0.10546875
1 0.4765625 0.4859375 0.07421875 0.05
1 0.590625 0.4703125 0.04453125 0.05390625
1 0.5125 0.46953125 0.06171875 0.04453125
1 0.59765625 0.44609375 0.04609375 0.040625
1 0.6796875 0.44296875 0.03671875 0.04453125
1 0.43359375 0.521875 0.07734375 0.059375