2 0.60234375 0.16875 0.028125 0.0484375
1 0.62109375 0.22578125 0.034375 0.05390625
1 0.2234375 0.6390625 0.11015625 0.15703125
1 0.67890625 0.21796875 0.034375 0.059375
1 0.7375 0.22578125 0.03828125 0.05546875
2 0.13203125 0.390625 0.10234375 0.171875
1 0.77734375 0.19140625 0.03671875 0.0484375
1 0.63359375 0.29453125 0.046875 0.078125
1 0.36640625 0.24609375 0.03828125 0.05546875
1 0.309375 0.25078125 0.040625 0.05703125
1 0.84921875 0.325 0.05859375 0.07578125
1 0.78984375 0.471875 0.075 0.1015625
1 0.44453125 0.20390625 0.034375 0.05546875
1 0.50078125 0.2 0.02890625 0.0515625
1 0.4625 0.1734375 0.02890625 0.04609375