1 0.28359375 0.36484375 0.04765625 0.07578125
1 0.27109375 0.265625 0.03984375 0.0609375
1 0.3328125 0.26640625 0.04140625 0.06484375
1 0.81640625 0.44453125 0.115625 0.109375
1 0.35546875 0.32421875 0.06171875 0.06484375
1 0.38359375 0.41484375 0.06171875 0.09609375
1 0.696875 0.3453125 0.08203125 0.09296875
1 0.93984375 0.425 0.11953125 0.121875
1 0.56015625 0.31171875 0.07578125 0.07578125
1 0.59453125 0.29140625 0.06640625 0.0703125
1 0.28046875 0.484375 0.05859375 0.109375
1 0.62734375 0.271875 0.0625 0.07578125
1 0.53125 0.2265625 0.04140625 0.05390625
1 0.47734375 0.22890625 0.04453125 0.059375
1 0.228125 0.90234375 0.121875 0.1953125