1 0.46328125 0.321875 0.07734375 0.071875
1 0.52109375 0.284375 0.06640625 0.0609375
1 0.57734375 0.25546875 0.059375 0.0609375
1 0.6171875 0.234375 0.05078125 0.05546875
1 0.38046875 0.36484375 0.09296875 0.07578125
1 0.2484375 0.38828125 0.10234375 0.078125
1 0.3625 0.3359375 0.08046875 0.06875
1 0.4484375 0.296875 0.06796875 0.06328125
2 0.50625 0.25625 0.059375 0.05546875
1 0.56796875 0.2296875 0.04765625 0.05546875
1 0.51953125 0.228125 0.05234375 0.04296875
1 0.09140625 0.45546875 0.140625 0.09609375
1 0.28203125 0.4296875 0.1125 0.08125
1 0.12734375 0.50390625 0.146875 0.1
1 0.4609375 0.2609375 0.06171875 0.0515625
1 0.39453125 0.29296875 0.06796875 0.05703125
1 0.26171875 0.58046875 0.13515625 0.15546875
1 0.41015625 0.55859375 0.115625 0.1484375
2 0.575 0.34375 0.06953125 0.11640625
1 0.72421875 0.28671875 0.05703125 0.071875
1 0.8609375 0.21875 0.05546875 0.06328125