1 0.71015625 0.40390625 0.103125 0.1109375
2 0.60546875 0.25859375 0.053125 0.08671875
2 0.64921875 0.3046875 0.06796875 0.0890625
1 0.94375 0.571875 0.1125 0.16875
1 0.74453125 0.35390625 0.08515625 0.09453125
1 0.86640625 0.40390625 0.121875 0.10546875
1 0.97109375 0.46875 0.05703125 0.090625
1 0.32265625 0.19921875 0.05625 0.04296875
1 0.63125 0.2015625 0.06484375 0.03515625
1 0.80625 0.2203125 0.053125 0.0484375
3 0.11640625 0.43828125 0.23125 0.2609375
1 0.76796875 0.184375 0.04296875 0.0390625
1 0.89296875 0.2234375 0.0625 0.05
1 0.275 0.8890625 0.26171875 0.2015625
1 0.07265625 0.74453125 0.14296875 0.1703125