1 0.89921875 0.68125 0.20078125 0.20546875
1 0.73046875 0.53359375 0.10625 0.18515625
1 0.734375 0.33828125 0.06796875 0.10390625
0 0.66171875 0.25078125 0.07265625 0.109375
1 0.78984375 0.2359375 0.05078125 0.0796875
3 0.6203125 0.1453125 0.096875 0.11328125
1 0.20703125 0.190625 0.05 0.05
1 0.4953125 0.165625 0.04375 0.040625
1 0.14375 0.259375 0.07109375 0.059375
3 0.1640625 0.19609375 0.19296875 0.14453125
1 0.51015625 0.18359375 0.05390625 0.05
1 0.46953125 0.140625 0.03515625 0.040625
1 0.28984375 0.1765625 0.04921875 0.04453125
1 0.384375 0.23203125 0.07421875 0.06484375
1 0.3359375 0.17109375 0.04453125 0.04296875
1 0.36953125 0.13828125 0.040625 0.03671875
3 0.1359375 0.66796875 0.26953125 0.49609375
1 0.11875 0.459375 0.13359375 0.10546875
1 0.11328125 0.39296875 0.11640625 0.08125