1 0.6359375 0.2 0.03515625 0.059375
2 0.70859375 0.21640625 0.03515625 0.0609375
1 0.75546875 0.1984375 0.03046875 0.040625
1 0.65546875 0.2859375 0.03671875 0.05703125
2 0.22109375 0.4515625 0.075 0.14453125
1 0.68828125 0.4140625 0.06328125 0.10390625
1 0.80859375 0.26875 0.04765625 0.05390625
1 0.48671875 0.30078125 0.04609375 0.071875
2 0.446875 0.2203125 0.04140625 0.090625
1 0.85703125 0.465625 0.08671875 0.1015625
1 0.79453125 0.63359375 0.09453125 0.16328125
1 0.91015625 0.30703125 0.053125 0.06640625
1 0.41015625 0.20859375 0.03125 0.04609375