1 0.63359375 0.14140625 0.03359375 0.05546875
1 0.7375 0.2203125 0.05234375 0.071875
1 0.83203125 0.5265625 0.12734375 0.1703125
2 0.70390625 0.70078125 0.159375 0.30390625
1 0.16640625 0.87265625 0.2015625 0.2546875
1 0.09921875 0.69140625 0.16171875 0.21875
1 0.35625 0.421875 0.084375 0.13125
2 0.25546875 0.3859375 0.1 0.2109375
1 0.425 0.29140625 0.059375 0.09609375
1 0.51640625 0.26015625 0.04765625 0.090625
1 0.43984375 0.20625 0.04609375 0.071875
1 0.5109375 0.1546875 0.03203125 0.05390625
1 0.47421875 0.13125 0.03125 0.0484375
2 0.52109375 0.11875 0.03359375 0.05703125
1 0.4453125 0.1140625 0.02734375 0.04609375
1 0.46171875 0.0890625 0.02421875 0.03515625