2 0.8046875 0.82265625 0.29375 0.3546875
1 0.73671875 0.61171875 0.1875 0.178125
1 0.30625 0.04375 0.025 0.02578125
1 0.29453125 0.05859375 0.03046875 0.0390625
1 0.22109375 0.0640625 0.03359375 0.03515625
1 0.18984375 0.34375 0.07265625 0.10703125
1 0.29453125 0.32578125 0.07578125 0.10546875
2 0.371875 0.06015625 0.034375 0.05
1 0.34765625 0.07421875 0.03046875 0.0484375
1 0.28515625 0.07890625 0.03046875 0.040625
1 0.21328125 0.25 0.06015625 0.08671875
1 0.29296875 0.21484375 0.06484375 0.08359375
1 0.1671875 0.16796875 0.03984375 0.05546875
1 0.08046875 0.18515625 0.04296875 0.059375
1 0.42421875 0.140625 0.04765625 0.0484375
1 0.33671875 0.13359375 0.04453125 0.040625
1 0.19296875 0.134375 0.03828125 0.0484375
1 0.015625 0.171875 0.02890625 0.05546875
1 0.446875 0.1703125 0.05859375 0.059375
1 0.553125 0.16484375 0.065625 0.05546875
2 0.10859375 0.11171875 0.034375 0.0609375
1 0.65859375 0.3 0.10625 0.08671875