2 0.6234375 0.17578125 0.03125 0.0515625
1 0.15625 0.81015625 0.14296875 0.23125
1 0.7203125 0.16796875 0.03046875 0.040625
2 0.190625 0.471875 0.09375 0.15390625
1 0.63515625 0.24140625 0.0375 0.05390625
2 0.68671875 0.2 0.03671875 0.06328125
2 0.38671875 0.353125 0.04921875 0.10546875
2 0.3609375 0.265625 0.03984375 0.071875
1 0.31015625 0.253125 0.03984375 0.0609375
1 0.7640625 0.36171875 0.06015625 0.090625
1 0.44296875 0.26328125 0.03984375 0.06484375
1 0.4078125 0.20703125 0.03125 0.0484375
1 0.8625 0.31796875 0.05703125 0.08359375
2 0.3578125 0.1984375 0.03046875 0.0609375
1 0.4578125 0.20390625 0.034375 0.05
1 0.71875 0.61875 0.08828125 0.14609375