1 0.5953125 0.22890625 0.03515625 0.0484375
3 0.6671875 0.196875 0.07265625 0.10390625
1 0.06640625 0.65546875 0.13046875 0.1984375
1 0.27890625 0.515625 0.07421875 0.13125
1 0.20390625 0.40859375 0.078125 0.109375
3 0.25546875 0.275 0.1375 0.2
1 0.73828125 0.2953125 0.05078125 0.071875
1 0.63515625 0.33515625 0.04453125 0.08671875
1 0.43984375 0.8140625 0.09609375 0.23515625
1 0.50234375 0.21015625 0.03515625 0.05703125
1 0.753125 0.41015625 0.07109375 0.08671875
2 0.83046875 0.33046875 0.07421875 0.0984375
1 0.38046875 0.26640625 0.03984375 0.06484375
1 0.4015625 0.2015625 0.03125 0.05703125
2 0.24765625 0.94140625 0.13359375 0.11640625
1 0.77734375 0.76640625 0.11640625 0.221875
1 0.32734375 0.215625 0.03046875 0.04609375
1 0.37265625 0.1859375 0.03046875 0.05