0 0.59296875 0.64609375 0.29375 0.2515625
1 0.765625 0.15546875 0.06015625 0.0515625
1 0.80625 0.13984375 0.05 0.05
3 0.39921875 0.2359375 0.36796875 0.19296875
3 0.13671875 0.365625 0.271875 0.27578125
1 0.7 0.14296875 0.07578125 0.0515625
1 0.68515625 0.16953125 0.07890625 0.0703125
1 0.64296875 0.16484375 0.071875 0.06484375
1 0.52890625 0.1765625 0.07578125 0.05
1 0.5265625 0.1984375 0.07265625 0.06328125
1 0.53984375 0.1609375 0.07109375 0.05703125
1 0.06484375 0.6 0.128125 0.1484375
1 0.32734375 0.18203125 0.08359375 0.05703125
1 0.34921875 0.21171875 0.08671875 0.0703125
1 0.27890625 0.46953125 0.15234375 0.121875
1 0.803125 0.1234375 0.05546875 0.04453125
1 0.31796875 0.37890625 0.10078125 0.0984375
1 0.3765625 0.23125 0.0625 0.078125
1 0.18984375 0.21015625 0.09296875 0.05703125
1 0.57734375 0.38828125 0.14453125 0.1015625
1 0.17109375 0.1890625 0.090625 0.05703125
3 0.79140625 0.17578125 0.26484375 0.14453125