1 0.16015625 0.19921875 0.06875 0.0609375
3 0.1609375 0.12890625 0.196875 0.1
1 0.22578125 0.23515625 0.06484375 0.0703125
1 0.28203125 0.2140625 0.06796875 0.06484375
1 0.29609375 0.28046875 0.07421875 0.08125
1 0.384375 0.2640625 0.07734375 0.078125
1 0.39921875 0.36640625 0.08671875 0.09453125
1 0.4921875 0.34375 0.09296875 0.090625
2 0.3765625 0.18515625 0.08203125 0.07421875
1 0.60546875 0.44296875 0.10234375 0.11328125
1 0.49609375 0.503125 0.11171875 0.13671875
1 0.9046875 0.334375 0.09140625 0.11640625
1 0.825 0.2734375 0.05859375 0.08671875
3 0.71328125 0.24375 0.18828125 0.23359375
1 0.62734375 0.3484375 0.09765625 0.08359375
1 0.7875 0.70390625 0.153125 0.1796875