1 0.04609375 0.93515625 0.08984375 0.1296875
1 0.09921875 0.76953125 0.13515625 0.2109375
1 0.178125 0.63515625 0.08125 0.15546875
1 0.59140625 0.8953125 0.12734375 0.209375
1 0.428125 0.83203125 0.10078125 0.228125
1 0.21953125 0.88984375 0.14140625 0.2203125
1 0.4359375 0.63359375 0.08984375 0.16328125
1 0.58046875 0.71796875 0.09140625 0.18359375
1 0.23671875 0.5109375 0.08984375 0.14296875
3 0.0609375 0.596875 0.11953125 0.36328125
3 0.18984375 0.3109375 0.15859375 0.1984375
1 0.271875 0.24296875 0.02890625 0.05