1 0.43828125 0.7953125 0.09296875 0.2203125
1 0.50234375 0.20703125 0.03359375 0.0484375
1 0.09765625 0.75625 0.14375 0.259375
2 0.28515625 0.82578125 0.11640625 0.23125
1 0.6375 0.21015625 0.03046875 0.05
1 0.11796875 0.54296875 0.08359375 0.140625
1 0.278125 0.334375 0.06484375 0.10546875
2 0.19296875 0.34609375 0.06484375 0.1109375
1 0.68671875 0.284375 0.04296875 0.06328125
1 0.7140625 0.2296875 0.03671875 0.0515625
1 0.33671875 0.265625 0.03828125 0.06328125
1 0.65546875 0.3984375 0.05546875 0.0890625
1 0.74765625 0.4 0.0625 0.09296875
1 0.38359375 0.23125 0.03046875 0.0515625
1 0.30625 0.225 0.03359375 0.05
1 0.35703125 0.20703125 0.028125 0.05
1 0.72578125 0.61796875 0.103125 0.178125
3 0.9203125 0.421875 0.159375 0.290625
1 0.40859375 0.19375 0.028125 0.04609375