2 0.12890625 0.9 0.18125 0.2
1 0.08828125 0.4640625 0.15 0.10546875
1 0.13046875 0.5109375 0.15859375 0.10546875
1 0.24609375 0.39609375 0.11015625 0.0796875
1 0.28515625 0.43671875 0.11875 0.09296875
1 0.36171875 0.34140625 0.08671875 0.0796875
1 0.38359375 0.37421875 0.09765625 0.07578125
1 0.39765625 0.296875 0.06875 0.06328125
1 0.44921875 0.3 0.075 0.06640625
1 0.4625 0.32890625 0.08515625 0.078125
1 0.45859375 0.26484375 0.06484375 0.059375
1 0.5078125 0.26015625 0.065625 0.06484375
1 0.52109375 0.29296875 0.07578125 0.0609375
1 0.52421875 0.23359375 0.05703125 0.05
1 0.56953125 0.23359375 0.06015625 0.059375
1 0.57890625 0.265625 0.06328125 0.0609375
1 0.61640625 0.23984375 0.05703125 0.0609375
1 0.8328125 0.23046875 0.06015625 0.05390625
1 0.71015625 0.2890625 0.06796875 0.071875
1 0.6078125 0.35546875 0.078125 0.09296875