1 0.37578125 0.74296875 0.1625 0.271875
1 0.5265625 0.49921875 0.10390625 0.159375
1 0.6828125 0.3390625 0.07734375 0.0890625
1 0.74609375 0.28125 0.05859375 0.0609375
1 0.80546875 0.24453125 0.05078125 0.0515625
1 0.11796875 0.93515625 0.16953125 0.1296875
1 0.33984375 0.584375 0.12734375 0.15390625
1 0.54140625 0.37578125 0.0875 0.10390625
1 0.6640625 0.29140625 0.06171875 0.071875
1 0.728125 0.25390625 0.05859375 0.05390625
3 0.16484375 0.6109375 0.328125 0.46875
1 0.51640625 0.33203125 0.08125 0.078125
1 0.46640625 0.31484375 0.08359375 0.06875
1 0.52109375 0.28125 0.06875 0.0609375
1 0.575 0.25 0.05859375 0.05703125
1 0.61640625 0.23125 0.05 0.05546875
1 0.38046875 0.3609375 0.09609375 0.08359375
1 0.246875 0.38046875 0.10625 0.06875
1 0.3609375 0.33125 0.084375 0.0703125
1 0.44765625 0.290625 0.06875 0.06328125
2 0.50546875 0.25078125 0.06328125 0.05546875
1 0.56484375 0.22109375 0.05078125 0.0484375
1 0.52109375 0.21953125 0.05 0.04609375
1 0.6265625 0.26640625 0.07109375 0.059375
1 0.08671875 0.44921875 0.13984375 0.10390625
2 0.93984375 0.65078125 0.11953125 0.17578125
1 0.2703125 0.42421875 0.13203125 0.09609375
1 0.7171875 0.22578125 0.06328125 0.05703125
1 0.68359375 0.6765625 0.190625 0.140625
1 0.80859375 0.20703125 0.06015625 0.0484375
1 0.109375 0.50390625 0.15234375 0.11875
1 0.45859375 0.2484375 0.06484375 0.04453125
1 0.8328125 0.22109375 0.071875 0.04296875
1 0.31953125 0.3140625 0.078125 0.059375