1 0.15625 0.9171875 0.284375 0.165625
1 0.5953125 0.9078125 0.296875 0.184375
1 0.8984375 0.9109375 0.203125 0.178125
0 0.5953125 0.659375 0.29375 0.2609375
1 0.31015625 0.2390625 0.08515625 0.0703125
0 0.50390625 0.2296875 0.121875 0.10390625
1 0.31796875 0.2046875 0.075 0.06328125
1 0.58359375 0.19375 0.08046875 0.059375
1 0.690625 0.21640625 0.10078125 0.08515625
2 0.8359375 0.2515625 0.13828125 0.1484375
1 0.96953125 0.278125 0.06015625 0.0609375
1 0.971875 0.3234375 0.05625 0.065625
1 0.415625 0.27421875 0.10859375 0.0796875
1 0.72890625 0.365625 0.134375 0.0984375