1 0.28125 0.44609375 0.12734375 0.13671875
1 0.80703125 0.5140625 0.21875 0.1890625
2 0.440625 0.3765625 0.13125 0.1484375
1 0.26875 0.3390625 0.103125 0.1015625
3 0.14765625 0.28046875 0.1875 0.1703125
1 0.06015625 0.2796875 0.05703125 0.06875
1 0.02265625 0.2703125 0.04375 0.06640625
2 0.8328125 0.40859375 0.22109375 0.20390625
1 0.60234375 0.3609375 0.140625 0.13125
1 0.45078125 0.30703125 0.12578125 0.11328125
1 0.32734375 0.28125 0.10234375 0.09296875
1 0.24453125 0.265625 0.071875 0.07578125
1 0.1640625 0.23984375 0.059375 0.0609375
1 0.93515625 0.30625 0.12890625 0.11484375
1 0.0796875 0.234375 0.046875 0.0609375
1 0.35234375 0.21171875 0.071875 0.06640625
1 0.26796875 0.2296875 0.071875 0.059375
1 0.06484375 0.2265625 0.04140625 0.0515625
1 0.14609375 0.18671875 0.04921875 0.05390625
1 0.86484375 0.19375 0.12578125 0.08671875
1 0.72421875 0.18125 0.11015625 0.07578125
1 0.58515625 0.1703125 0.09296875 0.071875
3 0.43515625 0.121875 0.190625 0.121875
1 0.89140625 0.1640625 0.12109375 0.0796875
1 0.7296875 0.1390625 0.10703125 0.0703125
1 0.58359375 0.1359375 0.07734375 0.06640625
1 0.30625 0.153125 0.06171875 0.05390625
1 0.3484375 0.134375 0.04296875 0.04453125
1 0.23828125 0.1484375 0.04765625 0.04609375
1 0.28125 0.12421875 0.046875 0.04296875
1 0.18671875 0.14140625 0.04453125 0.04296875
1 0.2328125 0.11640625 0.04375 0.04296875