1 0.6265625 0.10703125 0.03125 0.05390625
1 0.67578125 0.109375 0.02890625 0.04453125
1 0.65 0.146875 0.03671875 0.059375
1 0.68203125 0.19921875 0.05 0.071875
1 0.609375 0.22578125 0.04609375 0.08125
1 0.76484375 0.22578125 0.05703125 0.08515625
1 0.72890625 0.3359375 0.07734375 0.1296875
1 0.6671875 0.4765625 0.10703125 0.1796875
1 0.89453125 0.50078125 0.12265625 0.17578125
1 0.32578125 0.22578125 0.05078125 0.0703125
1 0.18984375 0.88203125 0.19296875 0.23515625
1 0.35546875 0.28671875 0.06015625 0.0890625
1 0.29765625 0.46796875 0.10546875 0.1484375
2 0.440625 0.1890625 0.04140625 0.09453125
1 0.51015625 0.19453125 0.040625 0.06875
1 0.4265625 0.13984375 0.03046875 0.0484375
1 0.5234375 0.1296875 0.028125 0.05
1 0.46875 0.10703125 0.02578125 0.04453125