1 0.53046875 0.16015625 0.05703125 0.0390625
2 0.48828125 0.1484375 0.06328125 0.05546875
1 0.43515625 0.178125 0.075 0.0484375
2 0.39453125 0.16484375 0.065625 0.05
1 0.35078125 0.2015625 0.07109375 0.0515625
1 0.29609375 0.19453125 0.06796875 0.04453125
1 0.26484375 0.21796875 0.071875 0.04296875
1 0.21171875 0.21875 0.06328125 0.03671875
1 0.10078125 0.2515625 0.08203125 0.05
0 0.66875 0.25390625 0.07265625 0.10390625
1 0.07265625 0.33046875 0.09453125 0.07578125
1 0.7640625 0.69296875 0.23671875 0.190625
1 0.734375 0.8203125 0.25703125 0.24296875
1 0.38046875 0.68671875 0.22421875 0.1796875
1 0.9671875 0.665625 0.065625 0.140625
1 0.7171875 0.509375 0.09140625 0.18125
1 0.71640625 0.39453125 0.07109375 0.12421875
1 0.7484375 0.32421875 0.05859375 0.10703125
1 0.7671875 0.28046875 0.05625 0.090625
1 0.7984375 0.2296875 0.05 0.071875
1 0.8171875 0.2 0.05 0.06875
1 0.828125 0.17578125 0.040625 0.059375
1 0.36796875 0.84609375 0.25 0.23671875
1 0.56953125 0.1859375 0.075 0.05546875
1 0.05390625 0.70859375 0.10625 0.13671875