1 0.62578125 0.178125 0.02578125 0.04453125
2 0.68671875 0.1859375 0.03046875 0.05390625
1 0.07265625 0.6703125 0.11328125 0.18125
1 0.65 0.23359375 0.03359375 0.0515625
1 0.77265625 0.18046875 0.03125 0.04296875
2 0.40078125 0.5734375 0.06953125 0.19609375
1 0.3265625 0.48828125 0.08125 0.12578125
1 0.728125 0.26328125 0.04140625 0.0609375
1 0.65390625 0.30859375 0.046875 0.07421875
1 0.78828125 0.259375 0.04296875 0.05
2 0.41015625 0.29609375 0.04453125 0.09609375
1 0.690625 0.434375 0.05859375 0.09453125
1 0.790625 0.421875 0.07265625 0.12578125
2 0.87890625 0.37578125 0.06640625 0.109375
2 0.515625 0.2109375 0.03046875 0.0609375
2 0.36640625 0.196875 0.028125 0.05546875
1 0.93359375 0.778125 0.10859375 0.2109375
1 0.975 0.40859375 0.05 0.0984375
1 0.92421875 0.31328125 0.06796875 0.08515625