2 0.36875 0.25859375 0.12421875 0.08671875
1 0.60078125 0.45625 0.071875 0.13125
2 0.584375 0.25859375 0.03984375 0.10390625
1 0.66484375 0.25546875 0.04921875 0.0796875
1 0.853125 0.2765625 0.05859375 0.07421875
1 0.809375 0.171875 0.03828125 0.0515625
1 0.79453125 0.1953125 0.05234375 0.05546875
1 0.75859375 0.17890625 0.03984375 0.05
1 0.76171875 0.14375 0.03359375 0.04609375
1 0.73203125 0.15546875 0.034375 0.04453125
2 0.7109375 0.1265625 0.02890625 0.05
1 0.69609375 0.12109375 0.02578125 0.040625
1 0.86796875 0.32421875 0.07109375 0.0890625
1 0.62734375 0.18359375 0.03359375 0.05390625
1 0.56953125 0.165625 0.028125 0.0484375
1 0.60234375 0.13125 0.02734375 0.04453125
3 0.91171875 0.20859375 0.12109375 0.16875