1 0.62109375 0.515625 0.09921875 0.178125
1 0.5296875 0.31953125 0.053125 0.1
1 0.6171875 0.27578125 0.04609375 0.08125
1 0.7 0.12890625 0.02578125 0.03125
1 0.7171875 0.16953125 0.040625 0.0609375
1 0.65 0.23203125 0.04765625 0.06640625
1 0.58671875 0.1703125 0.03203125 0.04453125
1 0.64921875 0.19453125 0.03671875 0.04609375
1 0.7984375 0.22578125 0.05234375 0.06875
1 0.88984375 0.271875 0.06171875 0.0796875
1 0.8921875 0.4140625 0.1 0.11875
1 0.58984375 0.12890625 0.02734375 0.03671875
1 0.6203125 0.11484375 0.025 0.040625
1 0.54609375 0.1140625 0.021875 0.03515625