1 0.43984375 0.7984375 0.09765625 0.228125
1 0.50234375 0.2109375 0.03046875 0.05
2 0.28359375 0.83046875 0.11953125 0.24609375
1 0.465625 0.21640625 0.03203125 0.05546875
2 0.434375 0.21484375 0.034375 0.059375
1 0.06796875 0.709375 0.13359375 0.23671875
1 0.12265625 0.50546875 0.10625 0.13671875
1 0.26015625 0.35859375 0.05703125 0.07421875
1 0.58359375 0.2109375 0.03125 0.0484375
1 0.6390625 0.23515625 0.03828125 0.0515625
3 0.19375 0.31015625 0.15 0.21484375
1 0.60546875 0.2984375 0.03984375 0.06328125
1 0.70859375 0.3265625 0.059375 0.08671875
1 0.40078125 0.2203125 0.028125 0.05
1 0.340625 0.22578125 0.034375 0.05
3 0.740625 0.5953125 0.15703125 0.378125
1 0.96171875 0.49609375 0.07578125 0.13515625
1 0.3859375 0.18984375 0.02890625 0.0484375
1 0.95859375 0.92109375 0.08203125 0.15703125