1 0.41171875 0.496875 0.04765625 0.06875
1 0.46171875 0.49296875 0.05078125 0.06875
1 0.35546875 0.55390625 0.04765625 0.07578125
1 0.4296875 0.6140625 0.06953125 0.09453125
3 0.4453125 0.67421875 0.15859375 0.32578125
3 0.54140625 0.540625 0.09765625 0.21328125
1 0.74609375 0.878125 0.12109375 0.209375
1 0.590625 0.50078125 0.03984375 0.06640625
1 0.61171875 0.47578125 0.04453125 0.059375
1 0.34453125 0.4859375 0.075 0.0609375
1 0.64921875 0.5859375 0.05625 0.09296875
1 0.54296875 0.49140625 0.06328125 0.0609375
1 0.66484375 0.43984375 0.03984375 0.05
3 0.62734375 0.409375 0.06875 0.1
1 0.69453125 0.40859375 0.03359375 0.0484375