1 0.52578125 0.16171875 0.05703125 0.04296875
2 0.48359375 0.1484375 0.06875 0.06328125
1 0.4328125 0.17890625 0.07890625 0.05703125
2 0.38984375 0.1703125 0.06796875 0.0609375
1 0.3484375 0.20390625 0.07421875 0.059375
1 0.29296875 0.196875 0.06796875 0.05546875
1 0.26171875 0.2234375 0.075 0.0515625
1 0.2078125 0.22421875 0.0625 0.04453125
1 0.09765625 0.25859375 0.08359375 0.059375
0 0.66640625 0.253125 0.07421875 0.11484375
1 0.84609375 0.71796875 0.25 0.1984375
1 0.72109375 0.52109375 0.096875 0.18359375
1 0.71171875 0.39609375 0.071875 0.109375
1 0.7484375 0.32421875 0.05859375 0.10703125
1 0.7671875 0.28046875 0.05625 0.090625
1 0.7984375 0.2296875 0.05 0.071875
1 0.8171875 0.2 0.05 0.06875
1 0.828125 0.17578125 0.040625 0.059375
1 0.49296875 0.71796875 0.22109375 0.20703125
1 0.0921875 0.34921875 0.11484375 0.08359375
1 0.49296875 0.896875 0.27109375 0.20546875
1 0.60078125 0.1703125 0.06640625 0.05546875
1 0.13671875 0.78828125 0.228125 0.171875