1 0.55390625 0.46640625 0.103125 0.1484375
1 0.6265625 0.37109375 0.07265625 0.10703125
1 0.71796875 0.3 0.06640625 0.08671875
1 0.77109375 0.26796875 0.04921875 0.05703125
1 0.80859375 0.2390625 0.04921875 0.05546875
1 0.475 0.43515625 0.096875 0.12421875
1 0.55390625 0.371875 0.08203125 0.0890625
1 0.625 0.303125 0.06796875 0.08125
1 0.6828125 0.2734375 0.05390625 0.0609375
1 0.74296875 0.246875 0.053125 0.05546875
1 0.35 0.45625 0.11328125 0.1015625
3 0.48203125 0.3265625 0.2 0.20390625
1 0.62578125 0.265625 0.05625 0.0609375
1 0.459375 0.31875 0.071875 0.05703125
1 0.53125 0.278125 0.06875 0.05703125
1 0.57890625 0.24453125 0.05390625 0.0484375
1 0.615625 0.225 0.046875 0.0484375
1 0.37734375 0.3546875 0.090625 0.078125
1 0.24765625 0.378125 0.10625 0.08125
1 0.36015625 0.325 0.07734375 0.071875
1 0.44375 0.29375 0.07421875 0.06875
2 0.50234375 0.25 0.06328125 0.06484375
1 0.56640625 0.21953125 0.053125 0.0515625
1 0.51796875 0.21640625 0.04765625 0.040625
1 0.90625 0.66796875 0.1875 0.1359375
1 0.69140625 0.24140625 0.06328125 0.05703125
1 0.72578125 0.74609375 0.21875 0.15703125
1 0.0875 0.45 0.14140625 0.11875
1 0.3578125 0.840625 0.25703125 0.18359375
2 0.36640625 0.6546875 0.221875 0.16328125
1 0.28046875 0.4109375 0.11328125 0.0703125
1 0.77421875 0.21171875 0.05625 0.05703125
1 0.05078125 0.9296875 0.1 0.140625