1 0.51015625 0.18984375 0.04140625 0.07578125
1 0.61796875 0.3859375 0.07578125 0.140625
2 0.5484375 0.25390625 0.07890625 0.13515625
1 0.58515625 0.20859375 0.05 0.09453125
1 0.65234375 0.04296875 0.02890625 0.04609375
1 0.69140625 0.259375 0.07734375 0.121875
1 0.7015625 0.05703125 0.03359375 0.04453125
1 0.59453125 0.10703125 0.04140625 0.06484375
3 0.515625 0.053125 0.04140625 0.1015625
1 0.7796875 0.1015625 0.04453125 0.059375
1 0.55859375 0.05625 0.02265625 0.04296875
1 0.60703125 0.06328125 0.03125 0.04609375
1 0.92265625 0.3734375 0.115625 0.1609375
3 0.45390625 0.4734375 0.17109375 0.51484375