1 0.72578125 0.05 0.01953125 0.0296875
1 0.79765625 0.8859375 0.175 0.228125
1 0.69765625 0.06796875 0.02421875 0.0390625
1 0.75546875 0.071875 0.028125 0.03671875
1 0.725 0.084375 0.02890625 0.04453125
1 0.64921875 0.1609375 0.03984375 0.06328125
1 0.56875 0.096875 0.028125 0.04609375
1 0.56953125 0.1609375 0.03671875 0.0609375
1 0.7609375 0.11640625 0.03671875 0.05
1 0.78828125 0.153125 0.04375 0.071875
1 0.8296875 0.13203125 0.03984375 0.0609375
1 0.91875 0.11484375 0.04296875 0.04609375
1 0.859375 0.20078125 0.06640625 0.09453125
1 0.94296875 0.40546875 0.11328125 0.15
1 0.9765625 0.31875 0.046875 0.08671875