0 0.66640625 0.27578125 0.07421875 0.10546875
1 0.47265625 0.16328125 0.034375 0.040625
1 0.4328125 0.16875 0.03359375 0.03671875
1 0.45234375 0.1484375 0.03125 0.03671875
1 0.49140625 0.1453125 0.03203125 0.040625
1 0.4703125 0.13515625 0.03203125 0.03359375
2 0.39765625 0.16328125 0.03515625 0.05
2 0.37421875 0.1796875 0.03125 0.05390625
1 0.42265625 0.15 0.034375 0.03671875
1 0.61171875 0.140625 0.03515625 0.03515625
3 0.67578125 0.1515625 0.10625 0.121875
3 0.021875 0.28359375 0.04140625 0.10546875
3 0.55703125 0.13515625 0.08515625 0.08515625
1 0.57578125 0.1703125 0.040625 0.04296875
1 0.42109375 0.23359375 0.065625 0.05390625
1 0.303125 0.18046875 0.04921875 0.04296875
1 0.27265625 0.18125 0.04453125 0.04296875
1 0.38203125 0.1515625 0.03515625 0.03671875