1 0.046875 0.9078125 0.09375 0.184375
3 0.16640625 0.77578125 0.33046875 0.4484375
3 0.07421875 0.64921875 0.146875 0.41484375
3 0.33671875 0.475 0.13984375 0.2796875
0 0.47578125 0.34609375 0.05859375 0.14609375
1 0.20546875 0.5890625 0.084375 0.12421875
1 0.44296875 0.265625 0.03125 0.04609375
1 0.62265625 0.3734375 0.06328125 0.06484375
1 0.75 0.34140625 0.06015625 0.06640625
1 0.6796875 0.35078125 0.05546875 0.06484375
1 0.74296875 0.4359375 0.06875 0.08671875
1 0.30859375 0.265625 0.04140625 0.04609375
1 0.44765625 0.215625 0.02734375 0.0390625
1 0.93671875 0.61875 0.12578125 0.13125