1 0.17890625 0.20546875 0.06875 0.0609375
3 0.20078125 0.13046875 0.19296875 0.0984375
1 0.24296875 0.246875 0.06640625 0.07421875
1 0.31015625 0.2265625 0.07109375 0.06875
1 0.31484375 0.2953125 0.07421875 0.08359375
1 0.4109375 0.2796875 0.08125 0.0796875
1 0.421875 0.38984375 0.09375 0.10390625
1 0.525 0.36875 0.09765625 0.0984375
1 0.965625 0.378125 0.06875 0.090625
2 0.41328125 0.19921875 0.084375 0.08125
1 0.965625 0.4703125 0.06875 0.1125
1 0.64296875 0.48671875 0.10625 0.121875
1 0.521875 0.54296875 0.115625 0.14609375
1 0.871875 0.31015625 0.084375 0.109375
1 0.79921875 0.25625 0.053125 0.0796875
3 0.69296875 0.2265625 0.16875 0.21328125
1 0.6734375 0.384375 0.10546875 0.090625
1 0.83203125 0.77109375 0.16640625 0.2015625