1 0.41171875 0.4984375 0.046875 0.06640625
1 0.46171875 0.49375 0.05078125 0.0703125
1 0.35546875 0.55390625 0.05 0.07421875
1 0.4296875 0.6140625 0.06953125 0.09453125
3 0.44765625 0.66875 0.15859375 0.3203125
3 0.54296875 0.53671875 0.09453125 0.209375
1 0.740625 0.8640625 0.11875 0.2
1 0.5921875 0.49921875 0.0375 0.06484375
1 0.61171875 0.478125 0.04140625 0.05546875
1 0.34765625 0.48515625 0.075 0.05546875
1 0.64921875 0.58046875 0.05625 0.09453125
1 0.5484375 0.49375 0.06171875 0.06484375
1 0.66875 0.440625 0.03828125 0.0515625
3 0.6296875 0.40859375 0.06640625 0.0984375
1 0.696875 0.40859375 0.03125 0.0515625