1 0.41171875 0.4984375 0.04765625 0.06640625
1 0.46171875 0.49296875 0.05078125 0.06875
1 0.35546875 0.55390625 0.05 0.07421875
1 0.4296875 0.6140625 0.06953125 0.09453125
3 0.44921875 0.66484375 0.16015625 0.31875
3 0.5453125 0.53515625 0.09375 0.20546875
1 0.73515625 0.8484375 0.11796875 0.19296875
1 0.59296875 0.50078125 0.0375 0.06484375
1 0.61171875 0.4765625 0.040625 0.05703125
1 0.34921875 0.48359375 0.07421875 0.05546875
1 0.64921875 0.57421875 0.05625 0.090625
1 0.54921875 0.490625 0.06484375 0.06640625
1 0.67109375 0.4390625 0.0375 0.0515625
3 0.63203125 0.40625 0.06484375 0.09609375
1 0.6984375 0.40703125 0.03125 0.05