1 0.67734375 0.9140625 0.1625 0.171875
1 0.74140625 0.04140625 0.03125 0.04453125
1 0.85703125 0.571875 0.1375 0.21484375
1 0.63984375 0.30625 0.06953125 0.11640625
1 0.76875 0.059375 0.03359375 0.0484375
1 0.6046875 0.209375 0.05 0.08671875
1 0.753125 0.3234375 0.075 0.1203125
1 0.7015625 0.0359375 0.025 0.0390625
1 0.83046875 0.07109375 0.0375 0.05
1 0.80546875 0.1 0.04140625 0.05390625
2 0.60859375 0.13828125 0.03671875 0.07421875
1 0.84140625 0.1296875 0.04375 0.06328125
1 0.60390625 0.08828125 0.03046875 0.04296875
1 0.92109375 0.159375 0.05703125 0.071875
1 0.8375 0.2140625 0.065625 0.090625
1 0.54296875 0.0515625 0.025 0.04453125
2 0.590625 0.0453125 0.028125 0.05546875
1 0.6421875 0.05 0.03046875 0.04609375
2 0.97421875 0.265625 0.05078125 0.13515625
1 0.45703125 0.18515625 0.084375 0.0703125
3 0.48515625 0.34453125 0.13515625 0.34296875