1 0.17734375 0.1765625 0.06328125 0.05390625
2 0.2078125 0.20546875 0.0625 0.0796875
1 0.27265625 0.25625 0.07109375 0.071875
1 0.3578125 0.246875 0.075 0.07578125
3 0.4359375 0.175 0.17734375 0.15
1 0.3421875 0.321875 0.08046875 0.09296875
1 0.47890625 0.33125 0.09140625 0.09296875
1 0.97265625 0.37578125 0.05390625 0.0796875
1 0.95859375 0.453125 0.08203125 0.14296875
1 0.87734375 0.3203125 0.09765625 0.1015625
1 0.43203125 0.40078125 0.09453125 0.10703125
1 0.5984375 0.421875 0.10859375 0.11328125
1 0.5359375 0.515625 0.11484375 0.13515625
1 0.72109375 0.56484375 0.13515625 0.14296875
1 0.78046875 0.24375 0.06875 0.08125
2 0.64921875 0.32890625 0.1125 0.12421875
1 0.72734375 0.28046875 0.078125 0.0890625
1 0.81796875 0.77578125 0.16875 0.209375
1 0.62734375 0.77109375 0.15859375 0.221875
1 0.725 0.19921875 0.05390625 0.08125