0 0.66640625 0.275 0.07421875 0.10546875
1 0.47265625 0.16171875 0.034375 0.040625
1 0.4328125 0.16796875 0.03359375 0.03671875
1 0.45234375 0.146875 0.03046875 0.03671875
1 0.49140625 0.1453125 0.03203125 0.040625
1 0.4703125 0.134375 0.03203125 0.03359375
2 0.3984375 0.16328125 0.03515625 0.05
2 0.3734375 0.1796875 0.03125 0.05390625
1 0.4234375 0.1484375 0.034375 0.03671875
1 0.60390625 0.128125 0.03203125 0.03125
1 0.56953125 0.16484375 0.03984375 0.03671875
3 0.61953125 0.19453125 0.14140625 0.159375
3 0.08125 0.25703125 0.16015625 0.15
3 0.49921875 0.1640625 0.10546875 0.1015625
1 0.5265625 0.20078125 0.04765625 0.05
1 0.31484375 0.2953125 0.08125 0.06484375
1 0.36484375 0.15390625 0.04140625 0.03515625
1 0.36484375 0.14453125 0.04140625 0.03359375
1 0.440625 0.128125 0.028125 0.03359375