3 0.04921875 0.628125 0.09609375 0.41640625
1 0.31171875 0.2484375 0.05234375 0.078125
1 0.29921875 0.46171875 0.09609375 0.16640625
1 0.32734375 0.35078125 0.06484375 0.1015625
1 0.40390625 0.6703125 0.11328125 0.20703125
1 0.3953125 0.26015625 0.046875 0.0796875
1 0.45390625 0.353125 0.06328125 0.10546875
3 0.37890625 0.16328125 0.059375 0.13359375
1 0.446875 0.20390625 0.03984375 0.059375
1 0.47109375 0.240625 0.04140625 0.071875
3 0.9140625 0.54609375 0.171875 0.5234375
1 0.48984375 0.16796875 0.03515625 0.06484375