1 0.36953125 0.46015625 0.11484375 0.13359375
3 0.546875 0.20625 0.134375 0.13125
1 0.48515625 0.45078125 0.10078125 0.11875
1 0.47890625 0.36953125 0.08515625 0.08671875
1 0.59765625 0.35625 0.07578125 0.08125
1 0.4296875 0.28984375 0.06796875 0.0609375
1 0.35390625 0.3296875 0.08671875 0.06484375
1 0.55546875 0.31328125 0.07734375 0.07421875
1 0.634375 0.22109375 0.046875 0.04296875
1 0.24140625 0.39375 0.11015625 0.08125
1 0.1046875 0.45625 0.13203125 0.09609375
1 0.52890625 0.51875 0.1125 0.13671875
1 0.62578125 0.265625 0.06328125 0.0609375
2 0.56328125 0.2515625 0.06796875 0.0703125
1 0.61796875 0.415625 0.09375 0.11328125
1 0.9328125 0.68828125 0.134375 0.128125
3 0.490625 0.909375 0.79609375 0.18125
1 0.71484375 0.30078125 0.05625 0.071875
2 0.40546875 0.34375 0.08046875 0.09296875
1 0.44921875 0.81015625 0.23984375 0.11640625
1 0.77109375 0.2296875 0.053125 0.0515625
1 0.08203125 0.83359375 0.1625 0.18125
1 0.884375 0.2046875 0.059375 0.05
2 0.93828125 0.825 0.12265625 0.21875