1 0.63984375 0.2203125 0.03359375 0.0484375
1 0.69453125 0.2109375 0.0375 0.05703125
2 0.74765625 0.20078125 0.03046875 0.05703125
2 0.44765625 0.440625 0.05703125 0.13671875
2 0.18515625 0.39140625 0.065625 0.11484375
1 0.7296875 0.2890625 0.046875 0.06640625
1 0.79609375 0.2 0.03359375 0.05390625
2 0.68671875 0.39453125 0.08046875 0.1703125
1 0.77734375 0.38203125 0.06015625 0.09609375
1 0.82578125 0.2890625 0.05546875 0.071875
1 0.41328125 0.3015625 0.04453125 0.06875
1 0.49296875 0.296875 0.04453125 0.0703125
1 0.35390625 0.2796875 0.04375 0.06484375
1 0.3984375 0.22109375 0.0375 0.0484375
1 0.9421875 0.8140625 0.115625 0.221875