1 0.9453125 0.70703125 0.109375 0.15
1 0.74921875 0.56875 0.125 0.190625
1 0.69453125 0.43671875 0.078125 0.12421875
0 0.66171875 0.2609375 0.07265625 0.10703125
1 0.74140625 0.33828125 0.06328125 0.1109375
1 0.46953125 0.14921875 0.03125 0.040625
1 0.42734375 0.15703125 0.03359375 0.03671875
1 0.63125 0.12578125 0.03671875 0.040625
1 0.5828125 0.13359375 0.02890625 0.0296875
1 0.44921875 0.1390625 0.02890625 0.03671875
1 0.15703125 0.24296875 0.06953125 0.05546875
3 0.521875 0.2140625 0.14296875 0.209375
1 0.45703125 0.190625 0.03828125 0.04453125
1 0.49140625 0.13203125 0.02578125 0.03515625
1 0.26171875 0.19296875 0.05234375 0.04453125
1 0.39765625 0.2703125 0.07109375 0.0703125
1 0.24296875 0.33203125 0.08984375 0.07578125
2 0.25078125 0.4890625 0.13984375 0.16640625
1 0.4703125 0.1203125 0.02578125 0.03125
1 0.3734375 0.14453125 0.03984375 0.03671875
1 0.13515625 0.4453125 0.11796875 0.09453125