1 0.08515625 0.57890625 0.13828125 0.17421875
1 0.246875 0.371875 0.109375 0.11484375
1 0.88125 0.25390625 0.046875 0.08359375
1 0.39140625 0.31796875 0.08671875 0.09296875
1 0.475 0.31015625 0.090625 0.11484375
1 0.75390625 0.3359375 0.075 0.121875
1 0.34453125 0.2640625 0.075 0.07578125
1 0.6546875 0.34375 0.07890625 0.1109375
2 0.80078125 0.59375 0.096875 0.2203125
2 0.975 0.53359375 0.05 0.2015625
1 0.58984375 0.18046875 0.04765625 0.059375
1 0.5296875 0.14375 0.046875 0.05390625
1 0.34375 0.75859375 0.184375 0.23671875