0 0.66953125 0.28671875 0.06953125 0.10546875
1 0.946875 0.9046875 0.10625 0.190625
1 0.46953125 0.73828125 0.19140625 0.25546875
1 0.2765625 0.440625 0.05078125 0.13125
1 0.38203125 0.28671875 0.03203125 0.06328125
1 0.396875 0.471875 0.07578125 0.1390625
1 0.84453125 0.675 0.21796875 0.23125
1 0.31171875 0.29375 0.04296875 0.06875
1 0.31015625 0.16328125 0.03671875 0.03125
1 0.30078125 0.196875 0.02890625 0.04453125
1 0.52421875 0.46953125 0.09140625 0.15703125
1 0.43203125 0.3703125 0.05390625 0.09296875
1 0.38671875 0.2265625 0.034375 0.06640625
3 0.34296875 0.19453125 0.0625 0.1296875
3 0.19765625 0.2953125 0.14453125 0.20703125
3 0.22734375 0.20625 0.10078125 0.0984375
1 0.46796875 0.28828125 0.0375 0.09296875
1 0.434375 0.2015625 0.03046875 0.0609375
1 0.48984375 0.1984375 0.02734375 0.0484375
1 0.509375 0.16484375 0.03125 0.0390625
1 0.4671875 0.15625 0.02890625 0.040625
3 0.390625 0.14296875 0.04609375 0.08515625
3 0.08515625 0.303125 0.16796875 0.18359375
1 0.090625 0.4453125 0.09140625 0.11328125
1 0.42890625 0.2453125 0.03515625 0.05
3 0.03984375 0.55 0.07734375 0.2484375