1 0.28359375 0.528125 0.12734375 0.12578125
3 0.54453125 0.209375 0.134375 0.13359375
1 0.4734375 0.46171875 0.10625 0.121875
1 0.47109375 0.378125 0.0875 0.09296875
1 0.57734375 0.37578125 0.08203125 0.0984375
1 0.43046875 0.2890625 0.06640625 0.06328125
1 0.3515625 0.33359375 0.08828125 0.07578125
1 0.55078125 0.3140625 0.08125 0.071875
1 0.63203125 0.22421875 0.04609375 0.05546875
1 0.23828125 0.39140625 0.11171875 0.0890625
1 0.103125 0.44921875 0.134375 0.1
1 0.3375 0.7109375 0.17109375 0.20703125
1 0.62578125 0.26328125 0.06328125 0.059375
2 0.58125 0.24140625 0.065625 0.071875
1 0.61015625 0.4234375 0.09609375 0.1203125
1 0.67734375 0.346875 0.06640625 0.09296875
2 0.52421875 0.275 0.06015625 0.0703125
1 0.64375 0.309375 0.06640625 0.078125
1 0.74921875 0.29609375 0.06015625 0.071875
3 0.9140625 0.91015625 0.171875 0.1796875
2 0.83984375 0.64140625 0.16796875 0.16484375
2 0.70234375 0.24609375 0.08828125 0.1015625
1 0.79453125 0.79453125 0.22734375 0.19453125
1 0.55078125 0.70625 0.225 0.16328125
1 0.77109375 0.2359375 0.05625 0.0515625
1 0.82421875 0.24140625 0.05546875 0.06328125
1 0.05234375 0.53125 0.103125 0.1203125
1 0.88984375 0.2140625 0.04921875 0.04296875