1 0.26171875 0.88515625 0.20859375 0.2296875
1 0.5109375 0.55859375 0.10859375 0.15
1 0.67890625 0.346875 0.07109375 0.08125
1 0.328125 0.6265625 0.13359375 0.17578125
1 0.50859375 0.4296875 0.09375 0.10703125
1 0.4609375 0.32109375 0.07734375 0.06484375
1 0.51953125 0.28671875 0.06875 0.059375
1 0.5765625 0.25546875 0.059375 0.05390625
1 0.615625 0.23359375 0.05078125 0.04453125
1 0.38046875 0.36484375 0.090625 0.078125
1 0.24453125 0.38515625 0.10859375 0.07578125
1 0.36171875 0.33515625 0.08203125 0.06875
1 0.44765625 0.2953125 0.07109375 0.059375
2 0.50546875 0.25625 0.0625 0.05703125
1 0.5671875 0.2265625 0.05390625 0.0515625
1 0.51953125 0.22578125 0.05078125 0.04296875
1 0.075 0.78828125 0.14765625 0.24296875
1 0.0875 0.44921875 0.13828125 0.0984375
1 0.28125 0.428125 0.11015625 0.0890625
1 0.4375 0.38671875 0.09140625 0.11328125
1 0.9625 0.67578125 0.075 0.14296875
1 0.6109375 0.28359375 0.06328125 0.06875
1 0.12578125 0.5 0.14296875 0.10546875
1 0.46015625 0.25546875 0.06484375 0.0484375
1 0.6515625 0.31328125 0.06875 0.07421875
1 0.38125 0.29140625 0.071875 0.05
1 0.7484375 0.23125 0.05546875 0.05
1 0.83046875 0.22109375 0.04921875 0.0515625