2 0.54375 0.7203125 0.21640625 0.30546875
3 0.41875 0.4609375 0.396875 0.35390625
1 0.03125 0.4015625 0.06015625 0.10703125
1 0.975 0.5984375 0.05 0.16328125
2 0.784375 0.49140625 0.2 0.23125
1 0.54765625 0.4296875 0.16171875 0.14609375
2 0.39296875 0.365625 0.11796875 0.14609375
1 0.26953125 0.34296875 0.10625 0.1015625
3 0.14921875 0.28203125 0.18203125 0.16875
1 0.06328125 0.28203125 0.06015625 0.0703125
2 0.8375 0.415625 0.22109375 0.20703125
1 0.60546875 0.36171875 0.13828125 0.12578125
1 0.36328125 0.29140625 0.10859375 0.1109375
0 0.21875 0.1734375 0.08984375 0.10703125
1 0.12421875 0.18984375 0.04453125 0.04609375
1 0.975 0.20234375 0.05 0.0953125
1 0.86484375 0.2015625 0.125 0.09296875
1 0.71953125 0.18359375 0.11171875 0.08125
1 0.58671875 0.171875 0.09453125 0.071875
3 0.43359375 0.1296875 0.19296875 0.1296875
1 0.959375 0.17578125 0.08125 0.0703125
1 0.83359375 0.1640625 0.11796875 0.0703125
1 0.68984375 0.15078125 0.09921875 0.0703125
1 0.5625 0.13515625 0.08671875 0.06875
1 0.36484375 0.13515625 0.05078125 0.05390625
1 0.31328125 0.153125 0.06171875 0.05390625
1 0.3015625 0.13125 0.05703125 0.040625
1 0.24140625 0.14921875 0.04921875 0.04609375
1 0.22421875 0.128125 0.04140625 0.03671875
1 0.1859375 0.14921875 0.03984375 0.04453125