1 0.40078125 0.52421875 0.05078125 0.06484375
1 0.45234375 0.51875 0.046875 0.078125
1 0.3390625 0.5765625 0.05078125 0.07421875
1 0.41953125 0.5546875 0.0625 0.06640625
1 0.5734375 0.9359375 0.10234375 0.128125
3 0.2890625 0.76953125 0.19375 0.38671875
1 0.5015625 0.52890625 0.05390625 0.071875
1 0.51484375 0.4640625 0.05703125 0.05546875
1 0.54375 0.825 0.0875 0.15390625
1 0.54140625 0.73359375 0.07109375 0.11875
1 0.52734375 0.66953125 0.06875 0.11328125
2 0.53515625 0.5546875 0.04921875 0.09609375
1 0.58203125 0.61328125 0.06484375 0.09609375
1 0.6515625 0.56796875 0.05859375 0.0984375
1 0.62265625 0.52890625 0.04453125 0.06640625
1 0.42265625 0.61484375 0.08828125 0.08359375
1 0.66328125 0.4703125 0.03828125 0.05