1 0.01640625 0.275 0.03125 0.05390625
1 0.0609375 0.28671875 0.08671875 0.05
1 0.31328125 0.253125 0.08125 0.0609375
1 0.45390625 0.25 0.07109375 0.0515625
1 0.153125 0.29296875 0.08828125 0.05703125
1 0.22421875 0.26796875 0.07734375 0.059375
3 0.48828125 0.2515625 0.32265625 0.13125
1 0.19453125 0.31640625 0.10078125 0.06640625
3 0.83046875 0.2515625 0.24609375 0.121875
1 0.021875 0.34296875 0.04140625 0.06640625
1 0.37578125 0.3265625 0.10625 0.078125
1 0.58671875 0.30078125 0.09765625 0.07421875
1 0.53515625 0.4359375 0.15859375 0.1015625