0 0.66953125 0.28203125 0.071875 0.1
1 0.74609375 0.9328125 0.2078125 0.134375
1 0.41953125 0.440625 0.06796875 0.10703125
1 0.4015625 0.6234375 0.11484375 0.178125
1 0.36171875 0.328125 0.04765625 0.10390625
3 0.28828125 0.3265625 0.10859375 0.25390625
3 0.27265625 0.2203125 0.1125 0.15390625
3 0.29765625 0.153125 0.071875 0.059375
1 0.62890625 0.59375 0.17734375 0.21640625
1 0.40390625 0.27890625 0.04140625 0.0703125
1 0.46484375 0.28125 0.03359375 0.06328125
1 0.46015625 0.22890625 0.03671875 0.06328125
1 0.42421875 0.21015625 0.028125 0.0515625
3 0.35390625 0.19296875 0.05 0.11484375
3 0.19765625 0.22109375 0.12109375 0.13515625
1 0.19453125 0.315625 0.0625 0.071875
1 0.4375 0.34375 0.046875 0.08515625
1 0.44453125 0.18125 0.02421875 0.0390625
1 0.48125 0.184375 0.03359375 0.05
1 0.39296875 0.17109375 0.02578125 0.04609375
1 0.10078125 0.31015625 0.06796875 0.04609375
1 0.08828125 0.27890625 0.06015625 0.04296875
1 0.43515625 0.16015625 0.02734375 0.03359375
1 0.47109375 0.153125 0.02734375 0.0390625
1 0.52265625 0.15 0.03125 0.03359375
3 0.10625 0.45859375 0.21015625 0.371875