2 0.26640625 0.79140625 0.21015625 0.38671875
1 0.4859375 0.21015625 0.06328125 0.06875
1 0.71953125 0.0765625 0.03359375 0.05390625
1 0.58125 0.2234375 0.05703125 0.0890625
1 0.58671875 0.15703125 0.040625 0.06328125
1 0.67421875 0.34453125 0.06953125 0.121875
1 0.740625 0.1265625 0.04140625 0.059375
1 0.65078125 0.153125 0.040625 0.06875
1 0.878125 0.20859375 0.06484375 0.08359375
1 0.59140625 0.11640625 0.034375 0.059375
1 0.63984375 0.10546875 0.03671875 0.06875
1 0.94609375 0.28125 0.08359375 0.109375
3 0.48828125 0.12890625 0.125 0.159375