0 0.59296875 0.63828125 0.28984375 0.2609375
3 0.87421875 0.109375 0.21484375 0.11875
1 0.06328125 0.43359375 0.125 0.121875
1 0.23046875 0.35 0.11875 0.10390625
1 0.1234375 0.48359375 0.165625 0.1609375
1 0.6875 0.1640625 0.090625 0.05703125
1 0.39921875 0.27421875 0.09765625 0.05546875
3 0.453125 0.1546875 0.303125 0.1390625
1 0.43359375 0.37421875 0.1375 0.11484375
2 0.3734375 0.32421875 0.128125 0.12421875
1 0.60703125 0.13515625 0.07734375 0.05546875
1 0.5234375 0.1984375 0.07890625 0.0609375
1 0.56171875 0.28359375 0.10625 0.07578125
1 0.59453125 0.2359375 0.1 0.06328125
1 0.6921875 0.3203125 0.121875 0.0890625
1 0.71953125 0.20625 0.09765625 0.08515625
1 0.75546875 0.25859375 0.10234375 0.0703125
1 0.86015625 0.28359375 0.10625 0.078125
1 0.25859375 0.178125 0.084375 0.05703125
1 0.16484375 0.21015625 0.09140625 0.05546875
1 0.1015625 0.29453125 0.11484375 0.07421875
1 0.89296875 0.1953125 0.09375 0.06328125
1 0.92421875 0.22578125 0.09453125 0.06484375
1 0.97578125 0.26328125 0.04765625 0.07421875