2 0.61484375 0.615625 0.10078125 0.29296875
1 0.89296875 0.775 0.18828125 0.31484375
1 0.62890625 0.27421875 0.05703125 0.10390625
1 0.7484375 0.05859375 0.02890625 0.04609375
1 0.61328125 0.4203125 0.103125 0.14453125
1 0.79296875 0.09609375 0.04296875 0.05546875
1 0.69140625 0.1953125 0.05078125 0.0890625
1 0.609375 0.13046875 0.0375 0.06328125
1 0.840625 0.12109375 0.04765625 0.06484375
1 0.73984375 0.09921875 0.03828125 0.05703125
1 0.8390625 0.07421875 0.03984375 0.05546875
1 0.60078125 0.0859375 0.03125 0.0484375
1 0.66015625 0.09375 0.03359375 0.0515625
1 0.84921875 0.1984375 0.06484375 0.08515625
1 0.940625 0.16953125 0.05625 0.071875
1 0.9734375 0.27890625 0.053125 0.1046875
2 0.59296875 0.05625 0.02421875 0.04609375
3 0.53203125 0.14296875 0.07109375 0.16484375