1 0.01796875 0.253125 0.034375 0.05390625
1 0.07109375 0.26015625 0.084375 0.0515625
1 0.32265625 0.22421875 0.08359375 0.0609375
1 0.48046875 0.221875 0.08359375 0.05546875
1 0.17109375 0.26171875 0.09375 0.05390625
1 0.1828125 0.234375 0.06953125 0.040625
1 0.25234375 0.3015625 0.10234375 0.0703125
2 0.51015625 0.26875 0.09765625 0.078125
1 0.68984375 0.253125 0.096875 0.059375
3 0.9453125 0.20859375 0.109375 0.11640625
2 0.9203125 0.27421875 0.09453125 0.078125
1 0.93046875 0.2703125 0.06953125 0.06875