1 0.01953125 0.25546875 0.03671875 0.05
1 0.071875 0.2640625 0.08515625 0.05
1 0.3234375 0.2265625 0.08046875 0.059375
1 0.48203125 0.2265625 0.08359375 0.0515625
1 0.17265625 0.26484375 0.09140625 0.0515625
1 0.1984375 0.24296875 0.06953125 0.0484375
1 0.01015625 0.30546875 0.01875 0.05390625
1 0.36640625 0.296875 0.09921875 0.06875
2 0.60703125 0.26484375 0.10078125 0.0796875
1 0.78046875 0.25 0.09375 0.05703125
3 0.971875 0.20859375 0.05625 0.1078125
2 0.98828125 0.28359375 0.02265625 0.071875