1 0.325 0.35390625 0.103125 0.08359375
1 0.45859375 0.340625 0.084375 0.071875
1 0.4265625 0.31328125 0.075 0.0609375
1 0.60546875 0.259375 0.05390625 0.05390625
1 0.51015625 0.27109375 0.05859375 0.05703125
1 0.64921875 0.23125 0.04453125 0.0484375
1 0.4859375 0.2546875 0.04765625 0.0484375
1 0.56171875 0.2484375 0.04609375 0.05390625
1 0.53046875 0.23125 0.04765625 0.0515625
1 0.6015625 0.21640625 0.05 0.05
1 0.32578125 0.82890625 0.16640625 0.2703125
1 0.16796875 0.434375 0.11796875 0.0796875
1 0.30703125 0.4359375 0.11640625 0.08671875
1 0.7484375 0.28515625 0.05625 0.06875
1 0.03125 0.515625 0.06015625 0.08359375
1 0.85546875 0.228125 0.05625 0.05