1 0.125 0.834375 0.18046875 0.2984375
1 0.6359375 0.1765625 0.03046875 0.059375
1 0.69765625 0.18671875 0.03515625 0.04609375
1 0.771875 0.21796875 0.03515625 0.04453125
1 0.65390625 0.265625 0.04140625 0.06875
1 0.73046875 0.26640625 0.04375 0.06875
1 0.67109375 0.35859375 0.05859375 0.1
1 0.81015625 0.259375 0.04609375 0.06328125
1 0.88203125 0.2546875 0.046875 0.0609375
1 0.87890625 0.37421875 0.07265625 0.08515625
1 0.85234375 0.5140625 0.08984375 0.14296875
2 0.4359375 0.23125 0.05 0.10390625
1 0.74921875 0.70390625 0.125 0.2203125