1 0.22109375 0.4203125 0.121875 0.12578125
1 0.09140625 0.3546875 0.07734375 0.1
1 0.975 0.5953125 0.05 0.159375
2 0.78671875 0.49140625 0.203125 0.23359375
1 0.54921875 0.4296875 0.16171875 0.14453125
2 0.39453125 0.36796875 0.11796875 0.15
1 0.27109375 0.34375 0.10625 0.1015625
3 0.15 0.28359375 0.18046875 0.16875
1 0.06484375 0.284375 0.0625 0.0703125
1 0.74921875 0.2703125 0.1375 0.11640625
1 0.48671875 0.27890625 0.11796875 0.09453125
1 0.3234375 0.2859375 0.10703125 0.090625
1 0.3 0.20390625 0.07578125 0.07578125
1 0.11953125 0.18515625 0.04453125 0.04296875
1 0.9765625 0.203125 0.046875 0.096875
1 0.86640625 0.20390625 0.125 0.09296875
1 0.71953125 0.18515625 0.10859375 0.078125
1 0.58203125 0.171875 0.09296875 0.0703125
3 0.40390625 0.13046875 0.178125 0.1296875
1 0.9078125 0.16640625 0.12421875 0.08671875
1 0.76171875 0.15859375 0.103125 0.07421875
1 0.63359375 0.14609375 0.09140625 0.06640625
1 0.509375 0.13515625 0.075 0.06484375
1 0.23828125 0.12578125 0.04296875 0.04296875
1 0.21484375 0.14921875 0.05 0.04296875
1 0.1953125 0.12890625 0.03828125 0.04296875