1 0.575 0.475 0.12734375 0.15546875
1 0.40078125 0.13046875 0.04453125 0.05
2 0.525 0.13984375 0.0625 0.07578125
1 0.2578125 0.50078125 0.10703125 0.16328125
1 0.40859375 0.1703125 0.06484375 0.071875
1 0.57109375 0.1359375 0.04765625 0.059375
1 0.33046875 0.26796875 0.071875 0.09296875
1 0.50390625 0.2265625 0.07109375 0.07421875
1 0.1734375 0.209375 0.04609375 0.06875
1 0.628125 0.23671875 0.08359375 0.078125
1 0.68828125 0.221875 0.078125 0.071875
1 0.73515625 0.1984375 0.07734375 0.06640625
1 0.77265625 0.36640625 0.11796875 0.09609375