1 0.25 0.040625 0.02734375 0.0296875
2 0.5765625 0.61171875 0.18515625 0.28515625
1 0.56171875 0.46796875 0.128125 0.13125
1 0.3265625 0.0515625 0.028125 0.03125
1 0.31640625 0.065625 0.034375 0.03515625
1 0.23828125 0.075 0.03515625 0.0390625
1 0.159375 0.2953125 0.06484375 0.09296875
1 0.2484375 0.2765625 0.06484375 0.0890625
2 0.39921875 0.0703125 0.03984375 0.0484375
1 0.37578125 0.0859375 0.03359375 0.05390625
1 0.3109375 0.09140625 0.034375 0.03515625
1 0.18046875 0.21640625 0.05234375 0.0796875
1 0.25234375 0.184375 0.05546875 0.07421875
1 0.14765625 0.1484375 0.0375 0.0515625
1 0.0671875 0.1609375 0.0375 0.059375
1 0.46484375 0.16328125 0.05625 0.05390625
1 0.3765625 0.15625 0.04765625 0.04609375
1 0.17109375 0.11875 0.03671875 0.04609375
1 0.01328125 0.1484375 0.02421875 0.05
1 0.5125 0.2046875 0.06875 0.071875
1 0.63046875 0.196875 0.07421875 0.06328125
2 0.09453125 0.0953125 0.03359375 0.05703125
1 0.78515625 0.37109375 0.1375 0.1