3 0.47265625 0.4984375 0.071875 0.25
2 0.69296875 0.6734375 0.09453125 0.209375
3 0.58046875 0.528125 0.090625 0.2515625
1 0.71328125 0.6046875 0.065625 0.10546875
1 0.9328125 0.871875 0.134375 0.23125
1 0.61484375 0.478125 0.0375 0.06328125
1 0.68515625 0.51328125 0.04453125 0.06484375
3 0.49296875 0.36328125 0.034375 0.090625
1 0.57890625 0.36796875 0.01796875 0.0296875
1 0.54453125 0.3546875 0.01875 0.03125
1 0.52421875 0.33828125 0.01875 0.03125
1 0.53828125 0.39453125 0.02421875 0.03515625
1 0.54765625 0.33359375 0.01484375 0.01875