1 0.33515625 0.23125 0.046875 0.078125
1 0.634375 0.11953125 0.02734375 0.0515625
1 0.57734375 0.08515625 0.02265625 0.040625
1 0.684375 0.14453125 0.034375 0.05703125
1 0.67109375 0.18828125 0.04921875 0.07421875
1 0.3375 0.5296875 0.10078125 0.16484375
1 0.23515625 0.48671875 0.10078125 0.13359375
1 0.50546875 0.22578125 0.04375 0.07578125
1 0.7390625 0.2140625 0.05234375 0.0703125
1 0.4296875 0.2296875 0.04609375 0.07578125
1 0.47890625 0.1296875 0.028125 0.05
1 0.52734375 0.16953125 0.0375 0.059375
1 0.74765625 0.36953125 0.08203125 0.11875
1 0.909375 0.4265625 0.10390625 0.13515625
1 0.5109375 0.11796875 0.028125 0.04296875
1 0.46171875 0.10546875 0.02265625 0.0390625
3 0.67421875 0.09375 0.053125 0.0890625