1 0.47734375 0.475 0.18671875 0.128125
1 0.9609375 0.47421875 0.078125 0.1546875
1 0.815625 0.33671875 0.121875 0.109375
1 0.9125 0.38671875 0.125 0.12578125
1 0.7734375 0.71171875 0.20390625 0.23515625
1 0.08359375 0.74296875 0.165625 0.23671875
1 0.06640625 0.459375 0.13046875 0.140625
1 0.41171875 0.2203125 0.0875 0.071875
1 0.42421875 0.35859375 0.14453125 0.11640625
1 0.38984375 0.25703125 0.10390625 0.078125
1 0.425 0.3 0.128125 0.1015625
1 0.571875 0.6484375 0.19453125 0.21640625
1 0.46640625 0.59375 0.21484375 0.2
1 0.8234375 0.22421875 0.06875 0.0890625
1 0.68671875 0.21796875 0.08984375 0.0984375
1 0.571875 0.18359375 0.07890625 0.0703125
1 0.52265625 0.16875 0.07265625 0.06875
1 0.65625 0.17421875 0.07421875 0.06640625
1 0.7109375 0.178125 0.08203125 0.07421875