2 0.128125 0.1890625 0.06953125 0.06875
1 0.23359375 0.23515625 0.06484375 0.06640625
1 0.26171875 0.209375 0.07421875 0.06328125
3 0.3203125 0.1515625 0.1875 0.12578125
1 0.2921875 0.28359375 0.07109375 0.08125
1 0.39296875 0.27421875 0.08125 0.07421875
1 0.98125 0.4015625 0.0375 0.08125
1 0.38203125 0.35390625 0.08359375 0.09453125
1 0.50234375 0.3453125 0.09453125 0.09453125
1 0.49140625 0.46328125 0.10703125 0.11640625
1 0.6328125 0.465625 0.11640625 0.11875
1 0.86875 0.309375 0.08671875 0.09609375
2 0.5234375 0.24921875 0.08828125 0.09453125
1 0.85078125 0.3796875 0.10859375 0.11484375
1 0.73203125 0.621875 0.125 0.15703125
1 0.57265625 0.63984375 0.12734375 0.1703125
1 0.7859375 0.25 0.06796875 0.09296875
1 0.73359375 0.20546875 0.05546875 0.06640625
3 0.63515625 0.171875 0.11796875 0.17421875
1 0.88828125 0.53828125 0.15625 0.128125
1 0.925 0.928125 0.15 0.14375