0 0.66328125 0.265625 0.07265625 0.10703125
1 0.765625 0.57421875 0.125 0.19609375
1 0.471875 0.1546875 0.03203125 0.040625
1 0.43046875 0.16171875 0.034375 0.0390625
1 0.45078125 0.14140625 0.02890625 0.03515625
1 0.49140625 0.13671875 0.02890625 0.03671875
1 0.47109375 0.128125 0.028125 0.03359375
1 0.56171875 0.1484375 0.03984375 0.040625
1 0.60390625 0.1453125 0.0375 0.04296875
2 0.403125 0.15546875 0.034375 0.0484375
1 0.525 0.1984375 0.04921875 0.04609375
2 0.06484375 0.259375 0.06171875 0.071875
1 0.475 0.19375 0.04921875 0.04453125
1 0.48359375 0.24375 0.07578125 0.06875
1 0.21328125 0.2265625 0.06171875 0.0515625
2 0.40859375 0.353125 0.07421875 0.10390625
1 0.31328125 0.28828125 0.08515625 0.07421875
1 0.36484375 0.1546875 0.04296875 0.04296875
2 0.23125 0.378125 0.11640625 0.11875
1 0.396875 0.13671875 0.03828125 0.03125
3 0.36328125 0.115625 0.10078125 0.1015625
1 0.03984375 0.48203125 0.07734375 0.09609375