1 0.3015625 0.8671875 0.178125 0.265625
1 0.59921875 0.42890625 0.09453125 0.1296875
1 0.70234375 0.3234375 0.05859375 0.07421875
1 0.78359375 0.25703125 0.05546875 0.06328125
1 0.30078125 0.63515625 0.13515625 0.20546875
1 0.59609375 0.34921875 0.07109375 0.08359375
1 0.68046875 0.28671875 0.06328125 0.07421875
1 0.31953125 0.48515625 0.11015625 0.1203125
1 0.46171875 0.31875 0.07421875 0.06875
1 0.51953125 0.28125 0.06640625 0.05703125
1 0.57578125 0.253125 0.05625 0.05546875
1 0.61484375 0.23203125 0.04921875 0.05
1 0.38046875 0.359375 0.090625 0.0796875
1 0.246875 0.384375 0.10703125 0.07421875
1 0.3609375 0.334375 0.08046875 0.071875
1 0.4453125 0.2953125 0.06875 0.0609375
2 0.50546875 0.25390625 0.06171875 0.05703125
1 0.5671875 0.2265625 0.05390625 0.05390625
1 0.51953125 0.22421875 0.05390625 0.0484375
1 0.51484375 0.340625 0.084375 0.08515625
1 0.08515625 0.4515625 0.13984375 0.10703125
1 0.2828125 0.421875 0.11171875 0.08515625
1 0.64921875 0.2546875 0.059375 0.06875
1 0.79375 0.675 0.18671875 0.14609375
1 0.76328125 0.215625 0.059375 0.0484375
1 0.12578125 0.49453125 0.146875 0.1
1 0.45859375 0.253125 0.06328125 0.05546875
1 0.80390625 0.23125 0.05234375 0.04453125
1 0.37109375 0.2953125 0.08359375 0.05390625