1 0.4890625 0.36875 0.08046875 0.1515625
1 0.52421875 0.6359375 0.11875 0.27578125
1 0.48984375 0.9109375 0.16796875 0.178125
1 0.72734375 0.1546875 0.05859375 0.0890625
0 0.63515625 0.08359375 0.07578125 0.16328125
1 0.15546875 0.1796875 0.053125 0.078125
1 0.4640625 0.08046875 0.05390625 0.07421875
2 0.08828125 0.55859375 0.14140625 0.25390625
1 0.16328125 0.8140625 0.21484375 0.371875
3 0.09375 0.35078125 0.18515625 0.42421875
1 0.77578125 0.24609375 0.10234375 0.11328125
1 0.60078125 0.27421875 0.08125 0.13125
1 0.29453125 0.14375 0.05546875 0.08671875
1 0.88515625 0.41640625 0.146875 0.16875
0 0.36640625 0.12421875 0.078125 0.1703125
3 0.2765625 0.0640625 0.08828125 0.12421875
1 0.9171875 0.8359375 0.165625 0.328125
1 0.18984375 0.1265625 0.05546875 0.07578125