1 0.71484375 0.75390625 0.16484375 0.3984375
1 0.61875 0.27578125 0.065625 0.109375
1 0.76796875 0.0296875 0.03046875 0.05546875
1 0.7890625 0.403125 0.09765625 0.15546875
2 0.60390625 0.17578125 0.04609375 0.090625
1 0.8015625 0.05078125 0.03359375 0.04609375
1 0.65703125 0.15703125 0.05703125 0.07421875
1 0.7578125 0.06796875 0.03515625 0.04609375
1 0.609375 0.10546875 0.03671875 0.05546875
1 0.86640625 0.09140625 0.046875 0.05703125
1 0.82734375 0.11328125 0.046875 0.059375
1 0.83515625 0.14921875 0.05390625 0.08125
1 0.87265625 0.2734375 0.08125 0.11328125
1 0.4875 0.2046875 0.07734375 0.08671875
1 0.95859375 0.25625 0.08203125 0.10546875
1 0.63515625 0.03984375 0.025 0.04296875