1 0.43828125 0.79140625 0.09375 0.228125
1 0.5015625 0.20546875 0.03046875 0.04609375
2 0.2859375 0.82578125 0.11875 0.24453125
1 0.46640625 0.21328125 0.03203125 0.05390625
2 0.43515625 0.209375 0.034375 0.06484375
1 0.40390625 0.225 0.03125 0.05
1 0.18359375 0.42578125 0.078125 0.0984375
3 0.6 0.18828125 0.04296875 0.08671875
1 0.6859375 0.21171875 0.040625 0.05546875
1 0.30078125 0.30859375 0.05 0.071875
1 0.671875 0.2609375 0.04140625 0.06328125
1 0.63515625 0.30625 0.03984375 0.06640625
1 0.35703125 0.23515625 0.03671875 0.05390625
1 0.28515625 0.2703125 0.046875 0.05703125
1 0.7796875 0.46796875 0.07578125 0.11875
1 0.34296875 0.21328125 0.03125 0.04453125
1 0.77265625 0.778125 0.13125 0.23359375