3 0.54609375 0.20625 0.134375 0.13125
1 0.3921875 0.54140625 0.121875 0.15390625
1 0.53828125 0.403125 0.09296875 0.10703125
1 0.43046875 0.28515625 0.065625 0.06328125
1 0.3515625 0.328125 0.08984375 0.07578125
1 0.1953125 0.6359375 0.15859375 0.19296875
1 0.63203125 0.2234375 0.04609375 0.05703125
1 0.2390625 0.38828125 0.11171875 0.08671875
1 0.103125 0.44609375 0.13515625 0.1
1 0.53984375 0.31640625 0.075 0.078125
2 0.58203125 0.23984375 0.06796875 0.07421875
1 0.48828125 0.5984375 0.11953125 0.16640625
2 0.52578125 0.2703125 0.06015625 0.0703125
1 0.61171875 0.3296875 0.07109375 0.08671875
1 0.74140625 0.37890625 0.05234375 0.11328125
2 0.6875 0.25703125 0.09296875 0.11484375
1 0.9234375 0.7359375 0.153125 0.1703125
1 0.76484375 0.2390625 0.06015625 0.05703125
1 0.75703125 0.28359375 0.06328125 0.06640625
1 0.43203125 0.3265625 0.08046875 0.078125
1 0.84609375 0.23203125 0.05390625 0.059375
1 0.64921875 0.25 0.05 0.0515625