1 0.64140625 0.19375 0.03828125 0.05703125
1 0.09375 0.59296875 0.13359375 0.2109375
1 0.3359375 0.42421875 0.07578125 0.121875
1 0.4234375 0.440625 0.078125 0.121875
1 0.7515625 0.30390625 0.05859375 0.08359375
1 0.66875 0.2859375 0.04921875 0.08125
1 0.80625 0.24921875 0.05546875 0.0703125
1 0.82421875 0.18359375 0.04140625 0.05
1 0.678125 0.3953125 0.06640625 0.10390625
2 0.33125 0.30859375 0.06875 0.11328125
2 0.2671875 0.24609375 0.053125 0.09296875
1 0.34609375 0.23984375 0.05078125 0.05546875
1 0.815625 0.4046875 0.06953125 0.10390625
1 0.4859375 0.240625 0.04453125 0.078125
1 0.87890625 0.33828125 0.07421875 0.10390625
1 0.4359375 0.19921875 0.03515625 0.0609375
1 0.9078125 0.65625 0.12421875 0.1796875
1 0.94140625 0.29140625 0.06640625 0.078125
1 0.50859375 0.178125 0.03125 0.05390625
2 0.8203125 0.909375 0.16328125 0.15546875