1 0.51953125 0.5015625 0.11171875 0.1609375
1 0.6015625 0.40078125 0.07890625 0.11484375
1 0.70859375 0.31171875 0.06953125 0.09453125
1 0.7671875 0.2703125 0.05703125 0.06484375
1 0.80859375 0.24296875 0.04765625 0.05703125
1 0.4046875 0.509375 0.1125 0.14453125
1 0.50859375 0.409375 0.08515625 0.1
1 0.6234375 0.30625 0.06484375 0.078125
1 0.68125 0.2734375 0.05390625 0.05703125
1 0.74140625 0.246875 0.05859375 0.05546875
1 0.07265625 0.8484375 0.14296875 0.271875
3 0.37265625 0.396875 0.26171875 0.2703125
1 0.60859375 0.2765625 0.06328125 0.06484375
1 0.46875 0.32421875 0.08359375 0.06875
1 0.52421875 0.278125 0.06171875 0.0609375
1 0.57578125 0.246875 0.0625 0.05703125
1 0.61640625 0.2203125 0.05 0.04453125
1 0.390625 0.371875 0.10078125 0.0796875
1 0.24453125 0.375 0.09921875 0.07421875
1 0.36953125 0.3265625 0.09296875 0.071875
1 0.45 0.290625 0.08046875 0.06640625
2 0.50546875 0.2453125 0.05703125 0.05546875
1 0.56796875 0.21875 0.04765625 0.04609375
1 0.521875 0.22109375 0.04609375 0.0484375
1 0.68359375 0.24296875 0.0625 0.05703125
1 0.08828125 0.44609375 0.14296875 0.10703125
2 0.890625 0.6453125 0.21875 0.1703125
1 0.28671875 0.41875 0.115625 0.0890625
1 0.75078125 0.215625 0.05703125 0.059375
1 0.57109375 0.6734375 0.18984375 0.140625
1 0.8171875 0.2 0.06328125 0.040625
1 0.12421875 0.49375 0.140625 0.10390625
1 0.44609375 0.2515625 0.06484375 0.0515625
1 0.83828125 0.215625 0.05546875 0.0390625
1 0.13046875 0.384375 0.12578125 0.06875