1 0.4734375 0.21015625 0.05625 0.07578125
1 0.4125 0.84921875 0.171875 0.3015625
1 0.53828125 0.24921875 0.06171875 0.11328125
1 0.58203125 0.49140625 0.10703125 0.1984375
1 0.64375 0.2546875 0.05859375 0.10703125
1 0.5765625 0.16953125 0.04609375 0.07578125
1 0.79609375 0.1015625 0.04453125 0.06484375
1 0.7609375 0.146875 0.05 0.071875
1 0.65078125 0.1703125 0.04375 0.078125
2 0.5953125 0.10078125 0.04453125 0.090625
2 0.83203125 0.1359375 0.05625 0.09296875
1 0.44140625 0.184375 0.078125 0.071875
1 0.85546875 0.2390625 0.071875 0.09453125
1 0.85546875 0.37890625 0.10546875 0.14609375
3 0.49140625 0.1046875 0.12578125 0.159375