1 0.4890625 0.36875 0.08046875 0.1515625
1 0.52421875 0.6359375 0.11875 0.27578125
1 0.48984375 0.9109375 0.16796875 0.178125
1 0.83671875 0.125 0.096875 0.078125
1 0.74765625 0.19140625 0.06875 0.10703125
0 0.65703125 0.12890625 0.09453125 0.20546875
1 0.2015625 0.134375 0.05859375 0.07421875
1 0.4640625 0.08046875 0.05390625 0.07421875
1 0.56640625 0.0890625 0.03515625 0.05546875
2 0.225 0.30859375 0.08359375 0.1390625
1 0.31015625 0.3734375 0.090625 0.1703125
3 0.11796875 0.27890625 0.23359375 0.3703125
1 0.82734375 0.309375 0.115625 0.1203125
1 0.64921875 0.459375 0.12265625 0.20703125
1 0.31875 0.1 0.046875 0.06484375
1 0.93671875 0.5515625 0.12578125 0.228125
0 0.384375 0.06796875 0.06640625 0.13125
3 0.29609375 0.05 0.07890625 0.09609375