0 0.66484375 0.259375 0.078125 0.11640625
1 0.86875 0.62421875 0.16484375 0.22578125
1 0.71484375 0.5453125 0.08359375 0.1609375
1 0.69765625 0.41953125 0.07109375 0.1203125
1 0.7203125 0.32578125 0.06484375 0.10546875
1 0.7546875 0.2765625 0.053125 0.08515625
1 0.79609375 0.234375 0.046875 0.07421875
1 0.9625 0.90234375 0.075 0.1953125
1 0.81953125 0.19921875 0.04921875 0.0609375
1 0.60234375 0.85546875 0.253125 0.2203125
2 0.46171875 0.153125 0.04921875 0.05
1 0.56484375 0.2015625 0.06953125 0.059375
1 0.24296875 0.8109375 0.25625 0.18125
1 0.86953125 0.17578125 0.06875 0.05703125
1 0.7453125 0.16484375 0.065625 0.04609375
3 0.14453125 0.21171875 0.203125 0.1609375