1 0.0171875 0.27578125 0.03203125 0.05390625
1 0.0609375 0.28515625 0.08671875 0.05
1 0.31015625 0.253125 0.07421875 0.059375
1 0.47890625 0.25 0.07109375 0.05
1 0.15234375 0.29296875 0.08515625 0.05546875
1 0.22890625 0.26640625 0.071875 0.059375
3 0.49140625 0.25 0.32265625 0.12421875
1 0.20234375 0.31484375 0.09921875 0.06875
3 0.83359375 0.253125 0.246875 0.121875
1 0.0296875 0.34296875 0.05703125 0.071875
1 0.39296875 0.325 0.103125 0.078125
1 0.60234375 0.30078125 0.096875 0.071875
1 0.49921875 0.4390625 0.15625 0.0984375