1 0.31953125 0.8640625 0.17109375 0.271875
1 0.596875 0.44296875 0.090625 0.11484375
1 0.071875 0.928125 0.14375 0.14375
1 0.36640625 0.58203125 0.13046875 0.16484375
1 0.46328125 0.325 0.07578125 0.06875
1 0.521875 0.28671875 0.06875 0.05703125
1 0.57578125 0.2546875 0.05859375 0.05
1 0.61640625 0.234375 0.053125 0.0484375
1 0.37890625 0.365625 0.090625 0.071875
1 0.246875 0.3859375 0.10390625 0.071875
1 0.3625 0.3390625 0.07890625 0.07578125
1 0.4484375 0.3 0.07109375 0.06640625
2 0.50703125 0.26015625 0.06171875 0.059375
1 0.56875 0.228125 0.05078125 0.0515625
1 0.51953125 0.2234375 0.05 0.04453125
1 0.08828125 0.45625 0.1375 0.1015625
1 0.28203125 0.425 0.1125 0.0890625
1 0.24140625 0.55859375 0.12890625 0.1796875
1 0.52109375 0.346875 0.075 0.08515625
1 0.12734375 0.503125 0.14296875 0.10390625
1 0.45859375 0.25859375 0.06015625 0.05
1 0.5515625 0.39140625 0.08671875 0.09296875
1 0.38203125 0.2953125 0.06953125 0.05390625
1 0.678125 0.259375 0.0625 0.059375
1 0.77734375 0.2453125 0.05078125 0.05703125