1 0.40859375 0.51328125 0.05078125 0.05703125
1 0.46015625 0.5109375 0.05390625 0.07421875
1 0.35625 0.578125 0.05234375 0.078125
1 0.55703125 0.9796875 0.1 0.040625
3 0.2140625 0.825 0.42578125 0.35
1 0.41953125 0.5546875 0.0625 0.06640625
1 0.57734375 0.875 0.09765625 0.18125
3 0.3421875 0.671875 0.175 0.259375
1 0.78984375 0.9109375 0.14921875 0.178125
1 0.50625 0.525 0.05390625 0.06640625
1 0.3265625 0.49375 0.08046875 0.0515625
1 0.51484375 0.4640625 0.05703125 0.05546875
1 0.57890625 0.546875 0.05 0.0703125
1 0.65390625 0.521875 0.05 0.071875
1 0.58203125 0.45390625 0.04453125 0.05390625
1 0.62734375 0.48125 0.040625 0.06328125
1 0.63671875 0.43984375 0.03515625 0.05
1 0.53984375 0.60390625 0.05703125 0.09296875
1 0.7890625 0.75 0.15546875 0.140625
2 0.66484375 0.41640625 0.03359375 0.0515625