0 0.66484375 0.26953125 0.07421875 0.10703125
1 0.471875 0.15859375 0.03359375 0.040625
1 0.43125 0.16484375 0.03359375 0.0390625
1 0.45078125 0.14453125 0.03046875 0.03671875
1 0.49140625 0.140625 0.03125 0.0390625
1 0.4703125 0.13046875 0.03046875 0.03359375
2 0.40078125 0.159375 0.034375 0.0484375
1 0.609375 0.134375 0.028125 0.03515625
1 0.628125 0.1546875 0.034375 0.04453125
3 0.66171875 0.13828125 0.10390625 0.1109375
1 0.55234375 0.1546875 0.040625 0.040625
2 0.36875 0.1765625 0.03203125 0.05703125
1 0.59140625 0.1609375 0.040625 0.040625
1 0.13046875 0.253125 0.071875 0.06328125
1 0.51953125 0.20546875 0.053125 0.0515625
1 0.4515625 0.20859375 0.06171875 0.05
1 0.26015625 0.19453125 0.05546875 0.04453125
1 0.35078125 0.3140625 0.0875 0.07421875
1 0.35546875 0.15078125 0.04609375 0.03671875
1 0.43203125 0.134375 0.034375 0.03671875
1 0.07265625 0.5203125 0.14375 0.11328125