3 0.54609375 0.20546875 0.134375 0.13125
1 0.103125 0.86796875 0.20625 0.2640625
1 0.390625 0.56015625 0.12109375 0.15
1 0.43046875 0.28359375 0.06484375 0.06328125
1 0.3515625 0.325 0.08984375 0.07578125
1 0.63203125 0.221875 0.046875 0.05703125
1 0.2390625 0.3859375 0.1125 0.08671875
1 0.10234375 0.44453125 0.13671875 0.1
1 0.28046875 0.51328125 0.128125 0.14296875
2 0.58203125 0.2390625 0.06875 0.07421875
2 0.52734375 0.26875 0.06015625 0.06875
1 0.52265625 0.4046875 0.09453125 0.10390625
1 0.9203125 0.6484375 0.159375 0.225
2 0.62890625 0.28671875 0.109375 0.14296875
1 0.73046875 0.25078125 0.06484375 0.0609375
1 0.50234375 0.5859375 0.125 0.18125
1 0.4359375 0.3234375 0.07890625 0.06875
1 0.78046875 0.2890625 0.05546875 0.071875
1 0.51328125 0.3296875 0.08125 0.08359375