1 0.68828125 0.021875 0.01796875 0.0203125
1 0.69921875 0.040625 0.01953125 0.03359375
1 0.18046875 0.4640625 0.1125 0.14453125
1 0.7265625 0.04609375 0.025 0.021875
1 0.72421875 0.0265625 0.01875 0.01875
1 0.3234375 0.30859375 0.06328125 0.0984375
1 0.7265625 0.07578125 0.03046875 0.040625
1 0.76796875 0.05703125 0.025 0.028125
1 0.759375 0.08984375 0.02890625 0.040625
2 0.678125 0.05859375 0.02578125 0.04609375
1 0.79609375 0.075 0.03671875 0.0484375
1 0.6484375 0.140625 0.03984375 0.0609375
1 0.59765625 0.103125 0.028125 0.05
1 0.77421875 0.11875 0.03984375 0.05390625
1 0.83046875 0.12890625 0.05078125 0.03671875
1 0.83359375 0.1640625 0.05390625 0.06328125
1 0.88671875 0.1296875 0.06796875 0.06640625
1 0.58515625 0.04140625 0.02109375 0.03515625
1 0.6125 0.0296875 0.02109375 0.03515625
1 0.54375 0.03828125 0.01875 0.03359375
3 0.5375 0.15390625 0.071875 0.16640625