1 0.19921875 0.23125 0.06875 0.06640625
1 0.2109375 0.1984375 0.07578125 0.05546875
1 0.29296875 0.28125 0.07421875 0.078125
1 0.33203125 0.24609375 0.071875 0.06875
2 0.15078125 0.16328125 0.0875 0.06875
1 0.425 0.296875 0.08125 0.08359375
1 0.36484375 0.346875 0.0875 0.09609375
3 0.8625 0.38828125 0.275 0.3609375
1 0.42421875 0.22890625 0.07109375 0.05546875
1 0.55078125 0.40625 0.09609375 0.10390625
1 0.51953125 0.4859375 0.12421875 0.121875
2 0.70234375 0.253125 0.07109375 0.10546875
3 0.61953125 0.15859375 0.0875 0.14296875