1 0.65546875 0.34609375 0.115625 0.1203125
1 0.08671875 0.728125 0.17109375 0.24296875
1 0.04765625 0.396875 0.09375 0.1203125
1 0.82265625 0.2359375 0.05625 0.0890625
1 0.2359375 0.30625 0.13515625 0.10703125
1 0.3859375 0.24140625 0.078125 0.08515625
1 0.95546875 0.29609375 0.08828125 0.10546875
1 0.978125 0.37890625 0.04375 0.1453125
1 0.76171875 0.36875 0.13984375 0.121875
1 0.8046875 0.45 0.14765625 0.14609375
1 0.41640625 0.2765625 0.11484375 0.0984375
1 0.51875 0.26328125 0.115625 0.10390625
1 0.4234375 0.63671875 0.23984375 0.209375
1 0.7984375 0.640625 0.18984375 0.22578125
1 0.7015625 0.21484375 0.09921875 0.090625
1 0.63828125 0.18203125 0.07578125 0.078125
1 0.67890625 0.18046875 0.08828125 0.1
1 0.31015625 0.8765625 0.31875 0.24609375