1 0.7515625 0.95546875 0.203125 0.0890625
1 0.32109375 0.7 0.15625 0.18515625
1 0.14921875 0.5390625 0.09296875 0.12421875
1 0.05234375 0.45 0.06484375 0.08359375
3 0.07109375 0.3546875 0.13984375 0.140625
1 0.140625 0.43515625 0.08046875 0.08671875
3 0.36640625 0.546875 0.4125 0.4109375
3 0.80625 0.7859375 0.3875 0.425
1 0.46796875 0.4703125 0.12421875 0.1015625
3 0.29375 0.3296875 0.16328125 0.1609375
1 0.44296875 0.40546875 0.09453125 0.09296875
1 0.58828125 0.46015625 0.12265625 0.11484375
1 0.77265625 0.528125 0.153125 0.1390625
3 0.909375 0.45703125 0.18125 0.2109375
1 0.66953125 0.43125 0.121875 0.10390625
1 0.50390625 0.38046875 0.090625 0.09296875
3 0.38203125 0.31328125 0.16796875 0.1484375
1 0.0171875 0.4046875 0.03203125 0.0703125
1 0.9515625 0.59375 0.096875 0.109375