1 0.24453125 0.03984375 0.01875 0.03671875
1 0.70078125 0.8140625 0.21484375 0.3296875
1 0.946875 0.7953125 0.10625 0.253125
1 0.34609375 0.3765625 0.0875 0.11875
1 0.2390625 0.4609375 0.09375 0.13515625
1 0.27890625 0.0765625 0.03046875 0.03671875
1 0.203125 0.06796875 0.02890625 0.0296875
1 0.43125 0.33515625 0.08984375 0.109375
1 0.09765625 0.5359375 0.09296875 0.159375
1 0.2484375 0.08359375 0.03203125 0.03515625
1 0.31953125 0.07578125 0.03359375 0.040625
2 0.21796875 0.26015625 0.06171875 0.1203125
1 0.33515625 0.13203125 0.046875 0.04296875
1 0.4984375 0.13046875 0.046875 0.05390625
1 0.0671875 0.15546875 0.034375 0.059375
2 0.09921875 0.10625 0.034375 0.059375
1 0.1359375 0.09375 0.028125 0.0390625
1 0.61953125 0.28515625 0.09375 0.0796875
1 0.92265625 0.315625 0.115625 0.09296875