1 0.6296875 0.35625 0.08125 0.1390625
1 0.92109375 0.734375 0.15703125 0.27421875
2 0.61328125 0.225 0.046875 0.11640625
1 0.78359375 0.03515625 0.03046875 0.04609375
1 0.6890625 0.20859375 0.0625 0.09296875
1 0.73203125 0.03828125 0.02890625 0.04453125
1 0.61171875 0.13203125 0.03984375 0.06484375
1 0.83046875 0.06328125 0.04140625 0.0484375
1 0.78671875 0.07890625 0.03828125 0.05
1 0.7984375 0.1046875 0.04609375 0.05703125
1 0.79765625 0.16328125 0.05234375 0.0796875
1 0.51171875 0.225 0.0625 0.08671875
1 0.8921875 0.18828125 0.06796875 0.08515625
1 0.64453125 0.065625 0.02890625 0.05
1 0.59375 0.04453125 0.02734375 0.040625
1 0.96875 0.24375 0.0625 0.10703125
1 0.95859375 0.41015625 0.08203125 0.1515625
3 0.54453125 0.0546875 0.04921875 0.10546875