1 0.19609375 0.23359375 0.05703125 0.04453125
1 0.2734375 0.228125 0.040625 0.04296875
1 0.25859375 0.25 0.034375 0.05546875
1 0.303125 0.25390625 0.03515625 0.05546875
1 0.9578125 0.45546875 0.084375 0.0953125
1 0.71484375 0.43125 0.11796875 0.109375
1 0.8578125 0.45703125 0.13125 0.11328125
1 0.34453125 0.3046875 0.04921875 0.06328125
1 0.7890625 0.36953125 0.10234375 0.09453125
1 0.590625 0.36015625 0.08046875 0.08359375
1 0.68984375 0.36171875 0.09375 0.078125
1 0.3765625 0.36875 0.06640625 0.078125
1 0.65859375 0.30390625 0.071875 0.071875
1 0.453125 0.29140625 0.05234375 0.0703125
1 0.55 0.3046875 0.065625 0.06484375
1 0.5734375 0.2859375 0.05703125 0.06328125
1 0.58828125 0.25859375 0.04921875 0.0609375
2 0.48828125 0.234375 0.05234375 0.08125
1 0.36953125 0.725 0.0875 0.18515625
1 0.52734375 0.2265625 0.03828125 0.05390625
1 0.37734375 0.22578125 0.03984375 0.05
1 0.4484375 0.2234375 0.03125 0.0484375
1 0.209375 0.9 0.12734375 0.2