1 0.703125 0.16640625 0.02890625 0.04296875
2 0.6140625 0.21328125 0.03515625 0.06328125
2 0.20078125 0.325 0.075 0.14296875
1 0.6390625 0.3046875 0.04375 0.0703125
1 0.37421875 0.3390625 0.05234375 0.07578125
1 0.71875 0.3 0.04921875 0.07421875
1 0.790625 0.30078125 0.05390625 0.0703125
2 0.27265625 0.259375 0.05625 0.109375
1 0.83671875 0.25 0.04765625 0.059375
1 0.66640625 0.4453125 0.07109375 0.12421875
1 0.40546875 0.19609375 0.03203125 0.04609375
1 0.3640625 0.18984375 0.03046875 0.04296875
1 0.9734375 0.51640625 0.053125 0.1203125
1 0.95625 0.9421875 0.0875 0.115625