1 0.3671875 0.46015625 0.1125 0.12421875
3 0.54453125 0.2109375 0.134375 0.13515625
1 0.48203125 0.45390625 0.10234375 0.12421875
1 0.475 0.37421875 0.08671875 0.0890625
1 0.58671875 0.36875 0.07890625 0.08671875
1 0.43046875 0.29296875 0.06796875 0.06328125
1 0.3515625 0.33828125 0.08828125 0.07578125
1 0.55234375 0.3140625 0.08046875 0.07578125
1 0.63125 0.225 0.04453125 0.05546875
1 0.2375 0.3953125 0.11015625 0.090625
1 0.10390625 0.453125 0.13359375 0.0984375
1 0.5140625 0.53515625 0.11640625 0.13359375
1 0.62578125 0.2640625 0.06171875 0.06328125
2 0.58046875 0.24375 0.06484375 0.0703125
1 0.61328125 0.4203125 0.09609375 0.11875
1 0.67734375 0.34453125 0.06796875 0.08359375
2 0.521875 0.2796875 0.06015625 0.071875
1 0.65078125 0.3015625 0.0625 0.06484375
1 0.75078125 0.29609375 0.0625 0.0703125
1 0.95546875 0.63984375 0.08828125 0.14453125
1 0.82578125 0.815625 0.23828125 0.18359375
3 0.3859375 0.90234375 0.771875 0.1953125
2 0.76015625 0.63984375 0.16328125 0.1703125
2 0.7140625 0.23671875 0.0875 0.10546875
1 0.396875 0.765625 0.21171875 0.13515625
1 0.30078125 0.6984375 0.21875 0.15546875
1 0.89609375 0.19609375 0.06328125 0.04609375