1 0.46796875 0.834375 0.20390625 0.2515625
1 0.21875 0.6 0.11328125 0.14609375
1 0.08984375 0.49296875 0.07421875 0.1
3 0.07109375 0.3546875 0.13984375 0.140625
1 0.140625 0.43671875 0.078125 0.08671875
3 0.36640625 0.546875 0.4125 0.4109375
3 0.8046875 0.784375 0.390625 0.43125
1 0.7375 0.5859375 0.16640625 0.15
3 0.29453125 0.32890625 0.1625 0.15390625
1 0.44296875 0.40546875 0.09453125 0.09296875
1 0.58828125 0.46015625 0.12265625 0.11484375
1 0.77265625 0.528125 0.153125 0.1390625
3 0.909375 0.45703125 0.18125 0.2109375
1 0.66953125 0.43125 0.121875 0.10390625
1 0.50390625 0.38046875 0.090625 0.09296875
3 0.38203125 0.31328125 0.16796875 0.1484375
1 0.0234375 0.41796875 0.04453125 0.08671875
1 0.95 0.5953125 0.1 0.1125