1 0.21796875 0.0515625 0.02421875 0.03125
1 0.4109375 0.80625 0.18125 0.27421875
1 0.2625 0.07109375 0.03203125 0.03515625
1 0.3015625 0.06484375 0.03203125 0.03671875
1 0.23359375 0.07890625 0.02890625 0.03125
1 0.28671875 0.10703125 0.03671875 0.03359375
1 0.24921875 0.29375 0.06875 0.090625
2 0.11015625 0.23671875 0.05078125 0.1
2 0.38671875 0.0953125 0.04453125 0.05546875
1 0.415625 0.08359375 0.03203125 0.0390625
1 0.13984375 0.16640625 0.04296875 0.0609375
2 0.51171875 0.14609375 0.06171875 0.06484375
1 0.10625 0.12578125 0.03515625 0.04609375
2 0.57578125 0.13671875 0.065625 0.06875
1 0.55703125 0.2046875 0.07109375 0.06640625
1 0.034375 0.3359375 0.06640625 0.1203125
1 0.10703125 0.0703125 0.025 0.03125
2 0.01328125 0.18671875 0.025 0.08359375
1 0.86484375 0.41796875 0.15703125 0.12578125
1 0.9640625 0.340625 0.071875 0.0890625