1 0.67578125 0.1859375 0.02890625 0.04296875
1 0.6390625 0.21640625 0.03359375 0.0515625
1 0.10703125 0.59296875 0.11640625 0.17578125
1 0.72109375 0.1796875 0.02890625 0.05390625
1 0.70703125 0.240625 0.03984375 0.059375
1 0.64921875 0.25 0.03828125 0.06328125
1 0.30390625 0.434375 0.06875 0.1015625
1 0.4578125 0.434375 0.06171875 0.10546875
1 0.12578125 0.44140625 0.08984375 0.121875
1 0.784375 0.25 0.03984375 0.05
2 0.78125 0.190625 0.03671875 0.05546875
1 0.65859375 0.3484375 0.05078125 0.08515625
1 0.81640625 0.30703125 0.05390625 0.071875
2 0.49609375 0.24609375 0.03828125 0.078125
1 0.46328125 0.20703125 0.03046875 0.0484375
1 0.80703125 0.4890625 0.08671875 0.15
2 0.41328125 0.2015625 0.028125 0.05703125