1 0.24765625 0.90546875 0.12421875 0.1890625
1 0.309375 0.54296875 0.06953125 0.13671875
1 0.059375 0.6296875 0.11640625 0.16640625
1 0.184375 0.6 0.10390625 0.17421875
1 0.41171875 0.459375 0.06171875 0.11328125
1 0.66015625 0.38359375 0.10234375 0.1015625
1 0.49296875 0.3234375 0.06953125 0.078125
2 0.5109375 0.26875 0.06640625 0.08359375
1 0.59921875 0.27578125 0.065625 0.06484375
1 0.4375 0.23671875 0.0375 0.05546875
1 0.8984375 0.74921875 0.203125 0.1859375
1 0.43203125 0.95078125 0.10859375 0.0984375