1 0.1875 0.2296875 0.05078125 0.04453125
1 0.25078125 0.21953125 0.04453125 0.04296875
1 0.3 0.24609375 0.04453125 0.04453125
1 0.97734375 0.45390625 0.04453125 0.078125
1 0.82890625 0.503125 0.12421875 0.11640625
1 0.934375 0.4953125 0.13125 0.125
1 0.3109375 0.28203125 0.04140625 0.05546875
1 0.81484375 0.38359375 0.10390625 0.09453125
1 0.61328125 0.3984375 0.08671875 0.09296875
1 0.7015625 0.4 0.09921875 0.09296875
1 0.6953125 0.3515625 0.084375 0.0703125
1 0.69296875 0.31484375 0.075 0.06875
2 0.5890625 0.29296875 0.08046875 0.1109375
1 0.36953125 0.40703125 0.05390625 0.09296875
1 0.61015625 0.284375 0.04765625 0.05546875
1 0.4828125 0.3109375 0.06171875 0.071875
1 0.52421875 0.278125 0.04609375 0.05703125
1 0.26640625 0.44296875 0.06484375 0.09453125
1 0.41484375 0.57578125 0.075 0.13671875
2 0.675 0.5984375 0.12265625 0.17421875
1 0.22734375 0.75546875 0.115625 0.228125
1 0.45546875 0.2296875 0.03359375 0.05
1 0.5328125 0.2390625 0.04609375 0.059375
1 0.365625 0.865625 0.10390625 0.24609375
1 0.49296875 0.21796875 0.04140625 0.05546875