1 0.03046875 0.86953125 0.05859375 0.178125
1 0.3125 0.875 0.23671875 0.22578125
1 0.7703125 0.90078125 0.30625 0.1984375
0 0.59921875 0.5890625 0.29453125 0.25703125
1 0.73359375 0.1859375 0.103125 0.08359375
1 0.8890625 0.2265625 0.12734375 0.09296875
1 0.8078125 0.16953125 0.1 0.08125
1 0.66640625 0.13125 0.08515625 0.08125
1 0.56015625 0.11796875 0.08125 0.06640625
1 0.4609375 0.096875 0.06640625 0.06640625
1 0.390625 0.07890625 0.05625 0.059375
1 0.35234375 0.0640625 0.03671875 0.05546875
1 0.3078125 0.16015625 0.08125 0.07421875
1 0.71015625 0.32890625 0.14453125 0.11328125