0 0.66484375 0.26875 0.07265625 0.10703125
1 0.471875 0.15703125 0.03359375 0.040625
1 0.43046875 0.1640625 0.03359375 0.0390625
1 0.45078125 0.14375 0.03046875 0.03671875
1 0.49140625 0.13984375 0.03046875 0.0390625
1 0.47109375 0.1296875 0.02890625 0.03359375
2 0.4015625 0.15703125 0.034375 0.0484375
2 0.64140625 0.146875 0.03203125 0.05
1 0.58984375 0.13125 0.0375 0.04296875
2 0.61640625 0.13828125 0.03984375 0.04453125
1 0.06484375 0.29140625 0.08046875 0.06640625
3 0.02890625 0.2515625 0.05625 0.14296875
1 0.54140625 0.171875 0.04140625 0.0515625
1 0.5125 0.1984375 0.046875 0.05546875
1 0.2203125 0.21328125 0.05625 0.0484375
3 0.51015625 0.2453125 0.17421875 0.20703125
1 0.44140625 0.21171875 0.05859375 0.05390625
2 0.36171875 0.16640625 0.03203125 0.0515625
1 0.46796875 0.2390625 0.05234375 0.059375
1 0.32265625 0.16640625 0.04921875 0.04453125
1 0.29609375 0.35078125 0.09296875 0.078125
1 0.15 0.3890625 0.11640625 0.08671875
1 0.40078125 0.134375 0.040625 0.03515625