1 0.4109375 0.43515625 0.10234375 0.0984375
3 0.5453125 0.2203125 0.13359375 0.1296875
1 0.653125 0.31484375 0.06640625 0.0703125
1 0.55625 0.32421875 0.07265625 0.07421875
1 0.73359375 0.26640625 0.05859375 0.059375
1 0.42734375 0.30078125 0.065625 0.0609375
1 0.31640625 0.3640625 0.09453125 0.08515625
1 0.6734375 0.25546875 0.06171875 0.05390625
1 0.58203125 0.2609375 0.059375 0.059375
1 0.18828125 0.428125 0.12109375 0.09609375
3 0.83125 0.7953125 0.3375 0.409375
1 0.7921875 0.7515625 0.18046875 0.178125
1 0.05546875 0.49296875 0.10859375 0.11640625
3 0.39609375 0.909375 0.790625 0.18125
1 0.82734375 0.23203125 0.04296875 0.05546875
1 0.09453125 0.73203125 0.1875 0.15
1 0.8875 0.20078125 0.05859375 0.05
1 0.3984375 0.75078125 0.23125 0.16484375
1 0.26796875 0.6546875 0.17265625 0.13125