1 0.2015625 0.26875 0.115625 0.10703125
1 0.47109375 0.171875 0.08203125 0.0796875
1 0.23671875 0.36171875 0.159375 0.13125
1 0.07421875 0.51484375 0.14609375 0.15546875
1 0.94296875 0.21015625 0.08671875 0.109375
1 0.26171875 0.30625 0.15 0.10546875
1 0.60234375 0.16015625 0.08984375 0.07421875
2 0.63203125 0.10390625 0.07734375 0.078125
2 0.7234375 0.17109375 0.10078125 0.0984375
1 0.95 0.48125 0.1 0.1703125
2 0.72734375 0.09609375 0.07421875 0.07578125
1 0.825 0.1140625 0.07578125 0.07421875
1 0.22890625 0.890625 0.27109375 0.21875