1 0.296875 0.57890625 0.07421875 0.1484375
1 0.290625 0.35859375 0.046875 0.090625
1 0.37421875 0.33984375 0.05234375 0.0796875
1 0.91328125 0.55703125 0.15 0.14453125
2 0.69765625 0.36171875 0.115625 0.1203125
1 0.85 0.4 0.10234375 0.09609375
1 0.55078125 0.3015625 0.071875 0.071875
1 0.50859375 0.45703125 0.11328125 0.1015625
1 0.42109375 0.61015625 0.08203125 0.15390625
1 0.528125 0.25625 0.05234375 0.06328125
1 0.64765625 0.2765625 0.07265625 0.07421875
1 0.4484375 0.2359375 0.04453125 0.0515625
1 0.484375 0.22421875 0.03984375 0.05546875
1 0.2234375 0.88671875 0.12109375 0.22578125