1 0.6421875 0.23125 0.03671875 0.06484375
1 0.31171875 0.490625 0.08046875 0.12578125
1 0.70859375 0.23984375 0.03828125 0.0609375
2 0.40625 0.53984375 0.084375 0.18125
1 0.7875 0.18203125 0.03359375 0.0515625
1 0.66328125 0.321875 0.04921875 0.07421875
1 0.74921875 0.32578125 0.05703125 0.078125
1 0.4203125 0.33515625 0.05234375 0.0890625
1 0.28046875 0.271875 0.046875 0.06328125
1 0.84453125 0.3359375 0.06328125 0.08359375
1 0.69765625 0.51953125 0.08984375 0.1484375
2 0.39140625 0.20859375 0.03515625 0.06328125
1 0.91328125 0.30625 0.06640625 0.078125
1 0.89921875 0.5609375 0.10546875 0.1515625
1 0.50546875 0.19453125 0.034375 0.05390625