1 0.7015625 0.0203125 0.01796875 0.03671875
1 0.16328125 0.4859375 0.121875 0.1609375
1 0.72734375 0.0296875 0.02421875 0.0203125
1 0.72109375 0.01640625 0.01875 0.0296875
1 0.3109375 0.328125 0.06875 0.10546875
1 0.72734375 0.05859375 0.02890625 0.04296875
1 0.765625 0.04140625 0.02421875 0.028125
1 0.76328125 0.0703125 0.02421875 0.0296875
2 0.6796875 0.0390625 0.021875 0.04296875
1 0.7921875 0.0546875 0.02890625 0.04453125
1 0.66796875 0.1703125 0.04609375 0.071875
1 0.60703125 0.11953125 0.03203125 0.05546875
1 0.76875 0.0984375 0.0375 0.05
1 0.8125 0.11171875 0.04296875 0.0484375
1 0.81953125 0.13984375 0.053125 0.059375
1 0.87890625 0.11640625 0.06796875 0.0703125
1 0.58984375 0.03515625 0.021875 0.03515625
1 0.6203125 0.0203125 0.021875 0.03671875
1 0.54609375 0.034375 0.02109375 0.03515625
3 0.52890625 0.16875 0.08203125 0.18359375