1 0.67265625 0.31875 0.08515625 0.11640625
1 0.08671875 0.72578125 0.17109375 0.23515625
1 0.8203125 0.24296875 0.065625 0.1109375
1 0.07734375 0.390625 0.153125 0.10546875
1 0.9375 0.24453125 0.0875 0.0984375
1 0.35078125 0.31640625 0.134375 0.109375
1 0.05546875 0.48046875 0.109375 0.16484375
1 0.97734375 0.275 0.04453125 0.09453125
1 0.80390625 0.36640625 0.12109375 0.121875
1 0.25703125 0.45859375 0.18359375 0.15546875
1 0.3734375 0.35390625 0.13984375 0.11640625
1 0.76875 0.515625 0.178125 0.171875
1 0.4890625 0.23203125 0.09375 0.09609375
1 0.56484375 0.29609375 0.11328125 0.109375
1 0.39765625 0.6484375 0.23984375 0.2109375
1 0.74375 0.734375 0.22109375 0.25
1 0.62890625 0.2 0.06875 0.08359375
1 0.2984375 0.8703125 0.32421875 0.259375