1 0.47265625 0.2140625 0.05234375 0.07421875
1 0.66484375 0.5203125 0.103125 0.2
1 0.5859375 0.15859375 0.04296875 0.06875
1 0.346875 0.84921875 0.19375 0.3015625
2 0.54609375 0.2390625 0.05078125 0.121875
1 0.72421875 0.1 0.03828125 0.0609375
1 0.65390625 0.175 0.04609375 0.078125
1 0.81640625 0.1359375 0.04765625 0.0703125
1 0.78046875 0.20859375 0.059375 0.08671875
1 0.57890625 0.11015625 0.04140625 0.06875
1 0.6421875 0.103125 0.03828125 0.0609375
1 0.8859375 0.2640625 0.078125 0.10703125
3 0.49140625 0.1140625 0.128125 0.16328125