1 0.14609375 0.7484375 0.15625 0.2515625
1 0.63984375 0.18203125 0.034375 0.05390625
1 0.38671875 0.58203125 0.10390625 0.21640625
2 0.76640625 0.18359375 0.03203125 0.06640625
1 0.7234375 0.23515625 0.04140625 0.05546875
2 0.70859375 0.36328125 0.07734375 0.15
1 0.35546875 0.2484375 0.046875 0.0609375
1 0.4765625 0.259375 0.04453125 0.071875
1 0.32109375 0.20546875 0.0375 0.0515625
2 0.5140625 0.1890625 0.03046875 0.06484375
1 0.45234375 0.1890625 0.03515625 0.05703125
1 0.83671875 0.971875 0.15859375 0.05546875
1 0.27578125 0.34140625 0.06484375 0.09453125