0 0.66875 0.28203125 0.075 0.10546875
1 0.390625 0.4140625 0.059375 0.10390625
1 0.83203125 0.68359375 0.20859375 0.21328125
1 0.38203125 0.28984375 0.04296875 0.07421875
2 0.30703125 0.3359375 0.05234375 0.1015625
1 0.33359375 0.2515625 0.04375 0.059375
1 0.32734375 0.1546875 0.02578125 0.03359375
2 0.30078125 0.4515625 0.05859375 0.13671875
1 0.30390625 0.165625 0.021875 0.03359375
1 0.5109375 0.45078125 0.08515625 0.11875
1 0.28046875 0.1953125 0.03671875 0.0390625
1 0.31875 0.2203125 0.03984375 0.0484375
1 0.26171875 0.22578125 0.046875 0.04453125
1 0.40703125 0.18203125 0.028125 0.03515625
1 0.35625 0.19375 0.02890625 0.040625
1 0.42734375 0.209375 0.034375 0.0515625
1 0.45078125 0.3015625 0.046875 0.08359375
1 0.3984375 0.16015625 0.02890625 0.03359375
1 0.14921875 0.2796875 0.065625 0.04609375
1 0.16640625 0.30390625 0.07890625 0.05703125
1 0.47890625 0.146875 0.02890625 0.03359375
1 0.4921875 0.165625 0.03359375 0.04453125
1 0.4453125 0.175 0.02578125 0.03671875
1 0.45390625 0.13984375 0.03203125 0.0390625
3 0.3953125 0.12578125 0.07109375 0.078125
3 0.05703125 0.5203125 0.1125 0.28515625