1 0.95546875 0.1703125 0.03125 0.0515625
2 0.83203125 0.1546875 0.03125 0.05546875
1 0.03203125 0.53515625 0.06171875 0.11328125
1 0.89609375 0.21875 0.0375 0.06640625
1 0.43359375 0.3546875 0.103125 0.109375
1 0.78203125 0.27421875 0.05625 0.08671875
3 0.83828125 0.3640625 0.11640625 0.3109375
1 0.51796875 0.234375 0.06015625 0.06484375
2 0.63046875 0.37890625 0.07109375 0.12421875
2 0.5625 0.15546875 0.03671875 0.0609375
1 0.65859375 0.16640625 0.04140625 0.05703125
1 0.96015625 0.87109375 0.07890625 0.25703125