1 0.20859375 0.48828125 0.08046875 0.1203125
2 0.05859375 0.5046875 0.07890625 0.1484375
1 0.25703125 0.57109375 0.10546875 0.16875
1 0.62890625 0.20625 0.03046875 0.05
1 0.46875 0.3609375 0.05390625 0.0890625
2 0.3875 0.31796875 0.06328125 0.14609375
2 0.378125 0.23125 0.034375 0.06484375
2 0.43046875 0.265625 0.0375 0.07578125
1 0.50703125 0.2390625 0.03671875 0.0609375
1 0.44765625 0.221875 0.03125 0.0515625
1 0.42109375 0.18359375 0.03125 0.05
1 0.3734375 0.1765625 0.03046875 0.0515625
2 0.80078125 0.88125 0.175 0.23671875