0 0.59375 0.68203125 0.29140625 0.26328125
1 0.58203125 0.21171875 0.078125 0.06484375
1 0.753125 0.25546875 0.11171875 0.08125
2 0.95234375 0.29375 0.09453125 0.1484375
1 0.65234375 0.25625 0.09765625 0.07421875
1 0.5234375 0.88046875 0.25078125 0.21640625
1 0.2109375 0.92265625 0.24375 0.1546875
1 0.7984375 0.95625 0.28984375 0.08671875
1 0.340625 0.284375 0.08984375 0.07421875
3 0.36015625 0.1203125 0.11171875 0.13359375
1 0.6890625 0.4203125 0.14453125 0.10703125
1 0.9578125 0.8546875 0.084375 0.19375