1 0.0734375 0.3359375 0.08671875 0.0609375
1 0.2140625 0.34140625 0.090625 0.05546875
1 0.1953125 0.3203125 0.06875 0.06328125
1 0.31171875 0.321875 0.08515625 0.06640625
1 0.47109375 0.3265625 0.084375 0.05546875
1 0.4875 0.33671875 0.096875 0.06484375
1 0.0578125 0.39609375 0.11328125 0.0796875
1 0.44375 0.37109375 0.10859375 0.06328125
1 0.49453125 0.39296875 0.10546875 0.07421875
1 0.8296875 0.3765625 0.078125 0.07578125
2 0.79296875 0.31796875 0.053125 0.06640625
1 0.0421875 0.90546875 0.08203125 0.16875
1 0.03671875 0.48671875 0.071875 0.08125