1 0.89765625 0.371875 0.140625 0.11328125
1 0.69453125 0.29140625 0.10625 0.1
2 0.55546875 0.24140625 0.08671875 0.08125
1 0.45 0.2140625 0.06171875 0.05546875
1 0.390625 0.19609375 0.04921875 0.0484375
1 0.475 0.6734375 0.16953125 0.22578125
2 0.81171875 0.74453125 0.26875 0.33125
1 0.578125 0.58359375 0.15625 0.171875
3 0.3859375 0.30703125 0.17890625 0.20703125
1 0.9421875 0.55078125 0.115625 0.17421875
1 0.63359375 0.503125 0.16796875 0.14453125
1 0.4203125 0.4609375 0.1125 0.12421875
2 0.81484375 0.56953125 0.17421875 0.2109375
1 0.95625 0.72109375 0.0875 0.16640625
1 0.759375 0.459375 0.15390625 0.128125
1 0.61484375 0.3859375 0.12265625 0.10390625
1 0.28515625 0.340625 0.071875 0.1
1 0.34609375 0.396875 0.07890625 0.09453125
1 0.5 0.3265625 0.08046875 0.10390625
1 0.28671875 0.2796875 0.04140625 0.05703125
1 0.246875 0.259375 0.04453125 0.05390625
1 0.2375 0.30390625 0.046875 0.06640625