1 0.55546875 0.46484375 0.09921875 0.14609375
1 0.62734375 0.371875 0.07265625 0.10703125
1 0.72109375 0.303125 0.06640625 0.0890625
1 0.76953125 0.26640625 0.05234375 0.0609375
1 0.81015625 0.23984375 0.04453125 0.05390625
1 0.47890625 0.43984375 0.10234375 0.121875
1 0.55703125 0.37421875 0.07578125 0.0890625
1 0.62578125 0.303125 0.06875 0.08359375
1 0.68359375 0.2734375 0.053125 0.0609375
1 0.7421875 0.246875 0.05546875 0.0609375
1 0.35078125 0.4640625 0.11484375 0.11640625
3 0.4828125 0.32421875 0.20078125 0.21640625
1 0.62734375 0.26484375 0.05859375 0.059375
1 0.465625 0.3140625 0.06328125 0.059375
1 0.5234375 0.284375 0.07109375 0.059375
1 0.57734375 0.24453125 0.05390625 0.05390625
1 0.61640625 0.22421875 0.04921875 0.0515625
1 0.36328125 0.3609375 0.096875 0.071875
1 0.246875 0.378125 0.10390625 0.078125
1 0.3578125 0.32421875 0.06875 0.06328125
1 0.440625 0.28984375 0.071875 0.06328125
2 0.49453125 0.2515625 0.06171875 0.0609375
1 0.56953125 0.21953125 0.05390625 0.05390625
1 0.4953125 0.2296875 0.05078125 0.0515625
1 0.8125 0.6734375 0.196875 0.1390625
1 0.84453125 0.84921875 0.253125 0.18359375
1 0.68984375 0.23984375 0.0625 0.05390625
1 0.43359375 0.721875 0.209375 0.1484375
1 0.0703125 0.45703125 0.13828125 0.10546875
1 0.15859375 0.84296875 0.259375 0.17578125
2 0.1203125 0.66640625 0.23828125 0.1609375
1 0.11484375 0.496875 0.134375 0.1015625
1 0.8234375 0.2 0.05859375 0.05546875