1 0.26015625 0.04296875 0.02734375 0.03125
1 0.2421875 0.05859375 0.02890625 0.03515625
2 0.47890625 0.378125 0.121875 0.15546875
1 0.25078125 0.08359375 0.03515625 0.03671875
1 0.4515625 0.11640625 0.05078125 0.05390625
1 0.39609375 0.15703125 0.05859375 0.04609375
1 0.3953125 0.12578125 0.053125 0.0484375
2 0.2046875 0.15078125 0.046875 0.07578125
1 0.11484375 0.1453125 0.040625 0.05546875
1 0.04765625 0.16875 0.04375 0.0609375
1 0.59375 0.17109375 0.06875 0.06484375
1 0.146875 0.1046875 0.034375 0.04453125
1 0.08828125 0.1046875 0.03203125 0.04609375
1 0.6546875 0.284375 0.103125 0.07578125
1 0.75625 0.284375 0.11953125 0.0984375