1 0.63359375 0.215625 0.03046875 0.05
1 0.65859375 0.28671875 0.04375 0.0703125
1 0.75078125 0.20078125 0.03046875 0.0484375
1 0.38984375 0.609375 0.09609375 0.1515625
2 0.375 0.35625 0.07265625 0.159375
1 0.76953125 0.29296875 0.04921875 0.06875
1 0.7359375 0.359375 0.05 0.08515625
1 0.81484375 0.21875 0.034375 0.040625
1 0.31796875 0.3359375 0.05703125 0.0796875
1 0.51328125 0.24375 0.03359375 0.0515625
1 0.74921875 0.7 0.103125 0.178125
1 0.96796875 0.8859375 0.06328125 0.1984375
1 0.96953125 0.5484375 0.04921875 0.12578125
1 0.428125 0.18359375 0.025 0.0390625