3 0.9625 0.67265625 0.075 0.4421875
0 0.49765625 0.45625 0.246875 0.3109375
1 0.2109375 0.396875 0.10390625 0.10703125
1 0.09765625 0.3359375 0.08125 0.08671875
3 0.03671875 0.28125 0.07109375 0.14453125
1 0.746875 0.328125 0.16640625 0.1296875
3 0.49296875 0.23515625 0.28359375 0.1984375
3 0.7375 0.21171875 0.34921875 0.228125
1 0.28203125 0.234375 0.06796875 0.06875
3 0.33359375 0.1796875 0.1875 0.1390625
1 0.215625 0.22421875 0.06875 0.06484375
3 0.16796875 0.15859375 0.15625 0.09453125
2 0.78671875 0.4890625 0.2 0.228125
1 0.55078125 0.42890625 0.1625 0.14609375
2 0.396875 0.36015625 0.11796875 0.140625
1 0.27265625 0.33984375 0.10546875 0.1015625
3 0.15078125 0.27578125 0.184375 0.171875