1 0.9828125 0.42109375 0.034375 0.12578125
1 0.8390625 0.365625 0.1375 0.13125
1 0.696875 0.32421875 0.10546875 0.08671875
1 0.52109375 0.25546875 0.07734375 0.0796875
1 0.47578125 0.70078125 0.18359375 0.23671875
2 0.4140625 0.21484375 0.06171875 0.0609375
2 0.15859375 0.31640625 0.05078125 0.08359375
1 0.634375 0.35 0.10546875 0.09453125
2 0.80234375 0.76328125 0.27109375 0.33359375
1 0.57109375 0.59375 0.153125 0.17578125
3 0.37578125 0.32109375 0.18203125 0.20703125
1 0.91953125 0.56484375 0.16015625 0.20546875
1 0.6203125 0.50625 0.16796875 0.1390625
1 0.36640625 0.434375 0.096875 0.109375
2 0.80703125 0.58359375 0.16953125 0.20390625
1 0.95078125 0.7390625 0.09765625 0.1703125
1 0.72890625 0.46484375 0.15078125 0.13515625
1 0.57421875 0.38046875 0.1125 0.10390625
1 0.2421875 0.30546875 0.04140625 0.08515625
1 0.2890625 0.36875 0.065625 0.08671875
1 0.47265625 0.325 0.07265625 0.0984375
1 0.2515625 0.26484375 0.04765625 0.05546875