1 0.6234375 0.18828125 0.03046875 0.04609375
1 0.72109375 0.18515625 0.02890625 0.04453125
1 0.696875 0.21953125 0.034375 0.05390625
1 0.65390625 0.23203125 0.034375 0.05
1 0.76640625 0.22890625 0.03984375 0.06328125
1 0.63828125 0.28828125 0.04296875 0.06640625
1 0.7171875 0.25625 0.03828125 0.05546875
1 0.35234375 0.46171875 0.06796875 0.109375
1 0.68203125 0.41953125 0.06171875 0.1
1 0.82265625 0.478125 0.078125 0.109375
2 0.88359375 0.3890625 0.06640625 0.11328125
1 0.90625 0.296875 0.05546875 0.06875
1 0.78046875 0.7390625 0.11796875 0.178125
1 0.41484375 0.1953125 0.028125 0.05390625
1 0.371875 0.2 0.02890625 0.04609375
1 0.97890625 0.41953125 0.04140625 0.09453125