1 0.81953125 0.66640625 0.17890625 0.20703125
0 0.66328125 0.2640625 0.07265625 0.10703125
1 0.7109375 0.4734375 0.07109375 0.1515625
1 0.47109375 0.15390625 0.03203125 0.040625
1 0.4296875 0.1609375 0.034375 0.0390625
1 0.45078125 0.140625 0.02890625 0.03515625
1 0.49140625 0.1359375 0.02890625 0.03671875
1 0.47109375 0.1265625 0.028125 0.03359375
1 0.67109375 0.146875 0.04296875 0.0484375
1 0.5390625 0.15625 0.03828125 0.04453125
1 0.5921875 0.159375 0.04609375 0.0484375
1 0.56015625 0.221875 0.05390625 0.0515625
1 0.17109375 0.215625 0.04140625 0.04453125
1 0.46796875 0.2015625 0.053125 0.04296875
1 0.47265625 0.2296875 0.0625 0.05703125
2 0.19296875 0.21875 0.05703125 0.0609375
2 0.40390625 0.15390625 0.034375 0.0484375
1 0.33046875 0.32890625 0.08125 0.06875
2 0.29296875 0.16328125 0.03671875 0.0484375
1 0.25546875 0.3265625 0.08046875 0.06875
1 0.084375 0.496875 0.13203125 0.12421875
1 0.40234375 0.146875 0.0375 0.03671875