1 0.11484375 0.70859375 0.18046875 0.21640625
1 0.81484375 0.2609375 0.04296875 0.06328125
1 0.28671875 0.38671875 0.09453125 0.09609375
1 0.37109375 0.371875 0.10390625 0.1203125
1 0.85390625 0.41953125 0.06484375 0.109375
1 0.50234375 0.33828125 0.07578125 0.08359375
1 0.55 0.53125 0.11171875 0.13359375
1 0.6171875 0.63828125 0.12734375 0.17421875
1 0.97109375 0.58828125 0.05703125 0.16328125
1 0.42734375 0.253125 0.059375 0.071875
1 0.490625 0.26640625 0.06484375 0.06328125
1 0.72265625 0.88046875 0.15546875 0.2390625