1 0.43828125 0.79453125 0.090625 0.2203125
1 0.50078125 0.20625 0.03359375 0.0515625
2 0.28515625 0.825 0.12109375 0.23359375
1 0.03125 0.9171875 0.0625 0.165625
1 0.14921875 0.64921875 0.125 0.18515625
1 0.25859375 0.465625 0.07890625 0.1109375
2 0.15234375 0.45078125 0.1 0.178125
1 0.03671875 0.5390625 0.071875 0.15
1 0.58671875 0.2046875 0.03046875 0.05
1 0.6421875 0.24921875 0.040625 0.05703125
1 0.31953125 0.34296875 0.05625 0.07578125
1 0.4671875 0.21328125 0.03359375 0.059375
1 0.30078125 0.2859375 0.046875 0.06484375
3 0.78828125 0.26015625 0.146875 0.17421875
1 0.70078125 0.35703125 0.05703125 0.07421875
3 0.296875 0.2046875 0.084375 0.11484375
2 0.43046875 0.203125 0.03046875 0.0609375
1 0.64765625 0.40703125 0.05625 0.08515625
1 0.35625 0.22421875 0.034375 0.05703125
1 0.85078125 0.66484375 0.13203125 0.178125