1 0.4875 0.37109375 0.08125 0.1515625
1 0.52265625 0.63828125 0.11796875 0.26640625
1 0.959375 0.278125 0.08125 0.12578125
1 0.61328125 0.09375 0.04296875 0.05390625
1 0.04765625 0.40390625 0.09296875 0.16640625
1 0.63203125 0.15078125 0.05859375 0.0703125
1 0.4875 0.9109375 0.159375 0.178125
1 0.01953125 0.67421875 0.0375 0.1515625
1 0.70234375 0.125 0.06171875 0.08125
1 0.1484375 0.22421875 0.06328125 0.09296875
1 0.66328125 0.26328125 0.08515625 0.11640625
1 0.29453125 0.4609375 0.10625 0.2015625
1 0.20703125 0.2859375 0.07109375 0.11484375
1 0.7625 0.23984375 0.084375 0.10703125
1 0.64296875 0.4734375 0.11484375 0.1890625
1 0.15703125 0.15546875 0.05 0.06484375
1 0.81796875 0.50390625 0.16484375 0.26640625
1 0.33203125 0.16640625 0.05078125 0.08125
1 0.26796875 0.13671875 0.04375 0.0703125
1 0.459375 0.0796875 0.05234375 0.06875
1 0.23203125 0.10078125 0.04609375 0.059375
1 0.33203125 0.096875 0.040625 0.05390625
1 0.38828125 0.0890625 0.03515625 0.06328125