1 0.91015625 0.3203125 0.153125 0.14296875
2 0.73203125 0.25078125 0.11875 0.10703125
1 0.51796875 0.19921875 0.07265625 0.0703125
1 0.44921875 0.18046875 0.05390625 0.05703125
1 0.51015625 0.23984375 0.07109375 0.078125
2 0.825 0.69375 0.271875 0.328125
1 0.590625 0.53359375 0.15625 0.1703125
3 0.39375 0.2640625 0.18359375 0.20390625
1 0.95 0.4984375 0.1 0.171875
1 0.64453125 0.45390625 0.16328125 0.14453125
1 0.4328125 0.41953125 0.11015625 0.12421875
2 0.83046875 0.51953125 0.17734375 0.209375
1 0.96328125 0.66484375 0.07265625 0.1484375
1 0.803125 0.41875 0.1625 0.121875
1 0.62734375 0.33984375 0.121875 0.1109375
1 0.29765625 0.3 0.06796875 0.1015625
1 0.35859375 0.3546875 0.07734375 0.09609375
1 0.5171875 0.28125 0.07890625 0.09609375
1 0.29921875 0.23828125 0.04375 0.05703125
1 0.25859375 0.21640625 0.040625 0.05
1 0.24765625 0.26640625 0.04765625 0.06640625