2 0.24453125 0.54296875 0.134375 0.2015625
3 0.17421875 0.36953125 0.23828125 0.23671875
1 0.975 0.596875 0.05 0.16328125
2 0.78515625 0.49140625 0.20078125 0.23125
1 0.54765625 0.4296875 0.16171875 0.14453125
2 0.39296875 0.365625 0.11796875 0.14609375
1 0.26953125 0.34296875 0.10625 0.1015625
3 0.14921875 0.28203125 0.18203125 0.16875
1 0.0640625 0.28359375 0.06015625 0.0703125
2 0.83203125 0.41796875 0.21953125 0.20703125
1 0.553125 0.3484375 0.134375 0.11640625
1 0.27109375 0.2734375 0.09375 0.09453125
0 0.14765625 0.1703125 0.07265625 0.1015625
1 0.97578125 0.203125 0.04765625 0.09609375
1 0.865625 0.2015625 0.125 0.09296875
1 0.7203125 0.18359375 0.11171875 0.08125
1 0.58671875 0.171875 0.09453125 0.071875
3 0.43359375 0.1296875 0.19296875 0.1296875
1 0.9578125 0.17578125 0.084375 0.07421875
1 0.82890625 0.1640625 0.11875 0.0703125
1 0.6796875 0.15 0.096875 0.06875
1 0.56015625 0.13359375 0.08359375 0.06875
1 0.3546875 0.13515625 0.05078125 0.05390625
1 0.3125 0.153125 0.0625 0.05546875
1 0.29140625 0.13359375 0.05390625 0.040625
1 0.23984375 0.14921875 0.05 0.04453125
1 0.21640625 0.12890625 0.040625 0.0390625
1 0.17578125 0.14921875 0.0375 0.04296875