1 0.6875 0.1796875 0.03359375 0.04296875
1 0.63046875 0.1984375 0.03046875 0.05390625
1 0.74375 0.18046875 0.03203125 0.05
1 0.64765625 0.25 0.03671875 0.0609375
1 0.7234375 0.240625 0.04140625 0.06328125
1 0.290625 0.553125 0.09453125 0.1390625
1 0.03203125 0.559375 0.0625 0.15
1 0.31171875 0.34296875 0.06015625 0.08515625
1 0.43828125 0.48671875 0.07890625 0.128125
1 0.79609375 0.18515625 0.03828125 0.05546875
1 0.675 0.32890625 0.05 0.071875
1 0.21875 0.340625 0.06484375 0.08515625
1 0.40703125 0.31640625 0.053125 0.08125
2 0.79140625 0.38515625 0.06328125 0.11875
2 0.71953125 0.54609375 0.09453125 0.171875
1 0.89296875 0.37109375 0.07265625 0.09453125
1 0.88515625 0.55546875 0.10234375 0.14453125
1 0.46171875 0.20390625 0.03203125 0.0515625
1 0.94453125 0.321875 0.065625 0.08359375
1 0.5265625 0.178125 0.03125 0.0484375