1 0.62578125 0.1734375 0.028125 0.04453125
1 0.67890625 0.1796875 0.03125 0.0484375
1 0.6375 0.2265625 0.03515625 0.05390625
1 0.69921875 0.2265625 0.04140625 0.059375
1 0.315625 0.6796875 0.11328125 0.19296875
1 0.0984375 0.4609375 0.08984375 0.1109375
1 0.76953125 0.2296875 0.040625 0.0609375
1 0.65 0.30703125 0.053125 0.078125
2 0.31484375 0.31484375 0.05078125 0.09296875
1 0.8203125 0.21328125 0.04140625 0.05546875
1 0.77578125 0.32890625 0.059375 0.0890625
1 0.47421875 0.2953125 0.046875 0.071875
1 0.8765625 0.5453125 0.10859375 0.17421875
1 0.746875 0.68203125 0.10859375 0.178125
1 0.96875 0.51171875 0.0625 0.1203125