1 0.02265625 0.225 0.04375 0.05390625
1 0.07421875 0.234375 0.0875 0.05390625
1 0.3328125 0.19609375 0.075 0.05390625
1 0.48671875 0.2015625 0.08515625 0.05546875
1 0.190625 0.23671875 0.09453125 0.059375
1 0.29765625 0.21796875 0.08125 0.05546875
1 0.30859375 0.24609375 0.08984375 0.059375
1 0.04609375 0.28984375 0.08984375 0.08359375
2 0.33984375 0.24921875 0.090625 0.08359375
1 0.56640625 0.24375 0.103125 0.071875
1 0.30234375 0.778125 0.30390625 0.21875
1 0.94921875 0.23203125 0.10078125 0.06875