1 0.5203125 0.35078125 0.06796875 0.0890625
1 0.7515625 0.4390625 0.06953125 0.10546875
2 0.1 0.5046875 0.121875 0.2203125
1 0.80859375 0.36796875 0.059375 0.0796875
1 0.64296875 0.3734375 0.05234375 0.09296875
1 0.23046875 0.82578125 0.178125 0.309375
1 0.2640625 0.46875 0.08828125 0.13125
1 0.22265625 0.34609375 0.07421875 0.11328125
1 0.89453125 0.509375 0.096875 0.11875
1 0.85703125 0.66171875 0.13515625 0.190625
1 0.321875 0.3484375 0.05859375 0.08515625
1 0.7421875 0.88203125 0.153125 0.23515625
3 0.41171875 0.26640625 0.065625 0.178125