2 0.64453125 0.28515625 0.075 0.10703125
2 0.7265625 0.340625 0.08828125 0.10703125
1 0.946875 0.45859375 0.10625 0.1203125
1 0.69140625 0.2515625 0.05390625 0.059375
3 0.53984375 0.22890625 0.13515625 0.13515625
1 0.74921875 0.26015625 0.05703125 0.05
1 0.75234375 0.225 0.05546875 0.04296875
1 0.26015625 0.21640625 0.06328125 0.0390625
1 0.37734375 0.21328125 0.06171875 0.04296875
1 0.68515625 0.7765625 0.25546875 0.16875
1 0.83984375 0.21796875 0.05859375 0.04453125
1 0.71171875 0.915625 0.25546875 0.16875
1 0.296875 0.38203125 0.10078125 0.08359375
1 0.5640625 0.2015625 0.05859375 0.040625
1 0.11328125 0.46796875 0.13203125 0.090625
3 0.1328125 0.83671875 0.26328125 0.32578125
1 0.91875 0.20546875 0.06015625 0.040625