1 0.846875 0.3015625 0.13515625 0.12421875
2 0.65078125 0.23359375 0.10546875 0.0984375
1 0.51796875 0.19921875 0.07265625 0.0703125
1 0.44921875 0.18046875 0.05390625 0.05703125
1 0.51015625 0.23984375 0.07109375 0.078125
2 0.82265625 0.7 0.27265625 0.3296875
1 0.58671875 0.5390625 0.15625 0.17421875
3 0.39375 0.26875 0.18125 0.209375
1 0.9484375 0.50546875 0.103125 0.1765625
1 0.64375 0.45859375 0.165625 0.14296875
1 0.43046875 0.42578125 0.11484375 0.128125
2 0.828125 0.5203125 0.17734375 0.19609375
1 0.9609375 0.66640625 0.078125 0.1484375
1 0.771875 0.41171875 0.15625 0.12421875
1 0.62421875 0.34453125 0.12265625 0.109375
1 0.2953125 0.30078125 0.06640625 0.09609375
1 0.35546875 0.35859375 0.08046875 0.09609375
1 0.51171875 0.28828125 0.0875 0.10703125
1 0.29765625 0.24296875 0.046875 0.05546875
1 0.25546875 0.221875 0.040625 0.05390625
1 0.2453125 0.2703125 0.046875 0.06640625