1 0.73984375 0.0390625 0.03125 0.04296875
1 0.871875 0.609375 0.14765625 0.23125
1 0.64140625 0.3203125 0.07265625 0.1203125
1 0.76640625 0.05625 0.03359375 0.0484375
1 0.60546875 0.21796875 0.05078125 0.090625
1 0.76015625 0.34375 0.07734375 0.128125
1 0.70078125 0.03203125 0.02578125 0.0390625
1 0.82734375 0.06796875 0.03515625 0.0484375
1 0.8015625 0.0953125 0.040625 0.05390625
2 0.609375 0.14296875 0.0375 0.071875
1 0.83515625 0.125 0.04296875 0.0609375
1 0.60546875 0.09140625 0.03125 0.04296875
1 0.91484375 0.15 0.05625 0.0703125
1 0.82734375 0.20078125 0.06328125 0.08671875
1 0.54296875 0.0546875 0.02578125 0.04609375
2 0.59140625 0.046875 0.02890625 0.05703125
1 0.64375 0.05390625 0.03046875 0.0484375
2 0.96953125 0.25625 0.06015625 0.13125
1 0.46484375 0.1859375 0.08984375 0.071875
3 0.48359375 0.35625 0.1375 0.35390625