3 0.071875 0.359375 0.14140625 0.1390625
1 0.14375 0.43046875 0.075 0.0890625
3 0.43515625 0.5890625 0.48046875 0.45546875
3 0.94765625 0.83125 0.10390625 0.33671875
3 0.296875 0.32421875 0.1625 0.13671875
1 0.44296875 0.40078125 0.09609375 0.08671875
1 0.59609375 0.4546875 0.12734375 0.10703125
1 0.77265625 0.51015625 0.15859375 0.1296875
3 0.93515625 0.4453125 0.12890625 0.19609375
1 0.6953125 0.42890625 0.13046875 0.0984375
1 0.5078125 0.375 0.08984375 0.08515625
3 0.38046875 0.30703125 0.16640625 0.13671875
1 0.74765625 0.9515625 0.21015625 0.09609375
1 0.86875 0.359375 0.06953125 0.06328125
1 0.07890625 0.471875 0.07578125 0.09296875
1 0.953125 0.578125 0.09375 0.11484375