1 0.69609375 0.80703125 0.17109375 0.33515625
2 0.6078125 0.428125 0.075 0.20546875
1 0.7859375 0.4609375 0.11640625 0.18125
1 0.62421875 0.215625 0.04921875 0.09609375
1 0.74453125 0.05 0.02890625 0.04453125
1 0.75703125 0.07421875 0.034375 0.05390625
1 0.5625 0.3265625 0.07578125 0.121875
1 0.81484375 0.109375 0.04765625 0.06328125
1 0.67421875 0.14609375 0.04375 0.078125
1 0.6046875 0.09609375 0.034375 0.05546875
1 0.87265625 0.14296875 0.05703125 0.06875
1 0.77890625 0.13828125 0.05 0.07421875
1 0.87265625 0.0953125 0.04453125 0.06640625
1 0.5984375 0.05859375 0.028125 0.040625
1 0.6453125 0.05625 0.02890625 0.0484375
1 0.94296875 0.29921875 0.08359375 0.11484375
1 0.9765625 0.2125 0.046875 0.084375
3 0.53828125 0.10859375 0.059375 0.14609375