1 0.4375 0.79453125 0.08984375 0.21640625
1 0.50078125 0.20625 0.03515625 0.05390625
2 0.28359375 0.825 0.11171875 0.2296875
1 0.23203125 0.53046875 0.078125 0.1296875
1 0.12890625 0.50859375 0.10078125 0.1515625
1 0.58359375 0.18984375 0.03046875 0.04609375
3 0.671875 0.16484375 0.0625 0.090625
1 0.31171875 0.384375 0.059375 0.090625
1 0.17578125 0.3734375 0.06875 0.07421875
1 0.64765625 0.23828125 0.0375 0.05546875
1 0.5953125 0.24140625 0.03203125 0.05546875
1 0.24296875 0.3796875 0.05625 0.09296875
1 0.35703125 0.29375 0.04375 0.06328125
2 0.31328125 0.253125 0.04453125 0.09296875
1 0.25390625 0.27109375 0.046875 0.06328125
1 0.63359375 0.38984375 0.05 0.08125
1 0.73984375 0.28515625 0.053125 0.059375
1 0.77265625 0.49375 0.08359375 0.10546875
1 0.3890625 0.2234375 0.03125 0.05
1 0.45859375 0.2046875 0.03125 0.0515625
1 0.36328125 0.20078125 0.03046875 0.04453125
3 0.9625 0.45390625 0.075 0.2171875
1 0.96015625 0.93515625 0.07890625 0.1296875