1 0.609375 0.3890625 0.13828125 0.13359375
1 0.08671875 0.728125 0.17109375 0.24296875
1 0.21953125 0.303125 0.11953125 0.09296875
1 0.01953125 0.40546875 0.03671875 0.078125
1 0.92734375 0.3265625 0.10625 0.11640625
1 0.93359375 0.24140625 0.096875 0.10390625
1 0.82265625 0.2359375 0.05625 0.0890625
1 0.0265625 0.54921875 0.05078125 0.14296875
1 0.39296875 0.24296875 0.10234375 0.090625
1 0.43828125 0.20859375 0.06953125 0.06875
1 0.36171875 0.2984375 0.125 0.1109375
1 0.23203125 0.38984375 0.15625 0.13671875
1 0.47890625 0.33046875 0.13984375 0.109375
1 0.72421875 0.51640625 0.16640625 0.159375
1 0.78046875 0.67109375 0.22890625 0.25703125
1 0.4625 0.603125 0.228125 0.1984375
1 0.31015625 0.87578125 0.31796875 0.2484375
1 0.634375 0.18125 0.08203125 0.07421875
1 0.73359375 0.16484375 0.08359375 0.078125