1 0.43828125 0.79296875 0.090625 0.21640625
1 0.50234375 0.20546875 0.03359375 0.05
2 0.28125 0.825 0.11171875 0.23359375
1 0.46640625 0.21328125 0.03359375 0.05390625
2 0.43125 0.20390625 0.03671875 0.059375
1 0.41796875 0.23671875 0.03984375 0.05703125
1 0.0171875 0.69453125 0.03203125 0.11484375
1 0.17109375 0.49453125 0.09140625 0.13515625
1 0.58515625 0.18671875 0.02578125 0.040625
1 0.26953125 0.34609375 0.05859375 0.07421875
1 0.11484375 0.45546875 0.08515625 0.10546875
1 0.6578125 0.24453125 0.040625 0.059375
1 0.25859375 0.303125 0.05078125 0.0609375
1 0.63203125 0.31796875 0.04453125 0.071875
1 0.68125 0.46171875 0.06875 0.109375
1 0.7765625 0.40546875 0.06328125 0.0890625