2 0.61484375 0.26796875 0.05703125 0.08359375
2 0.67109375 0.31484375 0.07421875 0.07578125
1 0.83203125 0.4 0.10703125 0.09453125
1 0.9765625 0.45703125 0.046875 0.0796875
1 0.690625 0.253125 0.059375 0.04453125
3 0.51484375 0.2359375 0.14453125 0.14609375
1 0.234375 0.20859375 0.04609375 0.03359375
1 0.77109375 0.25390625 0.05234375 0.04296875
1 0.7625 0.228125 0.05625 0.0390625
1 0.896875 0.7375 0.20625 0.1625
3 0.9390625 0.915625 0.121875 0.16875
1 0.36640625 0.21171875 0.0625 0.04296875
1 0.54453125 0.20625 0.06171875 0.0484375
1 0.41015625 0.76796875 0.25078125 0.15546875
1 0.84921875 0.215625 0.05703125 0.04453125
1 0.50625 0.9171875 0.246875 0.165625
1 0.18203125 0.44453125 0.121875 0.09453125
1 0.746875 0.1953125 0.06015625 0.04453125
1 0.8984375 0.88203125 0.203125 0.16875
1 0.01796875 0.52109375 0.03359375 0.090625