1 0.48515625 0.14140625 0.03125 0.06484375
1 0.66015625 0.60390625 0.11796875 0.228125
1 0.5953125 0.28671875 0.05859375 0.10390625
1 0.57578125 0.15703125 0.040625 0.06328125
1 0.64921875 0.1609375 0.040625 0.06640625
2 0.5125 0.159375 0.05546875 0.0890625
1 0.56015625 0.0890625 0.02734375 0.04609375
1 0.7765625 0.21171875 0.06484375 0.0890625
1 0.93515625 0.27109375 0.08046875 0.0984375
1 0.55859375 0.053125 0.025 0.040625
1 0.58828125 0.0484375 0.02578125 0.03359375
3 0.45546875 0.48203125 0.1625 0.50546875