1 0.24453125 0.06875 0.03046875 0.03671875
1 0.28046875 0.05703125 0.03125 0.03359375
1 0.2109375 0.071875 0.03046875 0.03359375
1 0.2625 0.0984375 0.03671875 0.040625
1 0.2890625 0.3484375 0.08125 0.1109375
2 0.12578125 0.271875 0.06015625 0.1109375
2 0.35859375 0.0859375 0.04296875 0.05390625
1 0.38046875 0.0734375 0.03046875 0.03671875
1 0.15625 0.18984375 0.04609375 0.071875
2 0.4671875 0.12890625 0.05625 0.06328125
1 0.1171875 0.13984375 0.03828125 0.0515625
2 0.5203125 0.1203125 0.05546875 0.0703125
1 0.4984375 0.1796875 0.0625 0.06875
1 0.04453125 0.40546875 0.08671875 0.14296875
1 0.11484375 0.0765625 0.02890625 0.03671875
2 0.01796875 0.2140625 0.034375 0.09296875
1 0.725 0.34296875 0.13125 0.1015625
1 0.87890625 0.30078125 0.128125 0.09609375