1 0.2671875 0.6265625 0.11484375 0.128125
1 0.3859375 0.53828125 0.06015625 0.10703125
1 0.575 0.35546875 0.03046875 0.0484375
2 0.3984375 0.43046875 0.04921875 0.109375
1 0.496875 0.5515625 0.06171875 0.10546875
1 0.48203125 0.42890625 0.04375 0.06484375
1 0.46796875 0.36796875 0.02890625 0.0484375
1 0.40703125 0.37890625 0.03125 0.04609375
1 0.41171875 0.34921875 0.02734375 0.0390625
1 0.46171875 0.32578125 0.021875 0.0390625
1 0.78359375 0.8484375 0.13515625 0.1796875
2 0.7359375 0.38984375 0.0375 0.06640625