1 0.41328125 0.51640625 0.05078125 0.06875
1 0.46328125 0.50859375 0.05234375 0.06640625
1 0.35625 0.56953125 0.05234375 0.08515625
1 0.4296875 0.6140625 0.06953125 0.09453125
3 0.30859375 0.921875 0.225 0.15546875
3 0.36953125 0.7359375 0.30625 0.33671875
1 0.58046875 0.64296875 0.06328125 0.0984375
1 0.59140625 0.55 0.046875 0.07421875
1 0.42734375 0.553125 0.06015625 0.06484375
1 0.61484375 0.5015625 0.03828125 0.05703125
3 0.52421875 0.49140625 0.09609375 0.13515625
1 0.66953125 0.475 0.03671875 0.0609375
1 0.64609375 0.43671875 0.03359375 0.04296875
1 0.6796875 0.42890625 0.02890625 0.03515625