1 0.29453125 0.36640625 0.103125 0.08515625
1 0.39140625 0.3734375 0.09140625 0.0703125
1 0.40546875 0.315625 0.08203125 0.05546875
1 0.56171875 0.28046875 0.06171875 0.05546875
1 0.5 0.27578125 0.05703125 0.05703125
1 0.6171875 0.24375 0.05234375 0.05
1 0.475 0.2609375 0.05 0.05546875
1 0.553125 0.2515625 0.053125 0.05390625
1 0.66796875 0.21328125 0.03515625 0.0390625
1 0.52421875 0.22890625 0.04609375 0.04296875
1 0.59453125 0.2203125 0.04609375 0.05
1 0.51640625 0.54921875 0.10546875 0.15703125
1 0.14296875 0.44375 0.11875 0.078125
1 0.21328125 0.4765625 0.12734375 0.0890625
1 0.809375 0.24296875 0.04609375 0.0515625
1 0.02109375 0.51875 0.03984375 0.071875