1 0.96328125 0.7609375 0.07265625 0.20703125
1 0.07109375 0.36796875 0.08828125 0.08671875
2 0.9296875 0.52109375 0.140625 0.2171875
1 0.56328125 0.43671875 0.17578125 0.16328125
3 0.26484375 0.309375 0.240625 0.2109375
1 0.11640625 0.29609375 0.071875 0.0796875
1 0.0296875 0.2703125 0.05703125 0.06640625
2 0.83203125 0.40625 0.221875 0.20390625
1 0.60234375 0.359375 0.140625 0.13125
1 0.44921875 0.30625 0.12734375 0.11484375
1 0.3265625 0.2796875 0.10234375 0.0890625
1 0.24140625 0.26484375 0.07421875 0.07578125
1 0.16640625 0.24140625 0.05859375 0.0609375
1 0.11953125 0.23984375 0.05625 0.059375
1 0.9265625 0.29453125 0.146875 0.13359375
1 0.9078125 0.3546875 0.184375 0.140625
1 0.06796875 0.22578125 0.04453125 0.05546875
1 0.56640625 0.27890625 0.12421875 0.11328125
1 0.871875 0.19453125 0.12890625 0.09296875
1 0.659375 0.17421875 0.10546875 0.078125
3 0.478125 0.12578125 0.20859375 0.13125
1 0.959375 0.16328125 0.08125 0.08359375
1 0.69609375 0.140625 0.10234375 0.071875
1 0.32734375 0.15078125 0.06484375 0.05546875
1 0.559375 0.134375 0.08984375 0.0703125
1 0.25078125 0.14609375 0.04921875 0.0484375
1 0.37734375 0.13359375 0.05703125 0.05
1 0.19375 0.14609375 0.04375 0.04296875
1 0.30078125 0.121875 0.05234375 0.05390625
1 0.15703125 0.13671875 0.03203125 0.04609375
1 0.22578125 0.1234375 0.04921875 0.04609375