1 0.17578125 0.22890625 0.059375 0.0484375
1 0.86796875 0.41796875 0.103125 0.1
1 0.328125 0.23515625 0.03671875 0.05546875
1 0.26015625 0.23671875 0.04140625 0.0484375
1 0.82578125 0.4453125 0.115625 0.1015625
1 0.71875 0.35390625 0.10078125 0.08125
1 0.6484375 0.29375 0.06640625 0.06640625
1 0.296875 0.25625 0.034375 0.05
1 0.63125 0.3609375 0.0875 0.08515625
1 0.35703125 0.28359375 0.040625 0.05546875
2 0.3 0.30859375 0.03984375 0.0890625
1 0.5578125 0.28828125 0.059375 0.06484375
1 0.58125 0.25625 0.04765625 0.05546875
1 0.37421875 0.340625 0.046875 0.07421875
3 0.4765625 0.32109375 0.15390625 0.21484375
1 0.49765625 0.2453125 0.04140625 0.0484375
1 0.35078125 0.478125 0.05546875 0.109375