1 0.378125 0.6359375 0.08359375 0.10703125
2 0.40234375 0.74453125 0.10078125 0.26875
1 0.415625 0.565625 0.05078125 0.08125
1 0.40859375 0.471875 0.05 0.06328125
1 0.4609375 0.46328125 0.05546875 0.0609375
3 0.534375 0.471875 0.08046875 0.15703125
1 0.64140625 0.55078125 0.05078125 0.1109375
1 0.603125 0.45703125 0.03984375 0.0609375
1 0.6484375 0.48359375 0.040625 0.06875
1 0.353125 0.5234375 0.05078125 0.07421875
1 0.5859375 0.4390625 0.034375 0.059375
3 0.6671875 0.39140625 0.08125 0.10390625