1 0.68828125 0.01484375 0.01796875 0.02578125
1 0.7 0.034375 0.01953125 0.0296875
1 0.17578125 0.46875 0.11328125 0.15
1 0.7265625 0.040625 0.025 0.02578125
1 0.72421875 0.02109375 0.01875 0.01875
1 0.32109375 0.31171875 0.06328125 0.1015625
1 0.72734375 0.0703125 0.03046875 0.040625
1 0.76796875 0.05 0.025 0.02578125
1 0.7609375 0.084375 0.03046875 0.04296875
2 0.67890625 0.0515625 0.025 0.04453125
1 0.7953125 0.06796875 0.034375 0.0484375
1 0.65390625 0.1453125 0.040625 0.06640625
1 0.60078125 0.10390625 0.02890625 0.05
1 0.771875 0.11015625 0.040625 0.05390625
1 0.8265625 0.1265625 0.053125 0.05
1 0.8296875 0.1546875 0.053125 0.06328125
1 0.884375 0.1234375 0.06875 0.06640625
1 0.58671875 0.0390625 0.021875 0.03671875
1 0.61484375 0.02109375 0.02109375 0.040625
1 0.54453125 0.03359375 0.01875 0.03125
3 0.5359375 0.15390625 0.075 0.171875