1 0.64765625 0.16171875 0.03828125 0.05703125
1 0.64140625 0.13359375 0.02734375 0.04296875
2 0.68515625 0.21328125 0.05390625 0.09609375
1 0.78359375 0.40390625 0.08359375 0.1390625
1 0.27265625 0.7546875 0.15625 0.29453125
1 0.21484375 0.50390625 0.103125 0.14609375
1 0.29609375 0.55390625 0.109375 0.159375
1 0.4125 0.30078125 0.05546875 0.09296875
1 0.38203125 0.2453125 0.05234375 0.078125
1 0.45390625 0.2046875 0.04375 0.06484375
1 0.50625 0.309375 0.06015625 0.1015625
1 0.41328125 0.16875 0.03515625 0.05390625
1 0.47890625 0.13828125 0.03125 0.04609375
1 0.5234375 0.1453125 0.03203125 0.04609375
2 0.4484375 0.1109375 0.03359375 0.06640625