0 0.59375 0.64296875 0.29453125 0.259375
1 0.83046875 0.12578125 0.065625 0.0515625
1 0.0984375 0.4046875 0.14375 0.11640625
1 0.16015625 0.46328125 0.16640625 0.140625
1 0.65390625 0.1453125 0.08359375 0.0515625
1 0.65703125 0.16171875 0.07265625 0.06328125
2 0.43515625 0.29921875 0.10625 0.0984375
1 0.42734375 0.375 0.13515625 0.10546875
3 0.375 0.16328125 0.31953125 0.13359375
1 0.678125 0.21484375 0.08984375 0.05390625
1 0.59375 0.3109375 0.09375 0.0984375
2 0.67890625 0.25078125 0.1 0.1015625
1 0.4796875 0.1359375 0.071875 0.0515625
1 0.809375 0.1859375 0.078125 0.06328125
1 0.784375 0.271875 0.10546875 0.0890625
1 0.0875 0.2953125 0.13515625 0.07578125