1 0.64140625 0.7484375 0.20234375 0.26484375
1 0.22578125 0.05 0.02578125 0.03359375
1 0.38984375 0.30703125 0.084375 0.09609375
1 0.23671875 0.0765625 0.03203125 0.040625
1 0.34921875 0.08046875 0.0375 0.040625
2 0.20546875 0.21328125 0.06015625 0.10390625
1 0.23203125 0.17578125 0.046875 0.0609375
1 0.14140625 0.3 0.07578125 0.121875
1 0.47109375 0.103125 0.04609375 0.04453125
1 0.48515625 0.13046875 0.05859375 0.059375
1 0.40078125 0.15546875 0.06171875 0.05546875
1 0.07109375 0.15390625 0.03984375 0.05390625
1 0.11953125 0.12890625 0.03515625 0.0515625
2 0.61875 0.14375 0.06875 0.07421875
1 0.6125 0.17890625 0.06015625 0.08359375
1 0.54375 0.20078125 0.06796875 0.06328125
1 0.075 0.11171875 0.03203125 0.0484375
1 0.13359375 0.0859375 0.03359375 0.04609375
1 0.0796875 0.084375 0.02578125 0.03515625
1 0.0171875 0.2265625 0.03203125 0.07421875
1 0.01796875 0.08984375 0.034375 0.040625
1 0.87890625 0.35703125 0.13203125 0.1015625
1 0.80546875 0.38984375 0.13203125 0.10703125