1 0.52578125 0.16171875 0.05703125 0.04296875
2 0.48359375 0.1484375 0.06875 0.06328125
1 0.4328125 0.17890625 0.07890625 0.05703125
2 0.38984375 0.1703125 0.06796875 0.0609375
1 0.3484375 0.20390625 0.07421875 0.059375
1 0.29296875 0.196875 0.06796875 0.05546875
1 0.26171875 0.2234375 0.075 0.0515625
1 0.2078125 0.22421875 0.0625 0.04453125
1 0.09765625 0.25859375 0.08359375 0.059375
0 0.6671875 0.25703125 0.07421875 0.10390625
1 0.7640625 0.69296875 0.23671875 0.190625
1 0.975 0.6734375 0.05 0.146875
1 0.7171875 0.509375 0.09140625 0.18125
1 0.71640625 0.39453125 0.07109375 0.12421875
1 0.7484375 0.32421875 0.05859375 0.10703125
1 0.7671875 0.28046875 0.05625 0.090625
1 0.7984375 0.2296875 0.05 0.071875
1 0.8171875 0.2 0.05 0.06875
1 0.828125 0.17578125 0.040625 0.059375
1 0.69453125 0.79140625 0.2625 0.228125
1 0.26796875 0.690625 0.20625 0.17578125
1 0.51015625 0.20703125 0.08125 0.05703125
1 0.20078125 0.88203125 0.26328125 0.1984375
1 0.79296875 0.14375 0.06640625 0.05