1 0.3390625 0.38828125 0.06015625 0.09609375
1 0.37421875 0.21015625 0.034375 0.05390625
1 0.43046875 0.2109375 0.03125 0.0484375
1 0.6171875 0.21484375 0.03203125 0.0515625
1 0.75703125 0.25703125 0.04375 0.06328125
2 0.83984375 0.2453125 0.05 0.071875
1 0.62890625 0.29921875 0.04609375 0.07421875
1 0.73828125 0.340625 0.05390625 0.08359375
1 0.83671875 0.34140625 0.0625 0.08671875
1 0.69609375 0.565625 0.08359375 0.15
1 0.93203125 0.47890625 0.09140625 0.11640625
1 0.88203125 0.7 0.12109375 0.171875