1 0.8015625 0.68203125 0.271875 0.25703125
3 0.80390625 0.48046875 0.39140625 0.41328125
1 0.46796875 0.4109375 0.15234375 0.140625
1 0.25234375 0.34375 0.109375 0.1
1 0.1421875 0.29921875 0.07734375 0.090625
1 0.04296875 0.31328125 0.08359375 0.07421875
1 0.0359375 0.275 0.06953125 0.0703125
2 0.83046875 0.40390625 0.22265625 0.20546875
1 0.60078125 0.35546875 0.13984375 0.13125
1 0.44765625 0.30546875 0.12734375 0.11640625
1 0.32421875 0.2765625 0.10078125 0.08515625
1 0.23828125 0.2640625 0.07734375 0.07578125
1 0.16953125 0.24453125 0.05859375 0.0609375
1 0.11484375 0.2390625 0.05859375 0.06875
1 0.94140625 0.2890625 0.11640625 0.1203125
1 0.91328125 0.35703125 0.17265625 0.1390625
1 0.07265625 0.225 0.04921875 0.0609375
1 0.72421875 0.30546875 0.15390625 0.12421875
1 0.43046875 0.2140625 0.09296875 0.08671875
1 0.2921875 0.2265625 0.07265625 0.071875
3 0.9125 0.15078125 0.175 0.1828125
1 0.61640625 0.16640625 0.09921875 0.07421875
1 0.4359375 0.15390625 0.07734375 0.0609375
1 0.70703125 0.1453125 0.096875 0.07421875
1 0.31484375 0.14921875 0.0625 0.0515625
1 0.453125 0.121875 0.06875 0.0609375
1 0.20859375 0.14375 0.05 0.0484375
1 0.35078125 0.12421875 0.06015625 0.0515625