1 0.33515625 0.23046875 0.046875 0.0796875
1 0.63359375 0.11875 0.02734375 0.05
1 0.57734375 0.08359375 0.02265625 0.04296875
1 0.684375 0.14375 0.034375 0.05703125
1 0.66953125 0.1859375 0.04921875 0.07421875
1 0.33359375 0.5390625 0.10546875 0.16875
1 0.2296875 0.49609375 0.103125 0.13671875
1 0.50546875 0.2265625 0.04375 0.07421875
1 0.73828125 0.2109375 0.05078125 0.06875
1 0.42890625 0.23125 0.04609375 0.07578125
1 0.47890625 0.1296875 0.02734375 0.05
1 0.52734375 0.1703125 0.0375 0.0609375
1 0.74609375 0.36484375 0.08125 0.11640625
1 0.90546875 0.41953125 0.103125 0.13359375
1 0.5109375 0.11796875 0.02890625 0.04453125
1 0.4609375 0.10546875 0.02265625 0.0390625
3 0.67421875 0.09375 0.05234375 0.0890625