1 0.82890625 0.69375 0.278125 0.26640625
3 0.86875 0.49453125 0.2625 0.39296875
1 0.540625 0.43671875 0.16953125 0.1515625
1 0.29609375 0.36015625 0.121875 0.109375
1 0.17109375 0.30546875 0.08359375 0.10390625
1 0.04921875 0.31171875 0.096875 0.07421875
1 0.0421875 0.27890625 0.08203125 0.071875
2 0.8296875 0.40390625 0.22265625 0.20546875
1 0.60078125 0.35546875 0.13984375 0.13125
1 0.44765625 0.30546875 0.12734375 0.11640625
1 0.32421875 0.27578125 0.10078125 0.08515625
1 0.2375 0.2640625 0.07734375 0.07578125
1 0.1703125 0.2453125 0.05859375 0.0609375
1 0.1140625 0.2390625 0.05859375 0.0703125
1 0.940625 0.2875 0.11875 0.11875
1 0.9140625 0.35625 0.171875 0.1390625
1 0.0734375 0.225 0.05 0.0609375
1 0.725 0.3046875 0.15546875 0.121875
1 0.50234375 0.22578125 0.103125 0.08515625
1 0.36328125 0.234375 0.084375 0.078125
3 0.975 0.15625 0.05 0.17421875
1 0.69140625 0.17578125 0.11171875 0.08125
1 0.48203125 0.15546875 0.07734375 0.059375
1 0.84609375 0.15546875 0.115625 0.078125
1 0.346875 0.1484375 0.07109375 0.05546875
1 0.49453125 0.12421875 0.075 0.06328125
1 0.22109375 0.14140625 0.053125 0.04609375
1 0.37890625 0.121875 0.0625 0.0609375