1 0.8453125 0.87265625 0.265625 0.2546875
1 0.19765625 0.0453125 0.025 0.03125
1 0.21875 0.03203125 0.02734375 0.03125
1 0.28515625 0.02109375 0.02890625 0.0390625
1 0.2484375 0.46328125 0.10078125 0.14453125
1 0.259375 0.0765625 0.03984375 0.0390625
1 0.34765625 0.09296875 0.04375 0.04296875
1 0.22734375 0.253125 0.065625 0.08515625
1 0.35234375 0.11875 0.03828125 0.04296875
1 0.13046875 0.14453125 0.04140625 0.05703125
1 0.4578125 0.1796875 0.0625 0.05546875
1 0.53046875 0.171875 0.06328125 0.06328125
1 0.58359375 0.159375 0.06015625 0.06328125
1 0.6359375 0.14375 0.065625 0.059375
3 0.08359375 0.071875 0.06796875 0.11484375
1 0.15234375 0.09296875 0.0375 0.0484375
2 0.80859375 0.23984375 0.11640625 0.0984375
1 0.01796875 0.1109375 0.034375 0.0484375
1 0.82890625 0.378125 0.14296875 0.0984375
1 0.93671875 0.36328125 0.12578125 0.11328125