1 0.49140625 0.1265625 0.04375 0.06640625
1 0.62734375 0.4796875 0.1 0.18359375
1 0.684375 0.05078125 0.025 0.03125
1 0.55078125 0.32421875 0.059375 0.1109375
1 0.678125 0.06640625 0.03046875 0.03671875
1 0.71640625 0.053125 0.025 0.03515625
2 0.703125 0.25625 0.07734375 0.15390625
1 0.67578125 0.08671875 0.03359375 0.0484375
1 0.74609375 0.0953125 0.0375 0.05546875
1 0.5875 0.13359375 0.03828125 0.05390625
1 0.74375 0.1546875 0.04375 0.0609375
1 0.83125 0.1890625 0.05859375 0.0703125
1 0.5125 0.16171875 0.0625 0.05546875
1 0.56796875 0.059375 0.01953125 0.0390625