1 0.29921875 0.52578125 0.06875 0.12578125
1 0.28671875 0.33515625 0.04453125 0.078125
1 0.36484375 0.32421875 0.05078125 0.0796875
2 0.75546875 0.3890625 0.12421875 0.1296875
1 0.92265625 0.43828125 0.11875 0.109375
1 0.58671875 0.32421875 0.075 0.07421875
1 0.46484375 0.4234375 0.096875 0.090625
1 0.4140625 0.5609375 0.08046875 0.13515625
1 0.54921875 0.2703125 0.05546875 0.06640625
1 0.69296875 0.303125 0.08046875 0.08359375
1 0.46015625 0.24609375 0.046875 0.059375
1 0.49921875 0.234375 0.04140625 0.05546875
1 0.24375 0.7984375 0.11015625 0.2203125
1 0.53515625 0.221875 0.040625 0.06640625