1 0.8015625 0.2046875 0.05234375 0.071875
1 0.715625 0.23671875 0.06015625 0.0703125
1 0.871875 0.35625 0.065625 0.109375
1 0.9703125 0.40078125 0.059375 0.11875
1 0.60703125 0.396875 0.11015625 0.1390625
1 0.0890625 0.45390625 0.14921875 0.14453125
1 0.07734375 0.553125 0.153125 0.19296875
1 0.10234375 0.6296875 0.17890625 0.1984375
1 0.13515625 0.34375 0.11328125 0.09453125
1 0.42265625 0.22578125 0.07265625 0.078125
2 0.46328125 0.840625 0.23515625 0.31875
1 0.61484375 0.16640625 0.05390625 0.05703125