1 0.7671875 0.665625 0.25390625 0.24453125
2 0.75 0.47109375 0.18515625 0.21328125
1 0.3875 0.37890625 0.13203125 0.12578125
3 0.18671875 0.290625 0.20390625 0.1796875
1 0.06796875 0.28046875 0.06328125 0.06640625
1 0.025 0.27109375 0.04765625 0.06328125
2 0.83203125 0.40703125 0.22109375 0.20390625
1 0.60234375 0.36015625 0.140625 0.13125
1 0.45 0.30625 0.12578125 0.11484375
1 0.32734375 0.2796875 0.10234375 0.090625
1 0.24296875 0.26484375 0.07265625 0.07578125
1 0.165625 0.24140625 0.05859375 0.0609375
1 0.10703125 0.23828125 0.05234375 0.059375
1 0.73203125 0.25625 0.12734375 0.1
1 0.71640625 0.315625 0.153125 0.121875
1 0.0671875 0.2265625 0.04375 0.05390625
1 0.371875 0.2359375 0.08515625 0.0796875
1 0.94609375 0.203125 0.10703125 0.0890625
1 0.77421875 0.18515625 0.11484375 0.08515625
1 0.61796875 0.1734375 0.096875 0.07421875
3 0.45234375 0.12421875 0.2 0.13359375
1 0.81796875 0.15078125 0.11875 0.08515625
1 0.65 0.140625 0.09375 0.06875
1 0.31015625 0.14921875 0.06171875 0.05
1 0.5390625 0.13203125 0.07265625 0.07421875
1 0.23828125 0.1453125 0.04921875 0.0484375
1 0.34140625 0.13046875 0.04296875 0.0484375
1 0.18828125 0.14296875 0.03984375 0.040625
1 0.25859375 0.12421875 0.05234375 0.0515625
1 0.15546875 0.13671875 0.03203125 0.04453125
1 0.20234375 0.11875 0.040625 0.04453125