1 0.57421875 0.88046875 0.246875 0.2390625
1 0.25546875 0.640625 0.134375 0.1609375
1 0.11015625 0.5015625 0.08671875 0.09609375
1 0.03359375 0.43515625 0.065625 0.0890625
3 0.07109375 0.3546875 0.13984375 0.140625
1 0.140625 0.43515625 0.07890625 0.08671875
3 0.36640625 0.546875 0.4125 0.4109375
3 0.80703125 0.78515625 0.38515625 0.4296875
1 0.875 0.66015625 0.20234375 0.19453125
1 0.3546875 0.41953125 0.08984375 0.08671875
3 0.29375 0.3296875 0.16328125 0.1609375
1 0.44296875 0.40546875 0.09453125 0.09296875
1 0.58828125 0.46015625 0.12265625 0.11484375
1 0.77265625 0.528125 0.153125 0.1390625
3 0.909375 0.45703125 0.18125 0.2109375
1 0.66953125 0.43125 0.121875 0.10390625
1 0.50390625 0.38046875 0.090625 0.09296875
3 0.38203125 0.31328125 0.16796875 0.1484375
1 0.953125 0.59765625 0.09375 0.1171875