1 0.76640625 0.61328125 0.146875 0.190625
0 0.6625 0.26328125 0.07265625 0.10703125
1 0.709375 0.44375 0.07109375 0.140625
1 0.47109375 0.153125 0.03125 0.0390625
1 0.42890625 0.16015625 0.034375 0.0390625
1 0.45078125 0.13984375 0.02890625 0.03515625
1 0.49140625 0.13515625 0.02890625 0.03671875
1 0.47109375 0.12578125 0.028125 0.03359375
1 0.57578125 0.1484375 0.03671875 0.0390625
1 0.61484375 0.190625 0.05234375 0.05703125
1 0.59296875 0.15546875 0.046875 0.0484375
2 0.06640625 0.29921875 0.06953125 0.078125
1 0.503125 0.175 0.04609375 0.04453125
1 0.51796875 0.2015625 0.05703125 0.05703125
1 0.17421875 0.23671875 0.06640625 0.05390625
1 0.47109375 0.303125 0.071875 0.071875
1 0.28515625 0.16640625 0.03984375 0.03671875
1 0.37265625 0.25390625 0.06640625 0.05390625
1 0.34453125 0.31171875 0.084375 0.07578125
2 0.31796875 0.1640625 0.04453125 0.05390625
2 0.41640625 0.14375 0.034375 0.04453125
1 0.11328125 0.4765625 0.12265625 0.10390625
2 0.35703125 0.13203125 0.03046875 0.0390625