1 0.0921875 0.8828125 0.184375 0.234375
1 0.3609375 0.88203125 0.2375 0.23515625
1 0.80625 0.89765625 0.30625 0.2046875
0 0.59765625 0.59609375 0.29296875 0.25703125
1 0.25859375 0.190625 0.09375 0.0796875
1 0.3390625 0.140625 0.084375 0.06640625
1 0.7359375 0.1859375 0.103125 0.090625
1 0.86875 0.21875 0.12109375 0.109375
1 0.94609375 0.20546875 0.10703125 0.10390625
1 0.80234375 0.16796875 0.09921875 0.08515625
1 0.66484375 0.13125 0.0875 0.09453125
1 0.56171875 0.11953125 0.08359375 0.078125
1 0.46171875 0.0953125 0.06640625 0.071875
1 0.39140625 0.078125 0.05859375 0.071875
1 0.35390625 0.06484375 0.0375 0.06328125
1 0.71328125 0.25859375 0.11875 0.11875