1 0.27109375 0.9109375 0.15078125 0.178125
1 0.1671875 0.7265625 0.14375 0.2484375
1 0.7640625 0.19375 0.03203125 0.05
1 0.70078125 0.19453125 0.03203125 0.0484375
1 0.19765625 0.5140625 0.09375 0.1390625
1 0.39140625 0.5296875 0.08828125 0.18125
1 0.81328125 0.265625 0.053125 0.06875
2 0.80703125 0.16875 0.03359375 0.0515625
1 0.35078125 0.26796875 0.04921875 0.08125
1 0.678125 0.375 0.05546875 0.0984375
2 0.8296875 0.45390625 0.1 0.18515625
1 0.91484375 0.28359375 0.059375 0.071875
1 0.95078125 0.4296875 0.09765625 0.13125
2 0.3671875 0.21015625 0.04375 0.06640625
1 0.81796875 0.8859375 0.15546875 0.19453125