1 0.4890625 0.36875 0.08046875 0.1515625
1 0.52421875 0.6359375 0.11875 0.27578125
1 0.48984375 0.9109375 0.16796875 0.178125
1 0.540625 0.065625 0.03671875 0.05703125
1 0.80546875 0.134375 0.084375 0.08359375
1 0.77109375 0.21640625 0.065625 0.11328125
0 0.6828125 0.17109375 0.12109375 0.24609375
1 0.028125 0.29921875 0.05390625 0.09609375
1 0.18515625 0.134375 0.07421875 0.08359375
1 0.4640625 0.08046875 0.05390625 0.07421875
1 0.56484375 0.12890625 0.04296875 0.071875
2 0.271875 0.2140625 0.05859375 0.11484375
1 0.34921875 0.23828125 0.06328125 0.11484375
3 0.15234375 0.20703125 0.20078125 0.29453125
1 0.86640625 0.35859375 0.12578125 0.14609375
1 0.715625 0.70859375 0.18515625 0.35390625
1 0.33125 0.08125 0.04453125 0.06328125
1 0.96328125 0.609375 0.07265625 0.15546875
0 0.39140625 0.0515625 0.05234375 0.1