1 0.47734375 0.85078125 0.20390625 0.240625
3 0.07109375 0.3546875 0.13984375 0.140625
1 0.14140625 0.44296875 0.071875 0.08515625
3 0.36640625 0.546875 0.4125 0.4109375
3 0.8078125 0.790625 0.384375 0.41875
3 0.29375 0.3296875 0.16328125 0.1609375
1 0.44296875 0.40546875 0.09453125 0.09296875
1 0.58828125 0.46015625 0.12265625 0.11484375
1 0.77265625 0.528125 0.153125 0.1390625
3 0.91015625 0.46953125 0.17890625 0.21328125
1 0.66953125 0.43125 0.121875 0.10390625
1 0.50390625 0.38046875 0.090625 0.09296875
3 0.38203125 0.31328125 0.16796875 0.1484375
1 0.20078125 0.59453125 0.11484375 0.15703125
3 0.06875 0.43203125 0.13515625 0.2015625
1 0.95078125 0.60625 0.09765625 0.11484375