1 0.68984375 0.6734375 0.12109375 0.26328125
1 0.49765625 0.478125 0.09765625 0.17421875
1 0.4703125 0.21953125 0.05390625 0.0796875
1 0.65390625 0.3359375 0.07578125 0.1703125
1 0.55625 0.25078125 0.06015625 0.11328125
1 0.6453125 0.12421875 0.03671875 0.06484375
1 0.59765625 0.09453125 0.02890625 0.0484375
1 0.7546875 0.171875 0.05 0.07578125
1 0.809375 0.16015625 0.05078125 0.07578125
1 0.8625 0.1296875 0.04921875 0.06875
1 0.79921875 0.09453125 0.04140625 0.05703125
1 0.9609375 0.08359375 0.078125 0.0640625
1 0.5765625 0.1765625 0.046875 0.071875
2 0.5828125 0.1140625 0.03671875 0.0703125
1 0.85546875 0.4359375 0.11484375 0.159375
3 0.48828125 0.12109375 0.125 0.15703125