1 0.92890625 0.153125 0.08984375 0.0609375
1 0.30625 0.11796875 0.06953125 0.05390625
1 0.29296875 0.146875 0.084375 0.05
3 0.57578125 0.08515625 0.31015625 0.10703125
1 0.9421875 0.30703125 0.115625 0.09296875
0 0.5765625 0.28203125 0.18828125 0.18125
1 0.48984375 0.43515625 0.17421875 0.11640625
2 0.63046875 0.12890625 0.07265625 0.07421875
1 0.6484375 0.25546875 0.12109375 0.08515625
1 0.7640625 0.128125 0.08125 0.06484375
1 0.1859375 0.3203125 0.13671875 0.090625
1 0.1953125 0.26640625 0.115625 0.0796875