1 0.65546875 0.8140625 0.303125 0.30390625
1 0.1203125 0.46484375 0.1 0.12421875
1 0.01796875 0.34609375 0.034375 0.09296875
1 0.975 0.59921875 0.05 0.16484375
2 0.7828125 0.49140625 0.19921875 0.23125
1 0.54765625 0.4296875 0.16171875 0.14609375
2 0.39140625 0.36484375 0.11875 0.14453125
1 0.26875 0.34140625 0.10625 0.1015625
3 0.1484375 0.28203125 0.18359375 0.16875
1 0.06328125 0.28203125 0.06015625 0.0703125
1 0.02578125 0.26953125 0.04921875 0.0609375
2 0.83671875 0.41484375 0.21875 0.20390625
1 0.60625 0.36953125 0.14140625 0.13125
1 0.45546875 0.31015625 0.125 0.1109375
1 0.8359375 0.33671875 0.17421875 0.13125
1 0.51875 0.28359375 0.115625 0.1
1 0.3203125 0.209375 0.06796875 0.06484375
1 0.15390625 0.1890625 0.046875 0.0515625
1 0.12421875 0.23203125 0.05078125 0.0515625
1 0.10078125 0.19921875 0.03828125 0.0390625
1 0.975 0.2015625 0.05 0.09609375
1 0.8640625 0.20078125 0.12421875 0.090625
1 0.71953125 0.18203125 0.11015625 0.0796875
1 0.5859375 0.17109375 0.09453125 0.07421875
3 0.434375 0.1296875 0.19296875 0.128125
1 0.96796875 0.178125 0.06328125 0.06875
1 0.85078125 0.165625 0.11640625 0.0703125
1 0.71015625 0.153125 0.10234375 0.0703125
1 0.59296875 0.1390625 0.0875 0.06484375
1 0.40546875 0.134375 0.05546875 0.05390625
1 0.3109375 0.1546875 0.0625 0.05
1 0.31875 0.1296875 0.059375 0.04453125
1 0.24296875 0.14921875 0.05 0.0515625
1 0.24296875 0.1265625 0.04140625 0.040625
1 0.19140625 0.1484375 0.040625 0.04453125
1 0.2046875 0.1234375 0.04140625 0.04609375