1 0.509375 0.18046875 0.03671875 0.071875
1 0.60546875 0.30078125 0.065625 0.10703125
2 0.5296875 0.23046875 0.05390625 0.1203125
1 0.58046875 0.18671875 0.05390625 0.078125
1 0.66328125 0.053125 0.03125 0.04453125
1 0.6484375 0.184375 0.06484375 0.0984375
1 0.8109375 0.75078125 0.16796875 0.340625
1 0.71953125 0.078125 0.04296875 0.05
1 0.5796875 0.08359375 0.034375 0.05546875
3 0.51640625 0.04921875 0.03984375 0.09453125
1 0.82734375 0.14921875 0.0625 0.0796875
1 0.55703125 0.0484375 0.02265625 0.040625
1 0.6 0.04375 0.02578125 0.03125
3 0.45390625 0.47421875 0.17421875 0.51328125