1 0.35546875 0.2796875 0.078125 0.1203125
1 0.57734375 0.36171875 0.08359375 0.1484375
1 0.72734375 0.40390625 0.09453125 0.16875
1 0.53046875 0.16640625 0.05390625 0.08515625
1 0.79140625 0.05390625 0.046875 0.0484375
1 0.58515625 0.09296875 0.04609375 0.0703125
1 0.66640625 0.1015625 0.05 0.078125
1 0.51953125 0.04453125 0.04375 0.0609375
1 0.92890625 0.07890625 0.065625 0.06328125
1 0.90234375 0.24296875 0.0875 0.1015625
1 0.9578125 0.17109375 0.084375 0.0828125
2 0.6515625 0.01484375 0.034375 0.02578125