1 0.4890625 0.36875 0.08046875 0.1515625
1 0.52421875 0.634375 0.11328125 0.2609375
1 0.48984375 0.9109375 0.16796875 0.178125
1 0.4640625 0.08046875 0.05390625 0.07421875
1 0.51953125 0.05078125 0.0375 0.05390625
1 0.58515625 0.08125 0.03828125 0.059375
3 0.1390625 0.24296875 0.18671875 0.28671875
3 0.16796875 0.62421875 0.33359375 0.7515625
1 0.571875 0.1953125 0.05859375 0.09453125
1 0.06796875 0.25 0.05625 0.09609375
3 0.71640625 0.19375 0.18359375 0.35703125
1 0.3359375 0.09921875 0.04375 0.06484375