2 0.61328125 0.52578125 0.08828125 0.2484375
1 0.83984375 0.61875 0.15078125 0.2484375
1 0.62734375 0.246875 0.05546875 0.0984375
1 0.73359375 0.04296875 0.02890625 0.04296875
1 0.75390625 0.065625 0.03125 0.05546875
1 0.590625 0.36875 0.09296875 0.1203125
1 0.80234375 0.10390625 0.04453125 0.06640625
1 0.68515625 0.1765625 0.04765625 0.078125
1 0.60703125 0.11640625 0.03828125 0.0609375
1 0.8515625 0.13125 0.053125 0.0703125
1 0.753125 0.11484375 0.04609375 0.06875
1 0.85234375 0.078125 0.04296875 0.05
1 0.6 0.0734375 0.02890625 0.04453125
1 0.653125 0.07890625 0.03125 0.05390625
1 0.88828125 0.23828125 0.06875 0.09609375
1 0.95859375 0.184375 0.059375 0.07421875
3 0.53515625 0.13046875 0.06640625 0.15703125