1 0.33828125 0.20625 0.06953125 0.128125
3 0.90234375 0.196875 0.19453125 0.390625
1 0.290625 0.12890625 0.08515625 0.11875
2 0.25234375 0.709375 0.21484375 0.4515625
1 0.36640625 0.03828125 0.04921875 0.071875
1 0.39921875 0.13125 0.06953125 0.10390625
1 0.4796875 0.23828125 0.0875 0.15546875
2 0.70078125 0.07578125 0.0625 0.10703125
1 0.60859375 0.034375 0.05 0.06484375
1 0.50390625 0.06875 0.05703125 0.09296875
0 0.46015625 0.0203125 0.05390625 0.03671875
1 0.32890625 0.0140625 0.07734375 0.02421875
1 0.87109375 0.53828125 0.178125 0.24609375
3 0.990625 0.37421875 0.01875 0.1734375