1 0.809375 0.24921875 0.04375 0.04296875
1 0.5578125 0.915625 0.11015625 0.16875
1 0.396875 0.92578125 0.11953125 0.1484375
1 0.19375 0.9640625 0.11171875 0.071875
1 0.55234375 0.72578125 0.0875 0.1609375
1 0.41484375 0.7515625 0.08828125 0.16875
1 0.26484375 0.8 0.11171875 0.19296875
1 0.07109375 0.90078125 0.13984375 0.1984375
1 0.4484375 0.571875 0.07421875 0.14609375
1 0.32421875 0.640625 0.08125 0.13125
1 0.178125 0.67578125 0.10546875 0.18671875
1 0.35546875 0.5453125 0.06796875 0.109375
1 0.26015625 0.5515625 0.07265625 0.109375
1 0.36953125 0.48046875 0.059375 0.08671875
1 0.30078125 0.4703125 0.05703125 0.090625
1 0.39609375 0.42890625 0.05078125 0.07421875
1 0.32109375 0.4234375 0.04921875 0.06640625
1 0.39375 0.38671875 0.04296875 0.06640625
1 0.33359375 0.38359375 0.04140625 0.06640625
1 0.35703125 0.353125 0.03828125 0.06328125
1 0.37421875 0.3234375 0.03359375 0.05703125
3 0.41484375 0.31015625 0.06875 0.1296875
3 0.115625 0.56015625 0.22890625 0.36328125
3 0.24140625 0.384375 0.1 0.1703125
3 0.29453125 0.31328125 0.08125 0.13125
3 0.3484375 0.259375 0.08359375 0.12578125
3 0.42578125 0.259375 0.053125 0.1015625
1 0.93046875 0.32890625 0.0625 0.05390625
0 0.3625 0.2296875 0.08359375 0.06875