0 0.66953125 0.28359375 0.07265625 0.10390625
1 0.69140625 0.9140625 0.2375 0.171875
1 0.4140625 0.43046875 0.06328125 0.10703125
1 0.38046875 0.59453125 0.1 0.16484375
1 0.36171875 0.3234375 0.04140625 0.09609375
3 0.28984375 0.31796875 0.10546875 0.23359375
3 0.26875 0.221875 0.1125 0.15
3 0.2953125 0.15859375 0.06953125 0.06484375
1 0.590625 0.5640625 0.15390625 0.2015625
1 0.40390625 0.2734375 0.03984375 0.06875
1 0.46328125 0.2796875 0.03046875 0.06640625
1 0.4640625 0.228125 0.034375 0.059375
1 0.42578125 0.20859375 0.028125 0.05
3 0.35546875 0.18984375 0.05546875 0.11875
3 0.19375 0.2296875 0.128125 0.13359375
1 0.190625 0.32578125 0.06484375 0.071875
1 0.434375 0.33984375 0.046875 0.08515625
1 0.44765625 0.17890625 0.025 0.03359375
1 0.48203125 0.184375 0.03125 0.04453125
1 0.39453125 0.16875 0.02578125 0.04296875
1 0.09296875 0.315625 0.06640625 0.04609375
1 0.0640625 0.29609375 0.05390625 0.0484375
1 0.4390625 0.15703125 0.02734375 0.03515625
1 0.47265625 0.15 0.02578125 0.03515625
1 0.52578125 0.146875 0.03125 0.03125
3 0.10390625 0.46796875 0.20625 0.38515625