1 0.64296875 0.19296875 0.03984375 0.0609375
1 0.30234375 0.80703125 0.16796875 0.28515625
1 0.30078125 0.475 0.08671875 0.13671875
1 0.7859375 0.190625 0.03828125 0.05703125
1 0.08984375 0.41796875 0.09375 0.11640625
1 0.671875 0.30390625 0.05625 0.08359375
1 0.765625 0.30703125 0.05703125 0.09296875
1 0.46328125 0.28515625 0.04921875 0.071875
1 0.425 0.24296875 0.05 0.07421875
1 0.73203125 0.6296875 0.10390625 0.18515625
1 0.8953125 0.60703125 0.11328125 0.16875
2 0.9875 0.3359375 0.025 0.09375