1 0.0609375 0.7046875 0.11953125 0.18671875
1 0.1765625 0.41171875 0.071875 0.090625
1 0.64609375 0.29609375 0.04453125 0.06640625
1 0.73046875 0.31171875 0.05 0.071875
1 0.79140625 0.26171875 0.03984375 0.0609375
1 0.67265625 0.403125 0.05859375 0.0890625
1 0.44140625 0.2609375 0.040625 0.06328125
1 0.80546875 0.47109375 0.08671875 0.1203125
1 0.41875 0.20078125 0.028125 0.040625
1 0.89453125 0.3 0.05390625 0.0703125
1 0.3671875 0.196875 0.034375 0.05
1 0.51953125 0.196875 0.028125 0.04296875
1 0.43671875 0.171875 0.028125 0.04296875