1 0.63203125 0.44609375 0.103125 0.16484375
1 0.69140625 0.86796875 0.16953125 0.23515625
3 0.49921875 0.10078125 0.06171875 0.1984375
1 0.60234375 0.240625 0.05703125 0.1
1 0.89765625 0.74609375 0.178125 0.3390625
1 0.68828125 0.24375 0.065625 0.1
2 0.65859375 0.1515625 0.05234375 0.0984375
1 0.57734375 0.12109375 0.0375 0.05703125
1 0.71328125 0.0640625 0.03359375 0.0484375
1 0.58984375 0.08515625 0.034375 0.0484375
1 0.55546875 0.0453125 0.025 0.03515625
1 0.84765625 0.20625 0.07578125 0.08671875
3 0.43984375 0.54921875 0.19765625 0.63125