1 0.90703125 0.6890625 0.18515625 0.20546875
1 0.7328125 0.53828125 0.11015625 0.18359375
1 0.72265625 0.35859375 0.071875 0.10390625
0 0.66171875 0.2515625 0.075 0.10390625
1 0.78125 0.2484375 0.053125 0.08515625
3 0.63984375 0.1296875 0.084375 0.10390625
1 0.17265625 0.20546875 0.04765625 0.0515625
1 0.52578125 0.14921875 0.04140625 0.03671875
1 0.06171875 0.296875 0.08359375 0.06875
3 0.11015625 0.21640625 0.21796875 0.1515625
1 0.54296875 0.16171875 0.04921875 0.0484375
1 0.46953125 0.14375 0.03359375 0.040625
1 0.25390625 0.19296875 0.05234375 0.05
1 0.43359375 0.203125 0.065625 0.05703125
1 0.2953125 0.1890625 0.04921875 0.04453125
1 0.34453125 0.14609375 0.04140625 0.03515625
3 0.1734375 0.6265625 0.34453125 0.56328125
1 0.196875 0.40546875 0.11796875 0.09296875
1 0.1953125 0.33984375 0.1 0.06640625
1 0.46171875 0.12421875 0.03671875 0.03515625
1 0.4171875 0.1203125 0.03203125 0.03125
1 0.390625 0.11796875 0.034375 0.03359375