1 0.53046875 0.16015625 0.05703125 0.0390625
2 0.48828125 0.1484375 0.06328125 0.05546875
1 0.43515625 0.178125 0.075 0.0484375
2 0.39453125 0.16484375 0.065625 0.05
1 0.35078125 0.2015625 0.07109375 0.0515625
1 0.29609375 0.19453125 0.06796875 0.04453125
1 0.26484375 0.21796875 0.071875 0.04296875
1 0.21171875 0.21875 0.06328125 0.03671875
1 0.10078125 0.2515625 0.08203125 0.05
0 0.66796875 0.25546875 0.07421875 0.11328125
1 0.7640625 0.69296875 0.23671875 0.190625
1 0.9625 0.92265625 0.071875 0.1546875
1 0.69453125 0.78515625 0.25703125 0.228125
1 0.9671875 0.665625 0.065625 0.140625
1 0.7171875 0.509375 0.09140625 0.18125
1 0.71640625 0.39453125 0.07109375 0.12421875
1 0.7484375 0.32421875 0.05859375 0.10703125
1 0.7671875 0.28046875 0.05625 0.090625
1 0.7984375 0.2296875 0.05 0.071875
1 0.8171875 0.2 0.05 0.06875
1 0.828125 0.17578125 0.040625 0.059375
1 0.6703125 0.9 0.28671875 0.2
1 0.29921875 0.67890625 0.21640625 0.15546875
1 0.6015625 0.1796875 0.06875 0.05703125
1 0.03203125 0.72109375 0.0625 0.13125