0 0.66640625 0.27421875 0.07421875 0.10546875
1 0.47265625 0.1609375 0.034375 0.040625
1 0.43203125 0.16640625 0.03359375 0.03671875
1 0.4515625 0.146875 0.03046875 0.03671875
1 0.49140625 0.14453125 0.03203125 0.040625
1 0.4703125 0.13359375 0.03125 0.03359375
2 0.39921875 0.16171875 0.03515625 0.05
2 0.37265625 0.17890625 0.03125 0.05546875
1 0.63359375 0.1453125 0.03828125 0.03671875
1 0.425 0.1453125 0.034375 0.03671875
1 0.55234375 0.15078125 0.03984375 0.0390625
1 0.5859375 0.15390625 0.0375 0.0390625
1 0.4859375 0.21875 0.05390625 0.04609375
3 0.48046875 0.31796875 0.24296875 0.28671875
3 0.20703125 0.19453125 0.17578125 0.1296875
3 0.36328125 0.23203125 0.15703125 0.14609375
1 0.42578125 0.26484375 0.065625 0.059375
1 0.07265625 0.45859375 0.10859375 0.09453125
1 0.440625 0.1234375 0.03359375 0.03125