1 0.91484375 0.69609375 0.16953125 0.20546875
1 0.73671875 0.54296875 0.11328125 0.18671875
1 0.70703125 0.3953125 0.07421875 0.11875
0 0.6609375 0.2515625 0.07421875 0.109375
1 0.76640625 0.27890625 0.05859375 0.09453125
3 0.671875 0.1046875 0.06875 0.08515625
1 0.11171875 0.22109375 0.04765625 0.04609375
1 0.57265625 0.125 0.034375 0.03359375
3 0.06015625 0.24296875 0.11875 0.13125
1 0.59921875 0.1296875 0.040625 0.0390625
1 0.47109375 0.140625 0.034375 0.040625
1 0.16875 0.23203125 0.05859375 0.05703125
1 0.509375 0.16328125 0.05234375 0.05
1 0.18671875 0.24140625 0.0625 0.05546875
1 0.28046875 0.17578125 0.04921875 0.04453125
3 0.23671875 0.50859375 0.440625 0.53515625
1 0.32109375 0.32109375 0.090625 0.07578125
1 0.3203125 0.26484375 0.078125 0.059375
1 0.44375 0.13671875 0.03515625 0.0390625
1 0.37421875 0.140625 0.03984375 0.03671875
1 0.34375 0.13671875 0.03828125 0.03671875
1 0.0640625 0.4953125 0.12578125 0.128125
1 0.43046875 0.125 0.03984375 0.0390625