1 0.66015625 0.15390625 0.0375 0.05546875
2 0.58828125 0.13359375 0.03671875 0.078125
1 0.66875 0.2015625 0.05234375 0.08125
1 0.66953125 0.26796875 0.05546875 0.08515625
1 0.7421875 0.3390625 0.07421875 0.10703125
1 0.87734375 0.5859375 0.13984375 0.1984375
1 0.13359375 0.88125 0.19453125 0.23671875
1 0.459375 0.70390625 0.12109375 0.23671875
1 0.34296875 0.46015625 0.090625 0.14453125
2 0.48984375 0.39296875 0.08125 0.18515625
1 0.3265625 0.32578125 0.06484375 0.1
1 0.36171875 0.20078125 0.05234375 0.06640625
2 0.509375 0.228125 0.04375 0.090625
1 0.46953125 0.16875 0.03828125 0.0609375
1 0.434375 0.134375 0.03125 0.04609375
1 0.48515625 0.13046875 0.03359375 0.04609375