1 0.5203125 0.35078125 0.06796875 0.0890625
1 0.13203125 0.465625 0.1 0.159375
1 0.78671875 0.3453125 0.05546875 0.071875
1 0.7484375 0.421875 0.075 0.11328125
1 0.20390625 0.58125 0.11640625 0.178125
1 0.63515625 0.44609375 0.06953125 0.109375
3 0.36953125 0.41171875 0.12265625 0.30390625
1 0.18671875 0.35625 0.07109375 0.11484375
1 0.8609375 0.69609375 0.15390625 0.221875
2 0.95546875 0.58828125 0.08828125 0.18359375
1 0.70234375 0.728125 0.12734375 0.2015625
1 0.29765625 0.3296875 0.05234375 0.090625
1 0.26796875 0.30546875 0.05078125 0.07578125