1 0.36796875 0.45078125 0.11015625 0.11640625
3 0.54453125 0.2046875 0.13359375 0.11640625
1 0.503125 0.434375 0.096875 0.1109375
1 0.478125 0.36875 0.0875 0.1
1 0.6265625 0.334375 0.06875 0.08359375
1 0.4296875 0.29453125 0.06796875 0.06640625
1 0.35234375 0.33359375 0.090625 0.071875
1 0.55546875 0.31484375 0.08125 0.078125
1 0.63203125 0.21953125 0.04609375 0.05
1 0.23984375 0.39375 0.10703125 0.08515625
1 0.1046875 0.45703125 0.13203125 0.09453125
1 0.53046875 0.5203125 0.11171875 0.13671875
1 0.6265625 0.26796875 0.06328125 0.059375
2 0.52578125 0.271875 0.07578125 0.071875
1 0.68125 0.3546875 0.07265625 0.08125
1 0.7703125 0.71328125 0.20859375 0.14609375
3 0.36328125 0.909375 0.725 0.18125
1 0.76953125 0.24296875 0.046875 0.059375
2 0.221875 0.44921875 0.10625 0.11328125
1 0.16875 0.8234375 0.228125 0.11484375
1 0.85078125 0.2046875 0.05546875 0.04296875
2 0.63046875 0.8453125 0.27421875 0.21484375