1 0.0953125 0.784375 0.14765625 0.25703125
1 0.77734375 0.8109375 0.18828125 0.2609375
1 0.50546875 0.5890625 0.10546875 0.16328125
1 0.19453125 0.475 0.071875 0.128125
1 0.39296875 0.46484375 0.08125 0.14609375
1 0.74296875 0.325 0.07109375 0.06875
1 0.7375 0.3984375 0.07890625 0.08125
1 0.46328125 0.4359375 0.07890625 0.109375
1 0.52421875 0.41953125 0.075 0.1
1 0.81328125 0.4015625 0.08359375 0.0796875
1 0.30859375 0.37890625 0.0625 0.109375
1 0.48203125 0.35703125 0.05859375 0.07421875
1 0.365625 0.34609375 0.05546875 0.07578125
1 0.91171875 0.534375 0.13515625 0.11328125