1 0.11953125 0.7953125 0.14375 0.28125
1 0.20546875 0.478125 0.07265625 0.13125
1 0.69140625 0.90625 0.20234375 0.18671875
1 0.375 0.46640625 0.07421875 0.13359375
1 0.45234375 0.4015625 0.06953125 0.10546875
1 0.56484375 0.634375 0.12265625 0.19453125
1 0.9046875 0.7546875 0.190625 0.2515625
1 0.75390625 0.371875 0.08515625 0.08671875
1 0.87265625 0.471875 0.13515625 0.14296875
2 0.21796875 0.3609375 0.04765625 0.1015625
1 0.48828125 0.33828125 0.06484375 0.0796875
3 0.90859375 0.3796875 0.18203125 0.21640625