0 0.46015625 0.23671875 0.16328125 0.1890625
1 0.20859375 0.19921875 0.07265625 0.0796875
2 0.27421875 0.23828125 0.08359375 0.0984375
1 0.98125 0.3796875 0.0375 0.078125
1 0.47890625 0.36875 0.1 0.09609375
2 0.29765625 0.1796875 0.06875 0.078125
1 0.3421875 0.33125 0.08046875 0.0984375
1 0.90546875 0.3265625 0.09921875 0.10390625
1 0.98125 0.45234375 0.0375 0.1453125
1 0.8640625 0.39921875 0.0875 0.10390625
3 0.77109375 0.359375 0.375 0.3484375
1 0.77734375 0.321875 0.08125 0.0890625
1 0.70234375 0.528125 0.14296875 0.14453125
2 0.50390625 0.48203125 0.10078125 0.16328125
1 0.80625 0.26484375 0.08203125 0.08515625
1 0.74296875 0.2109375 0.06875 0.0703125
1 0.67265625 0.209375 0.06171875 0.06875
1 0.71484375 0.80625 0.16875 0.2296875