1 0.4 0.5265625 0.05078125 0.06875
1 0.45234375 0.515625 0.04765625 0.07421875
1 0.35625 0.578125 0.05234375 0.078125
1 0.41953125 0.5546875 0.0625 0.06640625
1 0.571875 0.91953125 0.096875 0.1609375
3 0.32734375 0.7015625 0.17421875 0.30390625
1 0.5015625 0.52890625 0.05390625 0.071875
1 0.51484375 0.4640625 0.05703125 0.05546875
1 0.54921875 0.796875 0.08203125 0.14609375
1 0.73046875 0.865625 0.109375 0.19296875
1 0.53984375 0.7140625 0.065625 0.121875
1 0.54609375 0.609375 0.053125 0.0890625
2 0.56640625 0.5015625 0.03828125 0.08359375
1 0.6171875 0.56328125 0.05390625 0.08359375
1 0.63828125 0.51015625 0.046875 0.07578125
1 0.65390625 0.48046875 0.04375 0.0609375