1 0.1421875 0.8 0.203125 0.35390625
1 0.15234375 0.21953125 0.07421875 0.0984375
1 0.55859375 0.103125 0.03359375 0.0515625
1 0.6078125 0.11171875 0.034375 0.05546875
1 0.55234375 0.15 0.04296875 0.06484375
1 0.47890625 0.2109375 0.05078125 0.08125
3 0.696875 0.125 0.103125 0.159375
1 0.70703125 0.3140625 0.07421875 0.11640625
1 0.60703125 0.3953125 0.08125 0.14296875
3 0.30390625 0.17890625 0.10390625 0.18125
3 0.91640625 0.48125 0.16640625 0.4515625
1 0.40390625 0.1359375 0.040625 0.071875
1 0.20078125 0.15390625 0.04453125 0.06328125
1 0.2375 0.11015625 0.03515625 0.0484375
1 0.746875 0.940625 0.171875 0.11875
0 0.9453125 0.85078125 0.109375 0.2953125