1 0.69453125 0.19296875 0.03125 0.0484375
1 0.63984375 0.184375 0.03359375 0.0484375
1 0.70703125 0.22890625 0.03984375 0.0609375
1 0.32421875 0.88515625 0.14375 0.2296875
2 0.75859375 0.2 0.03359375 0.0609375
1 0.66484375 0.290625 0.04453125 0.0703125
1 0.79375 0.18359375 0.034375 0.05
1 0.37890625 0.39375 0.06875 0.1
1 0.2671875 0.40390625 0.06640625 0.09453125
1 0.32421875 0.328125 0.05390625 0.07421875
1 0.3 0.26484375 0.04453125 0.06328125
1 0.70078125 0.42109375 0.0625 0.10703125
1 0.83359375 0.32109375 0.06171875 0.0796875
1 0.84609375 0.50859375 0.08671875 0.121875
1 0.71484375 0.59296875 0.08203125 0.14296875
1 0.3984375 0.21875 0.03671875 0.059375
1 0.9734375 0.36484375 0.053125 0.0984375
1 0.9796875 0.57265625 0.040625 0.1171875