1 0.64453125 0.21328125 0.03515625 0.0484375
1 0.71953125 0.21796875 0.03515625 0.05546875
1 0.74140625 0.17421875 0.025 0.0484375
1 0.303125 0.52421875 0.090625 0.128125
1 0.0734375 0.465625 0.090625 0.1015625
1 0.35078125 0.28359375 0.04609375 0.06875
1 0.71796875 0.259375 0.0375 0.05390625
1 0.30390625 0.39609375 0.06953125 0.09609375
1 0.81953125 0.2015625 0.03671875 0.05546875
1 0.81171875 0.43671875 0.07734375 0.11640625
1 0.50390625 0.24296875 0.03984375 0.06328125
1 0.45 0.21875 0.03515625 0.05
1 0.35234375 0.19921875 0.04140625 0.0515625
1 0.80078125 0.85546875 0.16796875 0.2484375
1 0.52109375 0.1796875 0.02890625 0.0390625
1 0.45859375 0.1765625 0.028125 0.05390625