1 0.41328125 0.5140625 0.05234375 0.06484375
1 0.46328125 0.50703125 0.05078125 0.06640625
1 0.35625 0.56953125 0.05234375 0.08515625
1 0.4296875 0.6140625 0.06953125 0.09453125
3 0.29140625 0.95703125 0.22890625 0.08515625
3 0.31640625 0.78671875 0.36640625 0.3890625
1 0.59296875 0.70390625 0.07109375 0.1203125
1 0.5875 0.578125 0.05 0.08671875
1 0.4265625 0.5515625 0.05703125 0.0609375
1 0.60625 0.515625 0.04140625 0.059375
3 0.50625 0.5109375 0.10234375 0.15546875
1 0.66640625 0.48359375 0.03671875 0.06484375
1 0.62734375 0.4484375 0.03828125 0.04453125
1 0.66171875 0.43828125 0.03359375 0.04453125