1 0.64296875 0.140625 0.03671875 0.05546875
1 0.68515625 0.171875 0.03515625 0.059375
1 0.68125 0.21328125 0.04921875 0.07421875
1 0.73359375 0.3 0.07109375 0.09609375
1 0.65859375 0.4515625 0.084375 0.15
1 0.875 0.4265625 0.10234375 0.14453125
1 0.9234375 0.7703125 0.153125 0.265625
1 0.05859375 0.871875 0.115625 0.25546875
1 0.32890625 0.23671875 0.05078125 0.0796875
2 0.48046875 0.50859375 0.07890625 0.2015625
1 0.40234375 0.353125 0.07109375 0.109375
1 0.40390625 0.1984375 0.03984375 0.06484375
1 0.4390625 0.23671875 0.05234375 0.08359375
2 0.46484375 0.13046875 0.02890625 0.06640625