1 0.3703125 0.45546875 0.1125 0.10390625
3 0.54765625 0.20859375 0.13671875 0.128125
1 0.48671875 0.4515625 0.10234375 0.11484375
1 0.47734375 0.36796875 0.0875 0.08359375
1 0.61015625 0.3453125 0.06953125 0.0796875
1 0.43046875 0.290625 0.06484375 0.059375
1 0.353125 0.33125 0.09609375 0.0703125
1 0.55390625 0.31328125 0.07734375 0.06875
1 0.6328125 0.21875 0.04375 0.05
1 0.23984375 0.3953125 0.10859375 0.08359375
1 0.1046875 0.45703125 0.13203125 0.09609375
1 0.53203125 0.51796875 0.10703125 0.14296875
1 0.62734375 0.26875 0.06328125 0.06328125
2 0.5578125 0.25390625 0.06875 0.06875
1 0.63515625 0.40078125 0.0875 0.1015625
1 0.90625 0.69921875 0.1875 0.1390625
3 0.44296875 0.90625 0.784375 0.18671875
1 0.73984375 0.27578125 0.05234375 0.0609375
2 0.340625 0.38203125 0.0875 0.09609375
1 0.31640625 0.81484375 0.2375 0.11640625
1 0.80859375 0.21875 0.05 0.05390625
1 0.0390625 0.84296875 0.07578125 0.17578125
2 0.85625 0.8296875 0.2875 0.21875