1 0.90859375 0.92109375 0.18203125 0.15703125
1 0.55390625 0.72421875 0.13828125 0.228125
1 0.3171875 0.490625 0.09765625 0.1609375
1 0.4625 0.5203125 0.09609375 0.13671875
1 0.56640625 0.46875 0.09609375 0.15
1 0.68359375 0.378125 0.0875 0.08359375
1 0.82421875 0.40859375 0.090625 0.0796875
1 0.40390625 0.36640625 0.05703125 0.08515625
1 0.515625 0.3765625 0.06640625 0.0890625
1 0.18203125 0.38203125 0.05703125 0.0890625
1 0.33046875 0.34453125 0.05234375 0.08359375
3 0.79765625 0.2984375 0.16484375 0.190625