1 0.48828125 0.121875 0.02734375 0.0484375
2 0.5859375 0.1796875 0.04375 0.06328125
1 0.57890625 0.1265625 0.03125 0.05
1 0.66796875 0.20546875 0.05234375 0.08359375
1 0.63515625 0.128125 0.040625 0.071875
1 0.82421875 0.13984375 0.04765625 0.06484375
1 0.65078125 0.0484375 0.01953125 0.03515625
2 0.69140625 0.05390625 0.025 0.0390625
1 0.56171875 0.1015625 0.02890625 0.04296875
1 0.5625 0.06328125 0.02109375 0.03359375
1 0.59296875 0.04140625 0.021875 0.0296875
3 0.50546875 0.21015625 0.09375 0.2109375