1 0.68203125 0.18125 0.03203125 0.0515625
1 0.39921875 0.603125 0.08984375 0.15
1 0.6421875 0.24375 0.03984375 0.078125
1 0.74765625 0.203125 0.03203125 0.05
1 0.44296875 0.38984375 0.05703125 0.09609375
0 0.3234375 0.42421875 0.08671875 0.221875
1 0.23359375 0.4109375 0.07734375 0.10703125
1 0.78984375 0.19453125 0.03359375 0.04453125
1 0.26171875 0.2953125 0.05078125 0.06875
1 0.36015625 0.27578125 0.04765625 0.0609375
1 0.3453125 0.21796875 0.03359375 0.0484375
1 0.70625 0.559375 0.08125 0.13359375
1 0.928125 0.715625 0.14375 0.17578125
1 0.96875 0.5125 0.0625 0.125