1 0.7828125 0.67890625 0.184375 0.32421875
1 0.50859375 0.1140625 0.03046875 0.05546875
1 0.58515625 0.2109375 0.05 0.09609375
1 0.715625 0.08984375 0.034375 0.05
1 0.7609375 0.08046875 0.034375 0.0515625
1 0.58203125 0.115625 0.0375 0.05546875
1 0.77890625 0.1484375 0.04296875 0.0609375
1 0.56015625 0.09140625 0.03046875 0.04453125
1 0.6296875 0.10390625 0.03515625 0.05703125
1 0.7984375 0.23125 0.07421875 0.090625
1 0.86953125 0.1859375 0.053125 0.078125
2 0.60390625 0.053125 0.03359375 0.05390625
1 0.896875 0.36484375 0.10625 0.15