0 0.59296875 0.684375 0.290625 0.26328125
1 0.58203125 0.2140625 0.07890625 0.06875
1 0.73671875 0.25078125 0.10703125 0.08515625
2 0.940625 0.29609375 0.11875 0.1609375
1 0.65234375 0.25703125 0.09375 0.07421875
1 0.52890625 0.87890625 0.25078125 0.21640625
1 0.22890625 0.92578125 0.23828125 0.1484375
1 0.80234375 0.95546875 0.290625 0.0890625
1 0.403125 0.29921875 0.10234375 0.0796875
3 0.35234375 0.11875 0.09921875 0.1390625
1 0.7890625 0.45703125 0.15625 0.11875
1 0.96796875 0.84453125 0.06328125 0.15390625
1 0.965625 0.30078125 0.06875 0.0703125