1 0.634375 0.17109375 0.02421875 0.03671875
1 0.72265625 0.17109375 0.02734375 0.04296875
1 0.625 0.2015625 0.03125 0.0484375
1 0.68046875 0.18203125 0.02734375 0.04296875
1 0.65234375 0.25 0.0375 0.06484375
1 0.7265625 0.290625 0.04765625 0.06875
2 0.7828125 0.259375 0.04296875 0.07421875
1 0.80234375 0.2015625 0.03515625 0.05
1 0.67734375 0.36484375 0.05390625 0.08125
1 0.35234375 0.2796875 0.046875 0.07578125
1 0.26171875 0.3203125 0.05234375 0.07421875
1 0.83046875 0.24375 0.03828125 0.059375
1 0.80078125 0.41875 0.07421875 0.1
1 0.7078125 0.46875 0.07421875 0.1296875
1 0.41015625 0.2265625 0.034375 0.0515625
1 0.51796875 0.221875 0.03125 0.05390625
1 0.34296875 0.21796875 0.03828125 0.05546875
1 0.890625 0.3015625 0.04921875 0.06875
1 0.92265625 0.43046875 0.078125 0.0890625
2 0.93046875 0.33515625 0.07265625 0.0984375
1 0.80078125 0.87890625 0.15234375 0.209375