3 0.05234375 0.63515625 0.10234375 0.43359375
1 0.31171875 0.2484375 0.05234375 0.078125
1 0.3515625 0.3296875 0.06796875 0.1109375
1 0.240625 0.64453125 0.13046875 0.20703125
1 0.41796875 0.65703125 0.10859375 0.2203125
1 0.3640625 0.2765625 0.05 0.0796875
1 0.45 0.40625 0.0625 0.121875
1 0.4125 0.2265625 0.04375 0.07421875
1 0.47734375 0.25625 0.04609375 0.07421875
3 0.38203125 0.15546875 0.06171875 0.1296875
1 0.44296875 0.18125 0.034375 0.06328125
1 0.48125 0.19453125 0.03515625 0.0609375
3 0.928125 0.57578125 0.14375 0.5046875