1 0.53046875 0.16015625 0.05703125 0.0390625
2 0.48828125 0.1484375 0.06328125 0.05546875
1 0.43515625 0.178125 0.075 0.0484375
2 0.39453125 0.16484375 0.065625 0.05
1 0.35078125 0.2015625 0.07109375 0.0515625
1 0.29609375 0.19453125 0.06796875 0.04453125
1 0.26484375 0.21796875 0.071875 0.04296875
1 0.21171875 0.21875 0.06328125 0.03671875
1 0.10078125 0.2515625 0.08203125 0.05
0 0.66875 0.25859375 0.07265625 0.1015625
1 0.0328125 0.34140625 0.06328125 0.06640625
1 0.646875 0.1703125 0.0625 0.0484375
1 0.76328125 0.69296875 0.23671875 0.19296875
1 0.44921875 0.70078125 0.2125 0.18125
1 0.15859375 0.6609375 0.21171875 0.14609375
1 0.96796875 0.67109375 0.06328125 0.14609375
1 0.95 0.85703125 0.1 0.1203125
1 0.5765625 0.85546875 0.23046875 0.20703125
3 0.7515625 0.90234375 0.496875 0.1953125
1 0.71796875 0.5109375 0.09296875 0.17578125
1 0.7171875 0.39375 0.06796875 0.1203125
1 0.7484375 0.325 0.05703125 0.109375
1 0.76875 0.2796875 0.05546875 0.08515625
1 0.7984375 0.2296875 0.05 0.071875
1 0.8171875 0.2 0.05 0.06875
1 0.828125 0.17578125 0.040625 0.059375
1 0.04765625 0.80546875 0.09296875 0.16328125