1 0.0890625 0.47109375 0.14140625 0.09296875
1 0.128125 0.50546875 0.140625 0.08671875
1 0.24765625 0.39453125 0.103125 0.06875
1 0.2828125 0.43125 0.11484375 0.071875
1 0.3609375 0.34453125 0.075 0.06484375
1 0.38203125 0.36796875 0.08984375 0.06328125
1 0.39765625 0.2953125 0.06875 0.05390625
1 0.45 0.2984375 0.06640625 0.0515625
1 0.46015625 0.328125 0.07265625 0.0703125
1 0.45859375 0.2609375 0.05546875 0.0484375
1 0.50859375 0.26171875 0.06171875 0.05703125
1 0.52265625 0.29140625 0.06875 0.05
1 0.5234375 0.2296875 0.046875 0.03671875
1 0.571875 0.23515625 0.05234375 0.0515625
1 0.58046875 0.25703125 0.05703125 0.05390625
1 0.61875 0.2359375 0.04453125 0.040625
1 0.25546875 0.9546875 0.15234375 0.090625
1 0.56484375 0.45703125 0.10234375 0.1484375
1 0.81796875 0.23203125 0.06015625 0.05