1 0.9484375 0.7140625 0.103125 0.16484375
1 0.72265625 0.5515625 0.103125 0.1703125
0 0.6625 0.26171875 0.07265625 0.10703125
1 0.71953125 0.390625 0.071875 0.12578125
1 0.47109375 0.1515625 0.03125 0.0390625
1 0.42890625 0.159375 0.034375 0.0390625
1 0.45 0.13984375 0.02890625 0.03515625
1 0.49140625 0.134375 0.028125 0.03671875
1 0.571875 0.14296875 0.03828125 0.03671875
2 0.64296875 0.13984375 0.04140625 0.0515625
1 0.47109375 0.125 0.02734375 0.03359375
1 0.60625 0.140625 0.0375 0.03671875
1 0.51796875 0.1734375 0.04765625 0.0484375
1 0.48359375 0.3 0.08125 0.09296875
1 0.4546875 0.22578125 0.06953125 0.06640625
1 0.2109375 0.19921875 0.05390625 0.05
2 0.31484375 0.18046875 0.04375 0.05
1 0.3671875 0.24609375 0.06796875 0.0609375
1 0.33671875 0.31328125 0.08828125 0.090625
1 0.34765625 0.1546875 0.04375 0.03671875
1 0.190625 0.58828125 0.15625 0.15390625
1 0.36484375 0.1234375 0.03359375 0.03125