1 0.475 0.18671875 0.06171875 0.078125
2 0.6359375 0.38046875 0.09375 0.19453125
1 0.6703125 0.71953125 0.128125 0.25
1 0.61015625 0.28125 0.06015625 0.1
1 0.90546875 0.63671875 0.18828125 0.30546875
1 0.54765625 0.1484375 0.03671875 0.06328125
1 0.80234375 0.09453125 0.03671875 0.0609375
1 0.65 0.16953125 0.05390625 0.08515625
1 0.56640625 0.10390625 0.02890625 0.04609375
1 0.60703125 0.084375 0.02890625 0.05
1 0.64765625 0.09609375 0.034375 0.05546875
1 0.92734375 0.290625 0.08671875 0.11484375
3 0.4546875 0.48359375 0.175 0.471875