1 0.37578125 0.90703125 0.09921875 0.18515625
1 0.4359375 0.71640625 0.07109375 0.1296875
1 0.41484375 0.48984375 0.05234375 0.06328125
1 0.46484375 0.48515625 0.05390625 0.078125
1 0.359375 0.5453125 0.05234375 0.07421875
1 0.58203125 0.9046875 0.0875 0.190625
1 0.43359375 0.6046875 0.06953125 0.090625
1 0.58046875 0.64921875 0.06328125 0.11484375
1 0.73828125 0.89296875 0.11953125 0.19296875
3 0.53515625 0.47578125 0.06796875 0.1484375
1 0.678125 0.63359375 0.07109375 0.13515625
1 0.63046875 0.5046875 0.040625 0.06875
3 0.596875 0.42578125 0.059375 0.11328125
1 0.69921875 0.4234375 0.03671875 0.05390625
1 0.66484375 0.41953125 0.02890625 0.04609375