1 0.4625 0.32421875 0.075 0.06875
1 0.521875 0.28671875 0.065625 0.05546875
1 0.57421875 0.25703125 0.06171875 0.05703125
1 0.61640625 0.2359375 0.05 0.0515625
1 0.38046875 0.36484375 0.09296875 0.07578125
1 0.24609375 0.38828125 0.10390625 0.071875
1 0.3625 0.33671875 0.08046875 0.06875
1 0.44921875 0.29453125 0.06875 0.059375
2 0.50546875 0.2609375 0.06171875 0.059375
1 0.565625 0.2296875 0.04765625 0.05546875
1 0.52109375 0.23125 0.05078125 0.04609375
1 0.0890625 0.45390625 0.13515625 0.0984375
1 0.28203125 0.425 0.11171875 0.0796875
1 0.12734375 0.4984375 0.146875 0.1
1 0.46015625 0.25859375 0.059375 0.0515625
1 0.39375 0.29140625 0.065625 0.0609375
1 0.196875 0.6484375 0.14765625 0.17421875
1 0.35703125 0.6265625 0.13046875 0.17421875
2 0.5421875 0.36640625 0.07265625 0.128125
1 0.70234375 0.30390625 0.059375 0.078125
1 0.84609375 0.225 0.05234375 0.059375