0 0.66640625 0.27421875 0.07421875 0.10546875
1 0.47265625 0.16171875 0.034375 0.040625
1 0.4328125 0.16796875 0.03359375 0.03671875
1 0.4515625 0.146875 0.03046875 0.03671875
1 0.49140625 0.1453125 0.03203125 0.040625
1 0.4703125 0.134375 0.03203125 0.03359375
2 0.3984375 0.16328125 0.03515625 0.05
2 0.37265625 0.1796875 0.03125 0.05390625
1 0.42421875 0.146875 0.034375 0.03671875
1 0.58671875 0.134375 0.03671875 0.03671875
1 0.540625 0.18203125 0.04609375 0.040625
3 0.57734375 0.23203125 0.16953125 0.19453125
3 0.109375 0.23671875 0.21640625 0.15703125
3 0.45546875 0.18515625 0.12109375 0.11875
1 0.49140625 0.21953125 0.04765625 0.0515625
1 0.23671875 0.34609375 0.09609375 0.07421875
1 0.396875 0.14140625 0.03984375 0.03125
1 0.40859375 0.125 0.03046875 0.02578125