1 0.14765625 0.609375 0.17421875 0.19296875
1 0.05234375 0.50703125 0.103125 0.121875
1 0.97265625 0.2484375 0.05390625 0.07421875
1 0.66640625 0.31640625 0.06875 0.08671875
1 0.43828125 0.28359375 0.07421875 0.0796875
1 0.41953125 0.25546875 0.06875 0.071875
1 0.35625 0.24921875 0.071875 0.078125
1 0.5609375 0.23515625 0.05625 0.0703125
1 0.9671875 0.51328125 0.065625 0.1484375
1 0.81484375 0.51640625 0.08671875 0.15
2 0.6296875 0.5859375 0.11640625 0.190625
2 0.4734375 0.18515625 0.04375 0.0609375
1 0.5703125 0.171875 0.04765625 0.05