1 0.25078125 0.3140625 0.09296875 0.0796875
3 0.075 0.61484375 0.14765625 0.47421875
1 0.24921875 0.428125 0.08359375 0.11640625
1 0.37578125 0.43125 0.06875 0.11875
1 0.38671875 0.59921875 0.1125 0.1796875
1 0.31640625 0.24609375 0.05234375 0.0703125
1 0.37109375 0.2046875 0.04140625 0.0609375
1 0.5890625 0.284375 0.04765625 0.0796875
1 0.4359375 0.20546875 0.0375 0.05390625
1 0.45859375 0.1640625 0.03046875 0.0484375
1 0.67578125 0.54453125 0.10234375 0.1796875
1 0.40390625 0.16015625 0.028125 0.04453125