0 0.159375 0.134375 0.15078125 0.121875
1 0.26171875 0.22578125 0.0625 0.0703125
1 0.178125 0.203125 0.06015625 0.071875
3 0.3671875 0.15546875 0.22734375 0.159375
1 0.35859375 0.2359375 0.078125 0.07421875
2 0.29375 0.25 0.06328125 0.090625
1 0.9796875 0.38515625 0.040625 0.08515625
1 0.35546875 0.31796875 0.08515625 0.09296875
1 0.52890625 0.36484375 0.1 0.0984375
1 0.8671875 0.296875 0.09453125 0.0984375
1 0.77734375 0.31171875 0.078125 0.090625
3 0.6671875 0.28671875 0.22109375 0.24453125
1 0.43359375 0.4 0.09453125 0.11484375
1 0.6796875 0.50703125 0.128125 0.13671875
1 0.7890625 0.25078125 0.06640625 0.08515625
1 0.67734375 0.20703125 0.05625 0.06640625
1 0.7359375 0.20859375 0.05625 0.0703125
1 0.59140625 0.58125 0.12734375 0.14453125
1 0.84921875 0.6859375 0.16875 0.17578125
1 0.76328125 0.921875 0.17109375 0.15546875