2 0.60546875 0.17578125 0.02890625 0.05
2 0.04296875 0.5 0.084375 0.21875
1 0.62421875 0.2359375 0.03515625 0.05546875
1 0.26328125 0.56171875 0.09375 0.13125
1 0.68359375 0.228125 0.03515625 0.059375
1 0.74453125 0.23515625 0.03984375 0.05703125
2 0.16328125 0.36171875 0.09140625 0.15390625
1 0.78515625 0.19921875 0.03828125 0.04453125
1 0.63828125 0.31171875 0.04921875 0.0796875
1 0.37421875 0.2359375 0.0375 0.05390625
1 0.32109375 0.23828125 0.03828125 0.05546875
1 0.86640625 0.346875 0.0625 0.0796875
1 0.809375 0.51875 0.08125 0.11328125
1 0.4484375 0.1953125 0.03359375 0.05390625
1 0.50234375 0.19140625 0.02734375 0.0484375