0 0.66328125 0.26484375 0.07265625 0.10703125
1 0.74765625 0.5515625 0.11015625 0.190625
1 0.471875 0.1546875 0.03203125 0.040625
1 0.4296875 0.1609375 0.034375 0.0390625
1 0.45078125 0.14140625 0.02890625 0.03515625
1 0.49140625 0.13671875 0.02890625 0.03671875
1 0.47109375 0.128125 0.028125 0.03359375
1 0.653125 0.1453125 0.0375 0.03671875
1 0.55078125 0.15546875 0.04375 0.0390625
1 0.590625 0.15390625 0.040625 0.04296875
2 0.403125 0.15546875 0.034375 0.0484375
1 0.50390625 0.21171875 0.05234375 0.05
2 0.11328125 0.2359375 0.05703125 0.06484375
1 0.45625 0.2046875 0.05 0.04453125
1 0.43828125 0.26875 0.08359375 0.0796875
1 0.25234375 0.21015625 0.05703125 0.05
2 0.36796875 0.39453125 0.08203125 0.11328125
1 0.26484375 0.315625 0.09453125 0.08359375
1 0.38515625 0.146875 0.04140625 0.040625
2 0.16328125 0.42421875 0.13125 0.13125
1 0.41328125 0.13125 0.03359375 0.0296875
3 0.38125 0.109375 0.09375 0.1