1 0.34453125 0.4734375 0.15390625 0.14609375
1 0.1546875 0.3765625 0.09375 0.11484375
3 0.0359375 0.3 0.06953125 0.15546875
1 0.975 0.59609375 0.05 0.1609375
2 0.78671875 0.49140625 0.203125 0.23359375
1 0.54921875 0.4296875 0.16171875 0.14453125
2 0.39453125 0.36640625 0.11796875 0.15
1 0.27109375 0.34375 0.10625 0.1015625
3 0.15 0.28359375 0.18046875 0.16875
1 0.06484375 0.284375 0.06171875 0.0703125
1 0.94140625 0.30078125 0.11640625 0.121875
1 0.6671875 0.31015625 0.14765625 0.11875
1 0.43828125 0.3109375 0.12578125 0.10703125
1 0.42578125 0.21796875 0.09609375 0.090625
1 0.15546875 0.18984375 0.04921875 0.04453125
2 0.115625 0.2265625 0.05625 0.0609375
1 0.9765625 0.203125 0.046875 0.096875
1 0.86640625 0.20390625 0.125 0.09296875
1 0.72109375 0.184375 0.1125 0.08515625
1 0.5875 0.17421875 0.09609375 0.0703125
3 0.42734375 0.1296875 0.18984375 0.121875
1 0.9265625 0.1703125 0.146875 0.0875
1 0.76796875 0.15859375 0.10546875 0.0703125
1 0.64140625 0.1484375 0.084375 0.06640625
1 0.525 0.13203125 0.07421875 0.06328125
1 0.2546875 0.128125 0.04609375 0.04296875
1 0.23359375 0.15 0.04921875 0.04609375
1 0.196875 0.128125 0.04296875 0.03671875