2 0.9296875 0.4625 0.140625 0.1875
1 0.24296875 0.23515625 0.05234375 0.04296875
1 0.83515625 0.4015625 0.1 0.0890625
1 0.91875 0.57734375 0.1625 0.1453125
1 0.75703125 0.40625 0.08203125 0.08359375
1 0.2953125 0.26328125 0.03515625 0.05546875
1 0.3578125 0.27421875 0.0375 0.0515625
1 0.30234375 0.30703125 0.040625 0.06875
1 0.60390625 0.33125 0.07265625 0.0796875
1 0.6921875 0.32578125 0.08203125 0.08671875
1 0.378125 0.31328125 0.040625 0.06484375
1 0.59921875 0.28515625 0.06015625 0.0609375
1 0.39296875 0.38828125 0.04765625 0.09609375
1 0.309375 0.39609375 0.04375 0.0890625
1 0.525 0.28125 0.05234375 0.05703125
1 0.52421875 0.25 0.053125 0.05703125
1 0.57578125 0.2484375 0.053125 0.05390625
1 0.30546875 0.54375 0.06953125 0.121875
1 0.46640625 0.2484375 0.04140625 0.05
1 0.4109375 0.80703125 0.090625 0.23359375
2 0.1609375 0.94921875 0.15703125 0.1015625
1 0.48125 0.22109375 0.03359375 0.0484375
1 0.52890625 0.2234375 0.03984375 0.0515625