1 0.28515625 0.36875 0.10625 0.08125
1 0.30546875 0.421875 0.1125 0.08125
1 0.38984375 0.32578125 0.08359375 0.06640625
1 0.50390625 0.309375 0.07265625 0.059375
1 0.48203125 0.2796875 0.05859375 0.05390625
1 0.5796875 0.26484375 0.05703125 0.05546875
1 0.46953125 0.26328125 0.05390625 0.0515625
1 0.53828125 0.25546875 0.05078125 0.05390625
1 0.646875 0.22890625 0.04453125 0.05546875
1 0.51640625 0.23046875 0.04765625 0.04609375
1 0.59140625 0.22421875 0.046875 0.0484375
1 0.65234375 0.375 0.07421875 0.0984375
1 0.0984375 0.459375 0.128125 0.07578125
1 0.0765625 0.53203125 0.15078125 0.109375
1 0.87421875 0.21328125 0.053125 0.0484375