1 0.83828125 0.68203125 0.18984375 0.21484375
0 0.66328125 0.2640625 0.07265625 0.10703125
1 0.71171875 0.478125 0.071875 0.15390625
1 0.47109375 0.15390625 0.03203125 0.040625
1 0.4296875 0.1609375 0.034375 0.0390625
1 0.45078125 0.140625 0.02890625 0.03515625
1 0.49140625 0.1359375 0.02890625 0.03671875
1 0.47109375 0.1265625 0.028125 0.03359375
1 0.6796875 0.13984375 0.040625 0.04609375
1 0.54375 0.1515625 0.0375 0.04296875
1 0.60390625 0.15078125 0.04453125 0.0484375
1 0.57265625 0.2109375 0.05078125 0.05
1 0.1453125 0.22578125 0.04140625 0.04453125
1 0.47890625 0.19453125 0.05078125 0.040625
1 0.48984375 0.21875 0.05859375 0.05546875
2 0.16640625 0.2296875 0.059375 0.06484375
2 0.40390625 0.1546875 0.034375 0.0484375
1 0.35703125 0.31015625 0.07578125 0.06484375
2 0.27890625 0.16796875 0.0375 0.05
1 0.29140625 0.30390625 0.075 0.06328125
1 0.12890625 0.46328125 0.140625 0.12421875
1 0.3875 0.1515625 0.03828125 0.0390625
2 0.02578125 0.78203125 0.05 0.13125