1 0.61953125 0.0796875 0.03046875 0.05
1 0.67109375 0.071875 0.03125 0.0484375
1 0.58203125 0.09609375 0.028125 0.0484375
1 0.65078125 0.0984375 0.028125 0.05546875
1 0.64765625 0.134375 0.03828125 0.06328125
1 0.71796875 0.16015625 0.04375 0.06484375
1 0.61015625 0.184375 0.04609375 0.071875
2 0.68671875 0.2265625 0.05234375 0.090625
1 0.815625 0.27578125 0.07421875 0.1015625
1 0.75078125 0.36640625 0.08828125 0.12578125
1 0.69921875 0.53359375 0.10859375 0.16875
1 0.29453125 0.346875 0.05859375 0.11328125
1 0.25390625 0.6203125 0.12421875 0.19296875
1 0.46796875 0.42578125 0.08046875 0.140625
1 0.43984375 0.1640625 0.04453125 0.06640625
1 0.50859375 0.184375 0.04765625 0.0890625