1 0.6984375 0.05078125 0.02109375 0.03125
1 0.709375 0.06015625 0.02265625 0.03125
1 0.2875 0.34375 0.08125 0.1
1 0.73359375 0.06484375 0.02265625 0.021875
1 0.72890625 0.03125 0.01953125 0.0296875
1 0.73828125 0.03984375 0.025 0.02578125
1 0.74296875 0.08359375 0.02578125 0.04609375
1 0.76484375 0.06484375 0.02265625 0.03671875
1 0.43515625 0.2359375 0.078125 0.07421875
1 0.7328125 0.10078125 0.02734375 0.04609375
1 0.78828125 0.09140625 0.028125 0.04453125
1 0.87734375 0.7546875 0.16796875 0.2796875
1 0.77265625 0.11640625 0.034375 0.0515625
2 0.7046875 0.10703125 0.03671875 0.059375
1 0.684375 0.259375 0.05234375 0.08671875
1 0.83359375 0.1296875 0.040625 0.06640625
1 0.59921875 0.06640625 0.025 0.040625
1 0.59453125 0.04296875 0.015625 0.01875
1 0.84140625 0.1953125 0.053125 0.06875
1 0.93984375 0.22578125 0.06640625 0.0796875
1 0.9734375 0.31875 0.053125 0.10625
1 0.96796875 0.153125 0.06328125 0.06484375
1 0.58203125 0.0296875 0.01796875 0.028125
1 0.60234375 0.01640625 0.01875 0.0296875
3 0.55078125 0.0890625 0.04921875 0.10390625