1 0.27578125 0.32578125 0.04296875 0.06875
1 0.26328125 0.24375 0.03203125 0.05390625
1 0.31953125 0.246875 0.03984375 0.05390625
1 0.93515625 0.49921875 0.12890625 0.11484375
1 0.33046875 0.296875 0.046875 0.05703125
1 0.36484375 0.3703125 0.05546875 0.07578125
1 0.78125 0.38515625 0.1 0.09609375
1 0.63046875 0.35546875 0.08515625 0.0796875
1 0.65546875 0.32109375 0.078125 0.07421875
1 0.28046875 0.42109375 0.05234375 0.0984375
1 0.67890625 0.2890625 0.06875 0.0796875
1 0.55859375 0.24375 0.05078125 0.05546875
1 0.49921875 0.24921875 0.05 0.05546875
1 0.26796875 0.7140625 0.090625 0.16640625