1 0.60546875 0.403125 0.07109375 0.13125
1 0.11875 0.58515625 0.14140625 0.19296875
1 0.73203125 0.0796875 0.02421875 0.03671875
1 0.771875 0.07890625 0.02734375 0.0296875
1 0.5953125 0.17890625 0.03828125 0.06640625
1 0.70234375 0.09453125 0.03046875 0.04453125
1 0.77734375 0.096875 0.02890625 0.0296875
1 0.77109375 0.140625 0.040625 0.05703125
1 0.62109375 0.08515625 0.025 0.04296875
1 0.57421875 0.05546875 0.01953125 0.03515625
1 0.56640625 0.0765625 0.021875 0.03671875
1 0.88046875 0.246875 0.06796875 0.08125
1 0.9078125 0.3390625 0.09140625 0.128125