2 0.3734375 0.55 0.090625 0.171875
1 0.4 0.275 0.04140625 0.06328125
1 0.4 0.1796875 0.02890625 0.04453125
1 0.45234375 0.175 0.025 0.03671875
1 0.69921875 0.16484375 0.028125 0.040625
1 0.75234375 0.175 0.028125 0.04296875
1 0.65703125 0.19609375 0.03203125 0.05
1 0.73515625 0.20703125 0.03828125 0.06328125
1 0.62890625 0.28046875 0.04140625 0.06484375
1 0.8015625 0.33515625 0.05703125 0.078125
2 0.92421875 0.340625 0.07421875 0.1015625
1 0.64921875 0.40625 0.05859375 0.1
1 0.8125 0.509375 0.08125 0.11328125
1 0.9296875 0.48046875 0.09453125 0.128125
1 0.78515625 0.9453125 0.13828125 0.109375