1 0.73984375 0.35546875 0.08359375 0.11484375
1 0.696875 0.23984375 0.05390625 0.0703125
1 0.64921875 0.159375 0.03828125 0.0609375
1 0.7015625 0.140625 0.03671875 0.0484375
2 0.91640625 0.68828125 0.16640625 0.29296875
1 0.35859375 0.91015625 0.15859375 0.1796875
1 0.496875 0.4984375 0.090625 0.17421875
1 0.43671875 0.3609375 0.07109375 0.11484375
1 0.42421875 0.2640625 0.05546875 0.090625
1 0.33203125 0.290625 0.05546875 0.08515625
1 0.4203125 0.21328125 0.03984375 0.06328125
1 0.46796875 0.15078125 0.034375 0.05390625