1 0.721875 0.91640625 0.15625 0.16640625
1 0.48984375 0.175 0.06015625 0.08515625
2 0.621875 0.3015625 0.07578125 0.16640625
1 0.6515625 0.5265625 0.10234375 0.1796875
1 0.59921875 0.228125 0.04921875 0.08671875
1 0.80078125 0.06015625 0.03046875 0.0484375
1 0.7921875 0.38828125 0.10859375 0.1796875
1 0.55078125 0.12578125 0.034375 0.06640625
1 0.8234375 0.11875 0.04453125 0.06328125
1 0.63359375 0.121875 0.04453125 0.07421875
1 0.5625 0.07890625 0.028125 0.04296875
1 0.60234375 0.06015625 0.02578125 0.04296875
1 0.640625 0.06015625 0.03046875 0.0484375
3 0.45859375 0.48515625 0.18046875 0.48671875