1 0.4890625 0.36875 0.08046875 0.1515625
1 0.52421875 0.6359375 0.11875 0.27578125
1 0.48984375 0.9109375 0.16796875 0.178125
1 0.734375 0.16953125 0.06015625 0.090625
0 0.64375 0.09375 0.07890625 0.18359375
1 0.16796875 0.1796875 0.05390625 0.08359375
1 0.4640625 0.08046875 0.05390625 0.07421875
1 0.5703125 0.06328125 0.03203125 0.0515625
2 0.1484375 0.4484375 0.115625 0.21328125
1 0.234375 0.62109375 0.159375 0.31875
3 0.10390625 0.3484375 0.20546875 0.4484375
1 0.79296875 0.26796875 0.10546875 0.11640625
1 0.61484375 0.3265625 0.09140625 0.1515625
1 0.30390625 0.1296875 0.05078125 0.08671875
1 0.9140625 0.46015625 0.171875 0.1921875
0 0.3734375 0.096875 0.06640625 0.15703125
3 0.284375 0.05859375 0.0875 0.11328125
1 0.9421875 0.9078125 0.115625 0.184375
1 0.19609375 0.12421875 0.05078125 0.07578125