1 0.62109375 0.1734375 0.02890625 0.04453125
1 0.13671875 0.56328125 0.11015625 0.14609375
1 0.26953125 0.59921875 0.10625 0.1515625
1 0.45234375 0.4609375 0.06953125 0.109375
1 0.24765625 0.41953125 0.07109375 0.09609375
1 0.33515625 0.43515625 0.06640625 0.10703125
1 0.63671875 0.23046875 0.03515625 0.059375
1 0.71328125 0.25703125 0.04375 0.0703125
1 0.48046875 0.31015625 0.04140625 0.06640625
1 0.678125 0.40703125 0.06328125 0.1203125
1 0.82109375 0.30703125 0.05078125 0.07578125
1 0.48671875 0.24140625 0.034375 0.059375
0 0.4265625 0.240625 0.04609375 0.11328125
1 0.36953125 0.2359375 0.03984375 0.059375
1 0.91484375 0.31953125 0.06015625 0.07421875
1 0.3640625 0.18515625 0.028125 0.04296875