1 0.40546875 0.51328125 0.05 0.06328125
1 0.45703125 0.509375 0.04609375 0.0703125
1 0.35625 0.578125 0.05234375 0.078125
3 0.2125 0.83125 0.42265625 0.33671875
1 0.41953125 0.55 0.059375 0.071875
1 0.57734375 0.91171875 0.1 0.17578125
3 0.33359375 0.6515625 0.18203125 0.2296875
1 0.5015625 0.52890625 0.05390625 0.071875
1 0.51484375 0.4640625 0.05703125 0.05546875
1 0.55390625 0.65078125 0.05625 0.1015625
1 0.6484375 0.58984375 0.05078125 0.08671875
1 0.4921875 0.4734375 0.06328125 0.04609375
1 0.56875 0.56171875 0.05078125 0.07421875
1 0.60390625 0.47578125 0.0375 0.0515625
1 0.59765625 0.75078125 0.10390625 0.13671875
1 0.7421875 0.9046875 0.10546875 0.190625
2 0.61875 0.43671875 0.034375 0.05390625