2 0.653125 0.20546875 0.03984375 0.0703125
1 0.71484375 0.21015625 0.04140625 0.06328125
1 0.07578125 0.6234375 0.11796875 0.159375
1 0.7625 0.18984375 0.0375 0.0515625
1 0.23984375 0.6015625 0.11640625 0.16875
1 0.4078125 0.53046875 0.0875 0.1609375
1 0.68046875 0.3 0.05546875 0.08671875
1 0.3625 0.38125 0.07109375 0.11875
1 0.85234375 0.21484375 0.05 0.06328125
1 0.83515625 0.44453125 0.09296875 0.1390625
1 0.78984375 0.5890625 0.10078125 0.1609375
2 0.446875 0.18984375 0.03359375 0.0703125
1 0.9609375 0.32734375 0.078125 0.0859375
1 0.20859375 0.303125 0.06015625 0.08671875