1 0.63203125 0.19921875 0.028125 0.0390625
2 0.70078125 0.2140625 0.03203125 0.071875
1 0.19921875 0.490625 0.08125 0.1203125
1 0.659375 0.27578125 0.040625 0.06484375
1 0.78984375 0.20625 0.034375 0.05703125
2 0.45 0.409375 0.05546875 0.13359375
1 0.384375 0.3703125 0.0625 0.09609375
1 0.753125 0.31484375 0.05078125 0.071875
1 0.66796875 0.3796875 0.05703125 0.09453125
1 0.81796875 0.3015625 0.04921875 0.06640625
2 0.43828125 0.24453125 0.03828125 0.0796875
1 0.71953125 0.56484375 0.078125 0.1390625
1 0.85234375 0.55546875 0.10546875 0.15546875
2 0.9546875 0.478125 0.090625 0.14296875
2 0.52265625 0.18203125 0.02421875 0.05390625
2 0.3875 0.1734375 0.02421875 0.05