1 0.4203125 0.828125 0.171875 0.34375
1 0.471875 0.215625 0.05234375 0.08515625
1 0.6703125 0.56171875 0.12421875 0.2890625
1 0.51640625 0.365625 0.0875 0.16484375
1 0.64765625 0.16484375 0.046875 0.08125
1 0.59765625 0.103125 0.03046875 0.05390625
1 0.728125 0.11171875 0.03828125 0.06484375
1 0.78046875 0.10546875 0.040625 0.059375
1 0.83203125 0.08671875 0.040625 0.06328125
1 0.78671875 0.06015625 0.03359375 0.05
1 0.975 0.075 0.05 0.0625
1 0.55859375 0.23671875 0.059375 0.09609375
2 0.57578125 0.13046875 0.03984375 0.08515625
1 0.78359375 0.26171875 0.07421875 0.1015625
1 0.6453125 0.08203125 0.03359375 0.05546875
3 0.48671875 0.109375 0.128125 0.1484375