1 0.33515625 0.23046875 0.046875 0.078125
1 0.63359375 0.11640625 0.02734375 0.0515625
1 0.57734375 0.08125 0.02265625 0.04296875
1 0.68359375 0.14140625 0.03515625 0.05546875
1 0.66875 0.18203125 0.04921875 0.07421875
1 0.32578125 0.5609375 0.11015625 0.178125
1 0.2171875 0.51796875 0.109375 0.14609375
1 0.5046875 0.22890625 0.04453125 0.07421875
1 0.73671875 0.20625 0.04921875 0.06640625
1 0.42734375 0.2359375 0.046875 0.07578125
1 0.478125 0.13046875 0.028125 0.0515625
1 0.52734375 0.171875 0.03828125 0.0609375
1 0.74296875 0.35703125 0.07890625 0.11640625
1 0.8984375 0.40703125 0.10234375 0.13125
1 0.51171875 0.11796875 0.03046875 0.04453125
1 0.46015625 0.10703125 0.02265625 0.0390625
3 0.6734375 0.09296875 0.05234375 0.0890625