1 0.16328125 0.2 0.06875 0.06328125
3 0.16875 0.12890625 0.196875 0.1015625
1 0.22890625 0.23828125 0.065625 0.071875
1 0.28828125 0.21796875 0.06796875 0.06484375
1 0.29921875 0.28203125 0.07421875 0.08359375
1 0.38984375 0.26640625 0.07890625 0.0796875
1 0.40390625 0.3703125 0.0875 0.09609375
1 0.49921875 0.3484375 0.09375 0.09296875
1 0.98125 0.4015625 0.0375 0.08359375
2 0.384375 0.18828125 0.08125 0.07578125
1 0.61328125 0.45078125 0.103125 0.11484375
1 0.50078125 0.5109375 0.1125 0.13671875
1 0.89765625 0.32890625 0.090625 0.11484375
1 0.82109375 0.26953125 0.05546875 0.08671875
3 0.70859375 0.2390625 0.18515625 0.2296875
1 0.63671875 0.35546875 0.09921875 0.08515625
1 0.79765625 0.71796875 0.15625 0.18515625