0 0.59296875 0.6234375 0.29140625 0.25546875
1 0.80859375 0.10546875 0.07265625 0.05390625
1 0.7921875 0.1234375 0.06640625 0.05703125
2 0.20703125 0.3609375 0.121875 0.1390625
1 0.22578125 0.43671875 0.15859375 0.12421875
3 0.5515625 0.12421875 0.29453125 0.12578125
1 0.49609375 0.24140625 0.096875 0.06875
1 0.4171875 0.34453125 0.10703125 0.11640625
2 0.4140625 0.28828125 0.11484375 0.1109375
1 0.6359375 0.1109375 0.07421875 0.05703125
1 0.65703125 0.19453125 0.08984375 0.06875
1 0.59375 0.29140625 0.12109375 0.10390625
1 0.32421875 0.21796875 0.11640625 0.06640625
1 0.8 0.175 0.084375 0.05390625
3 0.13671875 0.1734375 0.27109375 0.128125
1 0.83046875 0.2484375 0.10859375 0.08125
2 0.82578125 0.19296875 0.1 0.078125
1 0.20234375 0.159375 0.08984375 0.06484375
1 0.05390625 0.28203125 0.10625 0.0796875