1 0.49296875 0.1140625 0.03515625 0.05546875
1 0.6765625 0.8109375 0.15859375 0.3203125
1 0.5953125 0.25 0.05546875 0.1015625
1 0.70390625 0.06640625 0.02734375 0.03671875
1 0.559375 0.18046875 0.04296875 0.06640625
1 0.71015625 0.28984375 0.065625 0.1109375
1 0.69140625 0.090625 0.03125 0.040625
1 0.7515625 0.071875 0.03125 0.05
2 0.64375 0.134375 0.05078125 0.09453125
1 0.715625 0.1234375 0.0375 0.059375
1 0.79609375 0.13828125 0.053125 0.0703125
1 0.57421875 0.0765625 0.02421875 0.04296875
1 0.82109375 0.2609375 0.071875 0.090625
1 0.95546875 0.30078125 0.08828125 0.11328125