1 0.14140625 0.18359375 0.06796875 0.06484375
0 0.59375 0.325 0.19375 0.24296875
1 0.32578125 0.26171875 0.08046875 0.1015625
3 0.30078125 0.159375 0.17578125 0.1390625
1 0.96796875 0.37578125 0.06328125 0.10546875
2 0.4 0.32890625 0.09921875 0.128125
1 0.87578125 0.30625 0.0875 0.1015625
1 0.65546875 0.52421875 0.140625 0.14453125
2 0.46640625 0.23828125 0.084375 0.0984375
1 0.47734375 0.49609375 0.109375 0.14453125
1 0.78359375 0.246875 0.084375 0.08671875
1 0.72265625 0.28515625 0.07734375 0.121875
1 0.64453125 0.26953125 0.059375 0.1109375
3 0.86953125 0.44375 0.26015625 0.36484375
1 0.6609375 0.20859375 0.06015625 0.071875
1 0.91875 0.8078125 0.1625 0.246875
2 0.71953125 0.8359375 0.16796875 0.27421875
1 0.71171875 0.19921875 0.059375 0.0703125