1 0.02265625 0.60625 0.04296875 0.11875
1 0.9484375 0.16640625 0.03203125 0.05390625
1 0.834375 0.1609375 0.03359375 0.04453125
1 0.78046875 0.16015625 0.03515625 0.0484375
1 0.20859375 0.3546875 0.096875 0.08515625
1 0.4234375 0.37421875 0.09765625 0.10390625
1 0.4515625 0.2734375 0.07421875 0.08515625
1 0.45078125 0.2390625 0.0625 0.06328125
1 0.7703125 0.3015625 0.05859375 0.090625
1 0.65 0.3390625 0.07109375 0.0890625
1 0.596875 0.22890625 0.05546875 0.06328125
2 0.5484375 0.18359375 0.05390625 0.06640625
1 0.9390625 0.896875 0.121875 0.20546875
1 0.58671875 0.15390625 0.0375 0.04296875