1 0.559375 0.134375 0.05 0.0390625
1 0.44921875 0.159375 0.05078125 0.040625
1 0.5 0.165625 0.06328125 0.04453125
0 0.66484375 0.2546875 0.071875 0.1109375
1 0.86875 0.62421875 0.16484375 0.22578125
1 0.71484375 0.5265625 0.08203125 0.15546875
1 0.70234375 0.403125 0.07109375 0.11484375
1 0.72890625 0.30625 0.06171875 0.1
1 0.76640625 0.2484375 0.04609375 0.07421875
1 0.80078125 0.80390625 0.25390625 0.2109375
1 0.12734375 0.32109375 0.1 0.078125
1 0.45546875 0.21484375 0.07734375 0.06484375
1 0.81953125 0.196875 0.04609375 0.06328125
1 0.4625 0.75390625 0.19453125 0.1796875
1 0.1875 0.2359375 0.07109375 0.05
1 0.709375 0.16640625 0.06640625 0.0484375
2 0.040625 0.2765625 0.07890625 0.05703125
1 0.053125 0.79453125 0.10390625 0.1515625