1 0.659375 0.48046875 0.10234375 0.1703125
1 0.61875 0.2296875 0.05390625 0.09453125
1 0.86640625 0.65625 0.16171875 0.25390625
1 0.753125 0.06640625 0.03359375 0.05546875
1 0.55390625 0.2046875 0.04765625 0.078125
2 0.609375 0.15546875 0.040625 0.078125
1 0.71796875 0.25 0.06875 0.1
1 0.81015625 0.08515625 0.03515625 0.059375
1 0.5390625 0.14453125 0.04140625 0.06484375
1 0.68359375 0.16484375 0.053125 0.0890625
1 0.58203125 0.1109375 0.03984375 0.06875
2 0.65859375 0.10078125 0.03515625 0.07578125
1 0.83359375 0.14140625 0.053125 0.071875
1 0.62265625 0.07890625 0.02890625 0.05390625
1 0.9171875 0.14609375 0.05859375 0.071875
1 0.92578125 0.2484375 0.08046875 0.09453125
1 0.6375 0.05625 0.025 0.040625
3 0.45859375 0.58828125 0.21484375 0.68125