1 0.91875 0.6984375 0.1625 0.19609375
1 0.74765625 0.55859375 0.121875 0.19609375
1 0.70078125 0.41640625 0.075 0.12578125
0 0.6625 0.25390625 0.07421875 0.1109375
1 0.75234375 0.3109375 0.0625 0.10390625
1 0.015625 0.27890625 0.02890625 0.05546875
1 0.47109375 0.14296875 0.03359375 0.040625
1 0.028125 0.30390625 0.05390625 0.0703125
1 0.58359375 0.12578125 0.04140625 0.040625
1 0.159375 0.23203125 0.06328125 0.0484375
3 0.44140625 0.2984375 0.23359375 0.29296875
1 0.45859375 0.23046875 0.05546875 0.059375
1 0.46171875 0.18515625 0.05546875 0.04609375
1 0.43203125 0.14921875 0.034375 0.040625
1 0.2828125 0.18515625 0.05078125 0.04609375
1 0.2625 0.171875 0.04765625 0.040625
1 0.28359375 0.34296875 0.096875 0.08671875
1 0.3546875 0.1640625 0.05078125 0.04609375
1 0.353125 0.13828125 0.040625 0.040625
1 0.11640625 0.4 0.11640625 0.08671875