0 0.665625 0.271875 0.07421875 0.10703125
1 0.47265625 0.16015625 0.03359375 0.040625
1 0.43203125 0.165625 0.03359375 0.03671875
1 0.4515625 0.1453125 0.03046875 0.03671875
1 0.49140625 0.14296875 0.03125 0.0390625
1 0.4703125 0.13203125 0.03125 0.03359375
2 0.39921875 0.1609375 0.03515625 0.05
2 0.37109375 0.178125 0.03125 0.05546875
1 0.634375 0.14375 0.03671875 0.03671875
1 0.5796875 0.13671875 0.03828125 0.03515625
1 0.578125 0.1765625 0.04765625 0.04453125
1 0.42734375 0.14140625 0.034375 0.03671875
1 0.62890625 0.17109375 0.04296875 0.040625
3 0.10390625 0.2296875 0.20625 0.15390625
1 0.27890625 0.19140625 0.04921875 0.04296875
1 0.38359375 0.240625 0.06484375 0.0515625
1 0.41953125 0.265625 0.06484375 0.0609375
1 0.1421875 0.46328125 0.125 0.1
3 0.0796875 0.76171875 0.15703125 0.390625
3 0.4046875 0.11640625 0.11015625 0.08125