1 0.63046875 0.11875 0.03359375 0.06328125
1 0.73203125 0.1890625 0.04296875 0.06875
1 0.77578125 0.40546875 0.096875 0.1296875
2 0.65546875 0.46015625 0.103125 0.2
1 0.8984375 0.67578125 0.16171875 0.26328125
1 0.32109375 0.51015625 0.10546875 0.16328125
2 0.190625 0.4796875 0.134375 0.26328125
1 0.40859375 0.340625 0.06484375 0.11328125
1 0.51171875 0.30859375 0.05625 0.1015625
1 0.42265625 0.23828125 0.05078125 0.0796875
1 0.5125 0.16875 0.0375 0.05703125
1 0.46875 0.14296875 0.03203125 0.0515625
2 0.51796875 0.125 0.03671875 0.06328125
1 0.43828125 0.121875 0.02890625 0.0515625
1 0.45546875 0.09296875 0.028125 0.040625