2 0.39453125 0.484375 0.11640625 0.24296875
1 0.6046875 0.74140625 0.13203125 0.2984375
1 0.75859375 0.0703125 0.034375 0.05546875
1 0.50546875 0.1859375 0.06640625 0.071875
1 0.72734375 0.1015625 0.03984375 0.06484375
1 0.59921875 0.165625 0.04453125 0.07421875
1 0.5890625 0.1296875 0.03671875 0.06328125
1 0.6609375 0.2203125 0.04921875 0.0890625
1 0.76875 0.178125 0.05078125 0.078125
1 0.6484375 0.11484375 0.034375 0.0609375
1 0.9375 0.28828125 0.09296875 0.11875
1 0.590625 0.0984375 0.03359375 0.0609375
1 0.63359375 0.07421875 0.03203125 0.05546875
3 0.48984375 0.11953125 0.12734375 0.15546875