1 0.10234375 0.86171875 0.16015625 0.27578125
1 0.37734375 0.66484375 0.096875 0.190625
1 0.2671875 0.54609375 0.10390625 0.16484375
1 0.1921875 0.47890625 0.08515625 0.11484375
1 0.61875 0.24375 0.03515625 0.05703125
1 0.16171875 0.40859375 0.07890625 0.0984375
1 0.39140625 0.35 0.05625 0.08515625
1 0.48671875 0.303125 0.04609375 0.07578125
1 0.42421875 0.259375 0.04140625 0.06328125
1 0.66015625 0.38046875 0.059375 0.09453125
1 0.35546875 0.25625 0.04453125 0.071875
1 0.49375 0.21796875 0.03359375 0.05390625
1 0.90859375 0.44296875 0.084375 0.0984375
1 0.46484375 0.17890625 0.028125 0.04296875
1 0.98046875 0.4015625 0.03828125 0.0890625