1 0.09453125 0.8828125 0.1890625 0.234375
1 0.36640625 0.88046875 0.234375 0.21640625
1 0.809375 0.90234375 0.30625 0.1953125
0 0.59921875 0.5984375 0.29453125 0.2796875
1 0.29609375 0.1984375 0.09921875 0.078125
1 0.37421875 0.1453125 0.08515625 0.0609375
1 0.734375 0.18515625 0.10234375 0.090625
1 0.86953125 0.21640625 0.11875 0.10390625
1 0.94453125 0.2 0.11015625 0.1
1 0.80078125 0.165625 0.10078125 0.08359375
1 0.66640625 0.13359375 0.08828125 0.09609375
1 0.56015625 0.11953125 0.08125 0.078125
1 0.46015625 0.09453125 0.06875 0.0703125
1 0.390625 0.0765625 0.05625 0.0703125
1 0.35390625 0.06171875 0.0375 0.0609375
1 0.7765625 0.2734375 0.12421875 0.10390625