1 0.46484375 0.621875 0.1375 0.20546875
1 0.57109375 0.46484375 0.13046875 0.1515625
1 0.21328125 0.38671875 0.09609375 0.16640625
1 0.28984375 0.32421875 0.071875 0.0984375
1 0.33515625 0.26953125 0.06640625 0.090625
1 0.07109375 0.390625 0.06640625 0.11875
1 0.58046875 0.221875 0.075 0.06328125
1 0.65703125 0.20078125 0.07578125 0.07578125
1 0.6 0.27578125 0.08828125 0.0796875
1 0.17109375 0.19453125 0.046875 0.06640625
1 0.0875 0.19453125 0.03828125 0.0609375
1 0.91171875 0.37578125 0.12890625 0.1203125