2 0.684375 0.1734375 0.02421875 0.05390625
1 0.1875 0.69453125 0.121875 0.18515625
1 0.64296875 0.24296875 0.03359375 0.05546875
2 0.72265625 0.2609375 0.04140625 0.07421875
1 0.30234375 0.353125 0.05390625 0.08125
1 0.67890625 0.3484375 0.05234375 0.078125
1 0.81796875 0.25 0.04140625 0.0609375
2 0.4875 0.29296875 0.03984375 0.09453125
1 0.43046875 0.278125 0.04140625 0.06640625
1 0.81015625 0.43359375 0.07109375 0.0984375
1 0.70234375 0.5390625 0.084375 0.13125
1 0.88671875 0.403125 0.06484375 0.09453125
2 0.46484375 0.1953125 0.02734375 0.0609375
1 0.80390625 0.91328125 0.13515625 0.15