1 0.35390625 0.60859375 0.18359375 0.20390625
1 0.2125 0.4109375 0.10859375 0.11640625
1 0.97421875 0.6 0.05078125 0.16484375
2 0.78203125 0.490625 0.19765625 0.23125
1 0.546875 0.4296875 0.16171875 0.14609375
2 0.39140625 0.3640625 0.11875 0.14296875
1 0.26796875 0.34140625 0.10625 0.1015625
3 0.1484375 0.28125 0.184375 0.16875
1 0.06171875 0.28125 0.059375 0.0703125
1 0.025 0.26953125 0.04765625 0.06328125
2 0.8359375 0.4140625 0.21875 0.2015625
1 0.60546875 0.36796875 0.14140625 0.13125
1 0.45390625 0.309375 0.125 0.1109375
1 0.565625 0.24453125 0.1 0.09453125
1 0.30234375 0.28125 0.09609375 0.09296875
1 0.48984375 0.27578125 0.11640625 0.0984375
1 0.175 0.2484375 0.05625 0.06484375
1 0.08203125 0.2046875 0.034375 0.0515625
1 0.97421875 0.2015625 0.05078125 0.09609375
1 0.86328125 0.2 0.12421875 0.090625
1 0.71875 0.18203125 0.11015625 0.078125
1 0.58515625 0.1703125 0.09375 0.07421875
3 0.434375 0.1296875 0.19296875 0.12578125
1 0.97734375 0.18203125 0.04453125 0.07421875
1 0.8625 0.16796875 0.11875 0.0703125
1 0.7125 0.1515625 0.10078125 0.0703125
1 0.59609375 0.13984375 0.0875 0.06484375
1 0.4328125 0.13359375 0.05859375 0.05546875
1 0.31015625 0.1546875 0.06328125 0.05390625
1 0.3234375 0.13125 0.05546875 0.04609375
1 0.24140625 0.14921875 0.04921875 0.05390625
1 0.25390625 0.12890625 0.04609375 0.04453125
1 0.18984375 0.146875 0.04296875 0.040625
1 0.21484375 0.121875 0.04140625 0.04453125