1 0.2625 0.6234375 0.10234375 0.16640625
1 0.63671875 0.20859375 0.034375 0.0515625
2 0.68359375 0.1984375 0.03515625 0.06875
2 0.65 0.2703125 0.04609375 0.08359375
1 0.47421875 0.38515625 0.059375 0.09609375
1 0.40234375 0.32578125 0.04609375 0.071875
1 0.7828125 0.25703125 0.04375 0.0609375
2 0.36796875 0.253125 0.04140625 0.07578125
1 0.67890625 0.43984375 0.06640625 0.1
2 0.76953125 0.36953125 0.06875 0.11640625
2 0.46171875 0.20703125 0.03125 0.059375
2 0.42734375 0.184375 0.02578125 0.05
1 0.38984375 0.175 0.02578125 0.040625