2 0.2375 0.03671875 0.02734375 0.0390625
1 0.609375 0.7140625 0.190625 0.23671875
2 0.28828125 0.05546875 0.03203125 0.0390625
1 0.29296875 0.3390625 0.08125 0.11328125
2 0.296875 0.040625 0.03203125 0.040625
1 0.28359375 0.078125 0.03203125 0.040625
1 0.2375 0.178125 0.05078125 0.06328125
2 0.25625 0.9109375 0.175 0.178125
1 0.31640625 0.12109375 0.04765625 0.04609375
1 0.45 0.1203125 0.05234375 0.0515625
2 0.13046875 0.1359375 0.04140625 0.0703125
1 0.1546875 0.1109375 0.03203125 0.040625
1 0.06484375 0.415625 0.08046875 0.12421875
1 0.059375 0.171875 0.05 0.07421875
1 0.6390625 0.1640625 0.06796875 0.0609375
1 0.6921875 0.2140625 0.08828125 0.090625
1 0.61953125 0.2734375 0.10625 0.0890625
1 0.03671875 0.109375 0.03046875 0.04453125
1 0.07890625 0.084375 0.02578125 0.04453125
2 0.89296875 0.240625 0.11171875 0.10703125
1 0.95234375 0.30078125 0.09453125 0.1015625
1 0.91484375 0.3796875 0.12890625 0.1109375
1 0.03828125 0.07890625 0.02578125 0.040625