2 0.36953125 0.55546875 0.13359375 0.28671875
1 0.58046875 0.88046875 0.1625 0.2390625
1 0.49921875 0.19140625 0.06640625 0.07421875
1 0.72578125 0.090625 0.03671875 0.06328125
1 0.59453125 0.17890625 0.04765625 0.08125
1 0.58984375 0.13515625 0.03671875 0.06328125
1 0.6640625 0.24453125 0.05625 0.1
1 0.75859375 0.15625 0.04765625 0.071875
1 0.64921875 0.11953125 0.03515625 0.0609375
1 0.915625 0.25703125 0.08359375 0.1
1 0.59140625 0.10078125 0.03203125 0.05703125
1 0.634375 0.08125 0.03359375 0.0609375
1 0.975 0.37734375 0.05 0.1359375
3 0.48828125 0.121875 0.12578125 0.15546875