1 0.4203125 0.52421875 0.065625 0.11640625
1 0.55546875 0.2515625 0.04765625 0.05703125
2 0.30625 0.6109375 0.07265625 0.14609375
1 0.46484375 0.21640625 0.02578125 0.040625
2 0.48359375 0.25546875 0.05625 0.07421875
1 0.57421875 0.340625 0.08203125 0.0796875
1 0.4453125 0.2859375 0.04921875 0.06640625
1 0.1390625 0.515625 0.08984375 0.12578125
1 0.24453125 0.45390625 0.07578125 0.109375
1 0.41328125 0.19375 0.02578125 0.040625
1 0.4296875 0.228125 0.028125 0.04453125
1 0.45390625 0.20078125 0.02265625 0.03671875
1 0.50078125 0.2 0.03125 0.04296875
1 0.23828125 0.96484375 0.115625 0.0703125