1 0.23671875 0.44140625 0.07890625 0.10390625
1 0.71171875 0.225 0.040625 0.05703125
1 0.41640625 0.48984375 0.07265625 0.13125
1 0.35546875 0.37890625 0.06484375 0.0890625
1 0.2515625 0.29453125 0.0625 0.071875
1 0.66484375 0.31171875 0.05546875 0.1
1 0.47734375 0.3 0.04609375 0.078125
1 0.40390625 0.2765625 0.04609375 0.08125
1 0.81953125 0.21875 0.04296875 0.0609375
1 0.8609375 0.33359375 0.05625 0.07578125
1 0.79921875 0.40625 0.06484375 0.09609375
1 0.35546875 0.2515625 0.04140625 0.0609375
1 0.4875 0.22890625 0.04296875 0.071875
1 0.9640625 0.5140625 0.071875 0.121875
2 0.9765625 0.346875 0.046875 0.1015625