1 0.58515625 0.20390625 0.03125 0.04609375
3 0.64765625 0.1765625 0.06015625 0.09296875
1 0.2 0.69140625 0.10859375 0.20390625
1 0.11796875 0.50703125 0.10625 0.1484375
3 0.22421875 0.31015625 0.15703125 0.2296875
1 0.715625 0.26015625 0.04375 0.059375
1 0.62109375 0.28828125 0.03828125 0.06875
1 0.4390625 0.8015625 0.09609375 0.22421875
1 0.5015625 0.20546875 0.03359375 0.0515625
1 0.7234375 0.35390625 0.05625 0.0796875
2 0.79453125 0.29375 0.0625 0.08515625
1 0.36171875 0.303125 0.046875 0.06875
1 0.39296875 0.2234375 0.03515625 0.059375
2 0.25546875 0.9109375 0.13359375 0.178125
1 0.7328125 0.58984375 0.08203125 0.14453125
1 0.31484375 0.23515625 0.028125 0.059375
1 0.36640625 0.19609375 0.03203125 0.05390625
2 0.3359375 0.1890625 0.034375 0.05546875
1 0.971875 0.934375 0.05625 0.13125