3 0.07265625 0.36484375 0.14296875 0.140625
1 0.14375 0.43203125 0.07734375 0.08671875
3 0.50546875 0.634375 0.55390625 0.521875
3 0.96171875 0.828125 0.07578125 0.3203125
3 0.29609375 0.3203125 0.16171875 0.1390625
1 0.4453125 0.396875 0.09609375 0.08359375
1 0.59921875 0.4515625 0.13046875 0.10703125
1 0.77265625 0.509375 0.15546875 0.11875
1 0.753125 0.440625 0.14921875 0.1015625
1 0.53359375 0.38046875 0.096875 0.08515625
3 0.38203125 0.309375 0.16796875 0.13125
1 0.32578125 0.696875 0.15703125 0.17421875
1 0.26640625 0.28515625 0.05390625 0.04453125
1 0.375 0.26171875 0.05390625 0.05703125
1 0.034375 0.4390625 0.06640625 0.09453125
1 0.9515625 0.5765625 0.096875 0.121875