3 0.5453125 0.20703125 0.134375 0.13125
1 0.44921875 0.48359375 0.1125 0.12421875
1 0.08671875 0.7765625 0.17109375 0.26875
1 0.56171875 0.38515625 0.08359375 0.09453125
1 0.43046875 0.2859375 0.065625 0.06328125
1 0.3515625 0.3296875 0.08984375 0.07578125
1 0.409375 0.421875 0.10625 0.10546875
1 0.63203125 0.2234375 0.04609375 0.05703125
1 0.23828125 0.3890625 0.11171875 0.0890625
1 0.103125 0.446875 0.13515625 0.1
1 0.60625 0.275 0.06171875 0.071875
2 0.58203125 0.240625 0.06640625 0.071875
1 0.4671875 0.60625 0.13359375 0.18515625
1 0.61484375 0.41875 0.08125 0.109375
2 0.52578125 0.271875 0.06015625 0.0703125
1 0.62734375 0.3234375 0.065625 0.071875
1 0.7421875 0.31015625 0.05390625 0.0796875
2 0.97109375 0.646875 0.05703125 0.18671875
2 0.6984375 0.24921875 0.08828125 0.10390625
1 0.81484375 0.73828125 0.23515625 0.18125
1 0.77421875 0.234375 0.06015625 0.05390625
1 0.79375 0.259375 0.05859375 0.06484375
1 0.37890625 0.36015625 0.08671875 0.07578125
1 0.84921875 0.23359375 0.053125 0.0515625
1 0.74375 0.2109375 0.05234375 0.04609375