1 0.55625 0.46640625 0.103125 0.14453125
1 0.62578125 0.371875 0.07734375 0.1109375
1 0.71953125 0.303125 0.06640625 0.08515625
1 0.76953125 0.26640625 0.05390625 0.0609375
1 0.81015625 0.23671875 0.04921875 0.0515625
1 0.47734375 0.43671875 0.09609375 0.1203125
1 0.55703125 0.3734375 0.07890625 0.090625
1 0.625 0.30546875 0.06953125 0.0796875
1 0.68359375 0.2734375 0.05390625 0.06484375
1 0.74296875 0.24921875 0.05390625 0.05546875
1 0.35234375 0.46328125 0.12109375 0.11484375
3 0.48203125 0.3234375 0.20234375 0.2015625
1 0.62734375 0.26953125 0.05859375 0.06640625
1 0.46484375 0.3203125 0.06640625 0.059375
1 0.52578125 0.28671875 0.071875 0.059375
1 0.57578125 0.2453125 0.06015625 0.0515625
1 0.615625 0.22578125 0.05 0.05
1 0.37578125 0.353125 0.0875 0.06875
1 0.24609375 0.378125 0.10546875 0.071875
1 0.36015625 0.3265625 0.075 0.0703125
1 0.44140625 0.29140625 0.06796875 0.0609375
2 0.50546875 0.2515625 0.059375 0.06328125
1 0.57109375 0.21953125 0.05078125 0.05390625
1 0.5125 0.2234375 0.05546875 0.05
1 0.87109375 0.6703125 0.196875 0.1390625
1 0.9640625 0.84609375 0.071875 0.1703125
1 0.69140625 0.24375 0.06015625 0.06484375
1 0.56796875 0.73203125 0.20859375 0.15
1 0.08828125 0.45078125 0.1375 0.10546875
1 0.27421875 0.84140625 0.25859375 0.178125
2 0.24765625 0.66328125 0.22421875 0.16640625
1 0.23203125 0.44375 0.11796875 0.08671875
1 0.79453125 0.20859375 0.05703125 0.05703125