1 0.62265625 0.18984375 0.03125 0.05
2 0.28046875 0.56015625 0.0875 0.17578125
2 0.29296875 0.3546875 0.05546875 0.09609375
1 0.22578125 0.33828125 0.05703125 0.08125
1 0.7125 0.253125 0.04140625 0.071875
1 0.39140625 0.365625 0.05546875 0.08671875
1 0.36953125 0.259375 0.03984375 0.059375
1 0.78984375 0.21171875 0.0375 0.05546875
2 0.30234375 0.253125 0.03828125 0.071875
1 0.42421875 0.26171875 0.04375 0.071875
1 0.66484375 0.37578125 0.05546875 0.08515625
1 0.51484375 0.203125 0.03359375 0.0515625
2 0.4609375 0.184375 0.03515625 0.08125