1 0.91875 0.703125 0.1625 0.1984375
1 0.74765625 0.56328125 0.12265625 0.19296875
1 0.6984375 0.4296875 0.07734375 0.12421875
0 0.6625 0.25546875 0.07421875 0.10390625
1 0.74453125 0.325 0.06328125 0.109375
1 0.47265625 0.14609375 0.03359375 0.04296875
3 0.6390625 0.1296875 0.1 0.11640625
1 0.5984375 0.140625 0.03203125 0.03359375
1 0.42890625 0.1546875 0.03203125 0.040625
1 0.5390625 0.1765625 0.05078125 0.05390625
1 0.07421875 0.3 0.08984375 0.0703125
1 0.12578125 0.24140625 0.065625 0.05703125
1 0.4625 0.19453125 0.05390625 0.05
1 0.45234375 0.13515625 0.02890625 0.03671875
1 0.33359375 0.16171875 0.04921875 0.04296875
3 0.1859375 0.53515625 0.36953125 0.54453125
1 0.22578125 0.3546875 0.10546875 0.10390625
1 0.496875 0.125 0.03359375 0.03671875
1 0.4125 0.12578125 0.03671875 0.03515625
1 0.01640625 0.51796875 0.03046875 0.1109375