1 0.1703125 0.21015625 0.0625 0.06484375
1 0.20390625 0.18828125 0.06484375 0.0609375
1 0.25 0.2515625 0.06875 0.071875
1 0.29765625 0.21953125 0.07265625 0.06640625
1 0.34140625 0.31484375 0.078125 0.090625
1 0.40703125 0.284375 0.08125 0.078125
2 0.26484375 0.16171875 0.08515625 0.06640625
1 0.50546875 0.35078125 0.09140625 0.09453125
1 0.41640625 0.403125 0.09765625 0.109375
1 0.98125 0.3984375 0.0375 0.109375
1 0.903125 0.33515625 0.07265625 0.09453125
3 0.78359375 0.30625 0.246875 0.290625
1 0.51640625 0.2734375 0.078125 0.0703125
1 0.65859375 0.52890625 0.11875 0.13671875
1 0.83515625 0.75546875 0.18828125 0.2
2 0.64453125 0.20546875 0.05078125 0.090625