1 0.203125 0.4859375 0.08359375 0.11640625
1 0.3453125 0.79296875 0.12421875 0.23125
1 0.31015625 0.334375 0.05390625 0.0796875
1 0.44609375 0.4765625 0.06796875 0.11484375
2 0.321875 0.4546875 0.096875 0.20703125
1 0.18046875 0.3859375 0.06796875 0.09453125
1 0.6375 0.23984375 0.0375 0.05546875
1 0.7625 0.221875 0.0375 0.05390625
1 0.72734375 0.24453125 0.03671875 0.05390625
1 0.403125 0.315625 0.05390625 0.08125
1 0.8 0.196875 0.03671875 0.04609375
1 0.44609375 0.25 0.03671875 0.05703125
1 0.49765625 0.27421875 0.04296875 0.0609375
1 0.69296875 0.428125 0.065625 0.1015625
2 0.80078125 0.42890625 0.08125 0.14296875
1 0.884375 0.28671875 0.05546875 0.0703125
2 0.7765625 0.76796875 0.13984375 0.2609375
1 0.52890625 0.18203125 0.03046875 0.04609375
1 0.47890625 0.17890625 0.02734375 0.04296875