1 0.5515625 0.7359375 0.25859375 0.2703125
1 0.16484375 0.49609375 0.12265625 0.14453125
1 0.975 0.5984375 0.05 0.16328125
2 0.78359375 0.49140625 0.19921875 0.23125
1 0.54765625 0.4296875 0.16171875 0.14609375
2 0.3921875 0.36484375 0.11796875 0.14453125
1 0.26875 0.34296875 0.10625 0.1015625
3 0.14921875 0.28203125 0.18359375 0.16875
1 0.06328125 0.28203125 0.06015625 0.0703125
1 0.02578125 0.26953125 0.05 0.0609375
2 0.8375 0.41484375 0.22109375 0.209375
1 0.60703125 0.36875 0.14140625 0.1296875
1 0.45390625 0.31171875 0.12265625 0.11875
0 0.64453125 0.209375 0.178125 0.18671875
1 0.325 0.240625 0.07890625 0.07421875
1 0.21796875 0.23203125 0.05703125 0.05703125
1 0.1453125 0.190625 0.04453125 0.0515625
1 0.975 0.20234375 0.05 0.0953125
1 0.86484375 0.20078125 0.12421875 0.09296875
1 0.71953125 0.18359375 0.11015625 0.0796875
1 0.58671875 0.17109375 0.09453125 0.07421875
3 0.43359375 0.1296875 0.19296875 0.128125
1 0.96328125 0.1765625 0.07265625 0.06640625
1 0.84375 0.16484375 0.115625 0.0703125
1 0.7078125 0.15390625 0.103125 0.0703125
1 0.57734375 0.13828125 0.08984375 0.06875
1 0.38828125 0.134375 0.053125 0.05390625
1 0.31171875 0.15390625 0.06171875 0.0484375
1 0.315625 0.12890625 0.06171875 0.04453125
1 0.24296875 0.15 0.05078125 0.0515625
1 0.23671875 0.12578125 0.03984375 0.0390625
1 0.1921875 0.14921875 0.03984375 0.04453125
1 0.19765625 0.12421875 0.04140625 0.04609375