1 0.9234375 0.7046875 0.153125 0.1984375
1 0.71015625 0.5296875 0.08984375 0.1609375
0 0.66171875 0.2609375 0.071875 0.10703125
1 0.725 0.375 0.07109375 0.11875
1 0.47109375 0.1515625 0.03125 0.0390625
1 0.42890625 0.159375 0.034375 0.0390625
1 0.45 0.1390625 0.02890625 0.03515625
1 0.49140625 0.13359375 0.028125 0.03515625
1 0.55546875 0.1484375 0.03828125 0.0390625
2 0.621875 0.15 0.04453125 0.05546875
1 0.47109375 0.125 0.02734375 0.03359375
1 0.58046875 0.15390625 0.040625 0.04453125
1 0.48671875 0.18828125 0.053125 0.05
1 0.43359375 0.34609375 0.096875 0.10546875
1 0.4 0.25859375 0.08046875 0.07578125
1 0.08359375 0.28515625 0.084375 0.0796875
1 0.04765625 0.26484375 0.05625 0.059375
1 0.26484375 0.1734375 0.04765625 0.04609375
2 0.35703125 0.159375 0.03984375 0.04609375
1 0.30546875 0.28203125 0.07734375 0.071875
1 0.25625 0.36328125 0.10390625 0.1015625
1 0.3796875 0.13984375 0.040625 0.03515625
1 0.06484375 0.74453125 0.128125 0.178125