1 0.0453125 0.9015625 0.08828125 0.19609375
0 0.59921875 0.603125 0.29375 0.25703125
1 0.95625 0.21015625 0.0875 0.078125
1 0.65078125 0.14375 0.08828125 0.07421875
1 0.45703125 0.103125 0.07578125 0.06484375
1 0.36953125 0.084375 0.04609375 0.05546875
1 0.35234375 0.88984375 0.28046875 0.2203125
1 0.21640625 0.19453125 0.08984375 0.078125
2 0.853125 0.83515625 0.29375 0.3296875
2 0.5421875 0.253125 0.13515625 0.12578125
2 0.79609375 0.33515625 0.165625 0.15
1 0.340625 0.059375 0.03359375 0.0484375