1 0.8453125 0.64609375 0.19296875 0.20546875
1 0.70078125 0.4640625 0.07109375 0.14609375
1 0.76484375 0.2890625 0.05859375 0.08515625
0 0.6625 0.25546875 0.07265625 0.109375
1 0.80546875 0.2140625 0.04765625 0.07421875
3 0.54453125 0.20859375 0.128125 0.159375
1 0.2578125 0.17109375 0.040625 0.04453125
1 0.3953125 0.22109375 0.06484375 0.04609375
1 0.29765625 0.18671875 0.05078125 0.05
3 0.27265625 0.15 0.14921875 0.11875
1 0.38046875 0.2703125 0.075 0.06875
1 0.475 0.13984375 0.03359375 0.0390625
1 0.36484375 0.1453125 0.03984375 0.0390625
1 0.20546875 0.340625 0.10390625 0.09296875
1 0.41640625 0.13359375 0.03515625 0.03671875