1 0.15859375 0.2296875 0.059375 0.03515625
1 0.6359375 0.35078125 0.078125 0.0796875
2 0.60546875 0.259375 0.05625 0.0890625
2 0.65390625 0.2984375 0.06953125 0.078125
1 0.85625 0.5109375 0.13828125 0.15
1 0.74375 0.3515625 0.08671875 0.08515625
1 0.86484375 0.396875 0.11640625 0.11328125
1 0.97421875 0.53125 0.05078125 0.0890625
1 0.96953125 0.4609375 0.06015625 0.09453125
1 0.890625 0.91484375 0.21875 0.1703125
1 0.421875 0.18671875 0.05703125 0.03359375
1 0.73359375 0.19296875 0.06328125 0.03671875
1 0.84765625 0.2109375 0.05859375 0.03671875
3 0.0671875 0.465625 0.13203125 0.21484375
1 0.8265625 0.18203125 0.040625 0.03671875
1 0.92734375 0.21640625 0.06171875 0.04296875