1 0.646875 0.15390625 0.04140625 0.06484375
1 0.68046875 0.1890625 0.03984375 0.06875
1 0.69140625 0.2359375 0.053125 0.07421875
1 0.75390625 0.34140625 0.07734375 0.10703125
1 0.68984375 0.58046875 0.11171875 0.190625
1 0.92421875 0.53046875 0.11953125 0.17578125
2 0.43046875 0.87890625 0.171875 0.2203125
1 0.14765625 0.6546875 0.13828125 0.2
1 0.328125 0.23515625 0.05390625 0.071875
2 0.490625 0.4046875 0.06640625 0.159375
1 0.42578125 0.290625 0.06015625 0.0890625
1 0.41015625 0.1796875 0.03671875 0.059375
1 0.45625 0.203125 0.046875 0.06640625
2 0.4703125 0.11640625 0.02734375 0.05703125