1 0.27890625 0.565625 0.16640625 0.17421875
1 0.065625 0.42421875 0.0875 0.109375
1 0.975 0.5984375 0.05 0.16328125
2 0.78359375 0.49140625 0.2 0.23125
1 0.54765625 0.4296875 0.16171875 0.14609375
2 0.3921875 0.36484375 0.11796875 0.14609375
1 0.26875 0.34296875 0.10625 0.1015625
3 0.14921875 0.28203125 0.18359375 0.16875
1 0.06328125 0.28203125 0.06015625 0.0703125
1 0.02578125 0.26953125 0.04921875 0.059375
2 0.8375 0.41484375 0.221875 0.209375
1 0.60703125 0.365625 0.140625 0.128125
1 0.44765625 0.309375 0.12734375 0.1203125
0 0.446875 0.18984375 0.13515625 0.15
1 0.22734375 0.2203125 0.06796875 0.06640625
1 0.12265625 0.2296875 0.04765625 0.0515625
1 0.975 0.20234375 0.05 0.0953125
1 0.86484375 0.2015625 0.125 0.09296875
1 0.71953125 0.18359375 0.11015625 0.0796875
1 0.58671875 0.171875 0.09453125 0.07421875
3 0.43359375 0.1296875 0.19296875 0.128125
1 0.9609375 0.17578125 0.078125 0.0640625
1 0.840625 0.1640625 0.115625 0.0703125
1 0.70625 0.15390625 0.103125 0.0703125
1 0.56640625 0.13828125 0.09140625 0.0703125
1 0.38046875 0.134375 0.053125 0.05390625
1 0.31171875 0.15390625 0.06171875 0.0484375
1 0.31328125 0.12890625 0.06171875 0.04296875
1 0.24296875 0.15 0.05078125 0.05
1 0.23359375 0.12578125 0.03828125 0.03671875
1 0.1921875 0.14921875 0.03828125 0.04453125