1 0.59921875 0.74921875 0.15390625 0.30703125
1 0.4859375 0.1109375 0.02734375 0.04453125
2 0.58203125 0.14453125 0.03125 0.05390625
1 0.575 0.109375 0.028125 0.0515625
1 0.64765625 0.153125 0.040625 0.06484375
1 0.62421875 0.0984375 0.0375 0.0609375
1 0.85546875 0.16328125 0.05078125 0.06875
1 0.65546875 0.05 0.02265625 0.03359375
2 0.69765625 0.0546875 0.028125 0.04453125
1 0.55546875 0.07890625 0.02578125 0.04296875
1 0.5578125 0.04296875 0.01953125 0.028125
3 0.51328125 0.178125 0.090625 0.190625