1 0.5546875 0.46640625 0.10234375 0.15
1 0.62578125 0.371875 0.075 0.109375
1 0.71875 0.303125 0.06796875 0.08515625
1 0.76875 0.26875 0.05234375 0.0609375
1 0.80859375 0.23984375 0.04765625 0.05546875
1 0.47578125 0.43671875 0.09375 0.121875
1 0.5546875 0.37109375 0.08046875 0.08671875
1 0.62578125 0.303125 0.06640625 0.07578125
1 0.68359375 0.27421875 0.05390625 0.06328125
1 0.74296875 0.24609375 0.05390625 0.05546875
1 0.3484375 0.45859375 0.11484375 0.10390625
3 0.48203125 0.32421875 0.19921875 0.209375
1 0.62578125 0.26796875 0.05859375 0.06328125
1 0.4625 0.321875 0.06953125 0.05703125
1 0.52890625 0.284375 0.07109375 0.059375
1 0.57890625 0.24609375 0.05390625 0.0484375
1 0.61640625 0.225 0.05 0.04453125
1 0.378125 0.35703125 0.0875 0.0703125
1 0.24765625 0.378125 0.10546875 0.078125
1 0.3578125 0.325 0.07265625 0.06640625
1 0.44140625 0.29375 0.07109375 0.06484375
2 0.50078125 0.2515625 0.06875 0.06484375
1 0.565625 0.21796875 0.05234375 0.0515625
1 0.51796875 0.21640625 0.04765625 0.0390625
1 0.903125 0.665625 0.19375 0.1375
1 0.69140625 0.24375 0.06328125 0.0609375
1 0.7046875 0.746875 0.21796875 0.16328125
1 0.08828125 0.44453125 0.14140625 0.10703125
1 0.34921875 0.840625 0.25390625 0.18515625
2 0.35078125 0.65703125 0.221875 0.16328125
1 0.27578125 0.41640625 0.11328125 0.078125
1 0.77578125 0.2109375 0.05703125 0.0515625