1 0.63203125 0.18671875 0.03203125 0.05546875
2 0.6984375 0.20390625 0.034375 0.059375
1 0.74140625 0.18515625 0.028125 0.0390625
1 0.64765625 0.259375 0.03671875 0.05703125
2 0.13984375 0.55859375 0.09921875 0.18359375
1 0.67578125 0.3609375 0.05390625 0.09453125
1 0.7875 0.24140625 0.04140625 0.05703125
1 0.47265625 0.3609375 0.05546875 0.08671875
2 0.43046875 0.25 0.046875 0.1
1 0.82109375 0.39453125 0.07265625 0.09296875
1 0.76953125 0.5109375 0.07734375 0.12578125
1 0.87578125 0.27109375 0.046875 0.0609375
1 0.39140625 0.23828125 0.03671875 0.05390625