1 0.58359375 0.63125 0.17421875 0.24296875
1 0.35859375 0.11484375 0.040625 0.0515625
1 0.57421875 0.46875 0.12890625 0.14609375
1 0.15546875 0.69375 0.11484375 0.2484375
1 0.33515625 0.1359375 0.04296875 0.0484375
1 0.48671875 0.14140625 0.05625 0.06875
1 0.21484375 0.278125 0.05703125 0.08671875
1 0.29375 0.228125 0.059375 0.078125
1 0.11796875 0.21953125 0.05390625 0.09453125
1 0.1703125 0.18671875 0.040625 0.0609375
1 0.20546875 0.15703125 0.03984375 0.05390625
1 0.0234375 0.209375 0.03828125 0.06640625