1 0.4859375 0.371875 0.07890625 0.15
1 0.521875 0.6390625 0.11171875 0.26640625
1 0.9578125 0.28125 0.084375 0.13125
1 0.60234375 0.08828125 0.040625 0.05
1 0.48984375 0.9140625 0.16171875 0.171875
1 0.07734375 0.34921875 0.096875 0.140625
1 0.61484375 0.15546875 0.059375 0.0796875
1 0.69296875 0.13515625 0.05703125 0.07578125
1 0.59453125 0.27109375 0.071875 0.11875
1 0.12109375 0.2234375 0.05859375 0.08359375
1 0.69609375 0.2546875 0.0875 0.1390625
1 0.27421875 0.32578125 0.084375 0.1390625
1 0.21640625 0.2296875 0.065625 0.09296875
1 0.4609375 0.08203125 0.05 0.06640625
1 0.19921875 0.1359375 0.05390625 0.06875
1 0.3 0.1953125 0.05078125 0.090625
1 0.37109375 0.15390625 0.04453125 0.0796875
1 0.175 0.10703125 0.04296875 0.05546875
1 0.6984375 0.72890625 0.178125 0.359375
1 0.8921875 0.721875 0.215625 0.35390625
1 0.3765625 0.0953125 0.0375 0.05703125