1 0.62109375 0.1859375 0.03046875 0.04609375
1 0.646875 0.21953125 0.03125 0.05546875
1 0.70859375 0.25625 0.040625 0.059375
2 0.76171875 0.234375 0.03984375 0.06640625
1 0.78125 0.1859375 0.03125 0.04609375
1 0.6640625 0.315625 0.046875 0.07421875
1 0.31484375 0.33046875 0.05546875 0.09296875
1 0.1875 0.39609375 0.06875 0.090625
1 0.80078125 0.21796875 0.034375 0.05390625
1 0.7625 0.3546875 0.05859375 0.08671875
1 0.684375 0.38125 0.06015625 0.1
1 0.39296875 0.26328125 0.03984375 0.0609375
1 0.50859375 0.26015625 0.034375 0.06328125
1 0.30859375 0.25859375 0.04375 0.071875
1 0.84609375 0.26328125 0.04296875 0.06328125
1 0.87109375 0.3640625 0.06171875 0.078125
2 0.87265625 0.28125 0.05703125 0.08125
1 0.73203125 0.6359375 0.1 0.15703125
1 0.95234375 0.49296875 0.09453125 0.12578125