1 0.63671875 0.21171875 0.03046875 0.0484375
1 0.68984375 0.2046875 0.03515625 0.059375
2 0.73984375 0.19140625 0.03125 0.05390625
2 0.43671875 0.4796875 0.059375 0.15703125
2 0.1515625 0.4234375 0.071875 0.128125
1 0.72265625 0.275 0.04375 0.06640625
1 0.78828125 0.19296875 0.03203125 0.05
2 0.67890625 0.36875 0.07265625 0.15546875
1 0.76484375 0.35859375 0.05390625 0.090625
1 0.81328125 0.2703125 0.05078125 0.06484375
1 0.403125 0.32109375 0.04453125 0.07578125
1 0.48671875 0.31640625 0.046875 0.078125
1 0.340625 0.2953125 0.046875 0.0703125
1 0.38984375 0.23125 0.03828125 0.0484375
1 0.9171875 0.7234375 0.125 0.2015625
1 0.47265625 0.17890625 0.03125 0.05703125