1 0.36796875 0.45703125 0.11015625 0.11484375
3 0.54375 0.21171875 0.13046875 0.13515625
1 0.55859375 0.3859375 0.08125 0.090625
1 0.47578125 0.375 0.08203125 0.09609375
1 0.6640625 0.30625 0.0625 0.06640625
1 0.42734375 0.29453125 0.06796875 0.0609375
1 0.35234375 0.33984375 0.08671875 0.071875
1 0.55703125 0.31015625 0.07734375 0.06875
1 0.63125 0.2265625 0.04453125 0.0484375
1 0.225 0.4 0.08125 0.0796875
1 0.075 0.46953125 0.14765625 0.10390625
1 0.58359375 0.46015625 0.09296875 0.12421875
1 0.934375 0.62890625 0.13125 0.1484375
1 0.67265625 0.2453125 0.059375 0.05390625
1 0.928125 0.8921875 0.140625 0.215625
1 0.56796875 0.6765625 0.19375 0.140625
1 0.58671875 0.878125 0.24140625 0.178125
2 0.30078125 0.40390625 0.11953125 0.1203125
1 0.80546875 0.24296875 0.04921875 0.05703125
1 0.09296875 0.74296875 0.184375 0.13515625
3 0.078125 0.9125 0.15625 0.175
2 0.1578125 0.8609375 0.27734375 0.228125