1 0.33671875 0.23125 0.05625 0.071875
1 0.43359375 0.23203125 0.04765625 0.07578125
1 0.5046875 0.20859375 0.046875 0.0703125
1 0.61796875 0.16171875 0.03515625 0.05703125
1 0.71796875 0.271875 0.05546875 0.0890625
1 0.4953125 0.11328125 0.02890625 0.0484375
1 0.62734375 0.2984375 0.06640625 0.1015625
1 0.51953125 0.15390625 0.03203125 0.059375
2 0.47578125 0.09609375 0.03046875 0.05546875
1 0.76796875 0.40703125 0.09296875 0.15
1 0.6515625 0.4109375 0.08984375 0.14609375
1 0.5296875 0.1046875 0.025 0.04609375
1 0.89921875 0.6890625 0.159375 0.23515625
3 0.88359375 0.32109375 0.18046875 0.28515625
3 0.66875 0.16953125 0.08203125 0.15703125