1 0.22421875 0.86484375 0.23046875 0.21875
1 0.70078125 0.89921875 0.30078125 0.2015625
0 0.59765625 0.59375 0.29296875 0.2609375
1 0.74453125 0.18671875 0.10546875 0.08125
1 0.959375 0.24296875 0.08125 0.0859375
1 0.87890625 0.18515625 0.11171875 0.08359375
1 0.6703125 0.13203125 0.08984375 0.08359375
1 0.559375 0.115625 0.07890625 0.06328125
1 0.46015625 0.09296875 0.07109375 0.059375
1 0.39140625 0.0734375 0.05703125 0.06328125
1 0.3515625 0.05859375 0.03359375 0.05390625
1 0.46796875 0.24375 0.11640625 0.0890625