1 0.3984375 0.528125 0.05 0.06640625
1 0.45234375 0.51875 0.046875 0.078125
1 0.3390625 0.5765625 0.05078125 0.07421875
1 0.4171875 0.55625 0.06015625 0.06875
1 0.57421875 0.953125 0.1046875 0.09375
3 0.2546875 0.8 0.23515625 0.35703125
1 0.5015625 0.52890625 0.05390625 0.071875
1 0.51484375 0.4640625 0.05703125 0.05546875
1 0.50859375 0.87109375 0.125 0.17421875
1 0.53828125 0.74921875 0.075 0.12421875
1 0.52109375 0.67890625 0.065625 0.109375
2 0.52578125 0.56328125 0.05078125 0.0890625
1 0.57421875 0.6203125 0.06328125 0.09609375
1 0.66015625 0.59375 0.06171875 0.109375
1 0.61640625 0.55390625 0.04921875 0.078125
1 0.41953125 0.61953125 0.09453125 0.0890625
1 0.64140625 0.49453125 0.03984375 0.059375
1 0.68984375 0.43984375 0.03671875 0.0515625