2 0.81640625 0.36640625 0.12265625 0.13671875
2 0.9453125 0.453125 0.109375 0.15390625
1 0.61796875 0.2890625 0.06171875 0.0609375
3 0.54375 0.21953125 0.128125 0.1203125
1 0.73515625 0.26640625 0.059375 0.0609375
1 0.7171875 0.23359375 0.05703125 0.04609375
1 0.80859375 0.22890625 0.04921875 0.05703125
1 0.40546875 0.315625 0.08125 0.071875
1 0.3296875 0.2109375 0.06640625 0.0390625
1 0.28515625 0.3765625 0.10234375 0.071875
3 0.434375 0.83515625 0.86640625 0.3296875
1 0.88515625 0.209375 0.06640625 0.04296875
1 0.30859375 0.41640625 0.09375 0.08671875
1 0.0546875 0.4953125 0.10703125 0.1203125
1 0.15078125 0.74921875 0.203125 0.16484375