1 0.57578125 0.14921875 0.05546875 0.04296875
2 0.55859375 0.12890625 0.0625 0.05546875
1 0.4609375 0.1734375 0.071875 0.05
2 0.396875 0.16796875 0.06796875 0.05546875
1 0.3484375 0.20390625 0.07421875 0.059375
1 0.29296875 0.196875 0.06796875 0.05546875
1 0.26171875 0.2234375 0.075 0.0515625
1 0.2078125 0.22421875 0.0625 0.04453125
1 0.11015625 0.25859375 0.08125 0.05546875
0 0.66640625 0.25859375 0.07265625 0.11484375
1 0.78828125 0.584375 0.14921875 0.19609375
1 0.715625 0.4296875 0.05546875 0.1390625
1 0.74140625 0.321875 0.06484375 0.08671875
1 0.78515625 0.24609375 0.05390625 0.06875
1 0.80390625 0.196875 0.053125 0.05546875
1 0.828125 0.17578125 0.040625 0.059375
1 0.86796875 0.834375 0.26328125 0.21484375
3 0.23359375 0.2390625 0.21875 0.15703125
1 0.31484375 0.775 0.234375 0.171875
1 0.55234375 0.1890625 0.07265625 0.05