1 0.18359375 0.1890625 0.06484375 0.07421875
1 0.2953125 0.246875 0.08125 0.08515625
0 0.74453125 0.44296875 0.25546875 0.31640625
1 0.46171875 0.38046875 0.10390625 0.13359375
3 0.4921875 0.21640625 0.225 0.190625
1 0.77265625 0.29375 0.09375 0.09453125
1 0.83203125 0.27421875 0.09609375 0.1015625
2 0.56171875 0.50390625 0.13203125 0.19453125
1 0.74765625 0.209375 0.06640625 0.07421875
1 0.696875 0.2265625 0.06796875 0.07421875
1 0.91171875 0.7796875 0.17578125 0.21484375
2 0.79609375 0.37109375 0.08671875 0.10390625
1 0.740625 0.91484375 0.18125 0.1703125