1 0.465625 0.1953125 0.05703125 0.08125
2 0.684375 0.64453125 0.14453125 0.340625
1 0.64375 0.41328125 0.08828125 0.13671875
1 0.54765625 0.18046875 0.04296875 0.078125
1 0.775 0.0546875 0.03046875 0.05
1 0.72265625 0.30078125 0.08828125 0.13359375
1 0.5671875 0.13671875 0.03359375 0.06484375
1 0.6390625 0.13046875 0.040625 0.06328125
1 0.67421875 0.17890625 0.04921875 0.08359375
1 0.80859375 0.13671875 0.046875 0.06875
1 0.55546875 0.06953125 0.028125 0.0484375
3 0.45703125 0.484375 0.18046875 0.478125