0 0.6671875 0.27578125 0.07421875 0.10546875
1 0.46953125 0.16484375 0.03515625 0.0390625
1 0.43359375 0.16875 0.03359375 0.03671875
1 0.45234375 0.1484375 0.03125 0.03671875
1 0.49140625 0.14609375 0.03359375 0.040625
1 0.4703125 0.13515625 0.03203125 0.03359375
2 0.39765625 0.1640625 0.03515625 0.05
2 0.37421875 0.1796875 0.03125 0.05390625
1 0.42109375 0.15078125 0.034375 0.03515625
3 0.71484375 0.11953125 0.08046875 0.0984375
3 0.5984375 0.115625 0.07109375 0.07421875
1 0.61484375 0.14375 0.03359375 0.03671875
1 0.50078125 0.18984375 0.05078125 0.04453125
1 0.22734375 0.21171875 0.05546875 0.0484375
1 0.14765625 0.23203125 0.06328125 0.05
1 0.296875 0.196875 0.04375 0.04453125
1 0.02265625 0.4 0.04375 0.059375
1 0.44453125 0.1203125 0.02421875 0.0296875