1 0.35859375 0.703125 0.06875 0.121875
1 0.425 0.6265625 0.06328125 0.09453125
1 0.41328125 0.4796875 0.05078125 0.059375
1 0.46171875 0.47421875 0.05390625 0.07421875
1 0.35703125 0.53828125 0.04609375 0.078125
1 0.50390625 0.86171875 0.0875 0.17578125
3 0.79375 0.81171875 0.3375 0.37578125
1 0.69140625 0.6765625 0.0625 0.11640625
1 0.57890625 0.58828125 0.05234375 0.1109375
1 0.48515625 0.5546875 0.06015625 0.08515625
1 0.59921875 0.4953125 0.04453125 0.06640625
1 0.65078125 0.54609375 0.05 0.08515625
3 0.56015625 0.434375 0.078125 0.121875
1 0.66015625 0.459375 0.040625 0.07421875
1 0.6859375 0.43125 0.03203125 0.0484375
3 0.63671875 0.39296875 0.06953125 0.090625