1 0.36640625 0.76875 0.075 0.14609375
1 0.43046875 0.64921875 0.0625 0.10703125
1 0.41328125 0.4796875 0.05078125 0.059375
1 0.46171875 0.47421875 0.05390625 0.07421875
1 0.35703125 0.53828125 0.04609375 0.078125
3 0.81953125 0.9265625 0.26484375 0.14609375
1 0.76328125 0.82890625 0.10546875 0.1515625
1 0.575 0.69375 0.06328125 0.14296875
1 0.46171875 0.575 0.06640625 0.08515625
1 0.58515625 0.5484375 0.046875 0.08515625
1 0.6703125 0.65546875 0.06484375 0.12421875
3 0.54921875 0.45 0.06875 0.12578125
1 0.65859375 0.51640625 0.046875 0.1015625
1 0.64765625 0.46171875 0.03828125 0.059375
3 0.61484375 0.40625 0.07890625 0.0984375