0 0.5953125 0.61953125 0.29140625 0.25546875
1 0.87578125 0.08984375 0.059375 0.04609375
1 0.85078125 0.1109375 0.06484375 0.05
2 0.071875 0.41796875 0.14140625 0.15546875
1 0.08671875 0.51796875 0.171875 0.15
3 0.6421875 0.1140625 0.28359375 0.12578125
1 0.39140625 0.27109375 0.11171875 0.090625
1 0.3234375 0.37890625 0.109375 0.13359375
2 0.275 0.3359375 0.121875 0.13671875
1 0.71796875 0.0984375 0.06953125 0.059375
1 0.5640625 0.215625 0.09765625 0.08359375
1 0.5078125 0.31328125 0.125 0.1109375
1 0.4296875 0.18984375 0.109375 0.06484375
1 0.7015625 0.18671875 0.084375 0.0515625
3 0.19609375 0.1640625 0.33359375 0.140625
1 0.7359375 0.26171875 0.11015625 0.0890625
2 0.69609375 0.21796875 0.10546875 0.09296875
1 0.29296875 0.13671875 0.07109375 0.06328125
1 0.184375 0.24453125 0.10546875 0.071875
1 0.88359375 0.1984375 0.08828125 0.06875
1 0.89921875 0.15078125 0.07890625 0.05546875
1 0.9703125 0.23828125 0.059375 0.07421875