0 0.66953125 0.2859375 0.071875 0.10546875
1 0.85625 0.85703125 0.228125 0.25546875
1 0.40546875 0.67421875 0.16015625 0.221875
1 0.275 0.4109375 0.053125 0.11640625
1 0.31171875 0.15625 0.02578125 0.03359375
1 0.38046875 0.278125 0.03515625 0.06328125
1 0.3828125 0.43828125 0.065625 0.13125
1 0.7328125 0.62421875 0.19453125 0.209375
1 0.32109375 0.27890625 0.04609375 0.06640625
1 0.30390625 0.1734375 0.03125 0.0296875
1 0.3 0.20390625 0.03515625 0.04296875
1 0.50390625 0.43359375 0.07734375 0.140625
1 0.42421875 0.35078125 0.04609375 0.0890625
1 0.39296875 0.22421875 0.034375 0.059375
3 0.34765625 0.184375 0.06015625 0.1296875
3 0.19296875 0.303125 0.16484375 0.20546875
3 0.21953125 0.20625 0.09921875 0.1
1 0.4703125 0.2734375 0.04140625 0.08671875
1 0.43828125 0.19453125 0.03046875 0.0515625
1 0.49453125 0.19140625 0.03046875 0.03671875
1 0.51484375 0.159375 0.03046875 0.0390625
1 0.471875 0.15 0.028125 0.040625
3 0.39296875 0.13203125 0.05 0.07578125
3 0.07578125 0.31015625 0.15 0.171875
1 0.07421875 0.47109375 0.09609375 0.11328125
1 0.42890625 0.240625 0.03125 0.059375