1 0.67265625 0.31875 0.08515625 0.11640625
1 0.08671875 0.7140625 0.171875 0.2109375
1 0.81796875 0.23828125 0.06328125 0.1
1 0.15703125 0.36328125 0.13359375 0.11875
1 0.8890625 0.28203125 0.10625 0.1
1 0.09140625 0.5390625 0.18125 0.15546875
1 0.4125 0.28359375 0.11640625 0.1
1 0.1671875 0.40390625 0.178125 0.15
1 0.94921875 0.31640625 0.10078125 0.10703125
1 0.71640625 0.43046875 0.146875 0.14609375
1 0.43046875 0.3640625 0.140625 0.12578125
1 0.4875 0.284375 0.11015625 0.09453125
1 0.62890625 0.64609375 0.23125 0.221875
1 0.54140625 0.20859375 0.0875 0.08515625
1 0.65234375 0.246875 0.09921875 0.09296875
1 0.19609375 0.80078125 0.30078125 0.26484375
1 0.59140625 0.88203125 0.28984375 0.23515625
1 0.6734375 0.17109375 0.06640625 0.071875