1 0.62265625 0.190625 0.025 0.04609375
1 0.09375 0.6484375 0.11875 0.15546875
1 0.2125 0.390625 0.06875 0.08671875
1 0.375 0.79453125 0.11875 0.21484375
2 0.33359375 0.475 0.06640625 0.140625
1 0.7796875 0.19375 0.03125 0.04296875
1 0.75078125 0.22578125 0.03828125 0.05546875
1 0.65234375 0.27421875 0.03359375 0.0609375
1 0.45546875 0.4546875 0.059375 0.10390625
1 0.72734375 0.29140625 0.04453125 0.06640625
1 0.809375 0.228125 0.03359375 0.04453125
1 0.47890625 0.30078125 0.04765625 0.08359375
1 0.80546875 0.46171875 0.075 0.109375
1 0.37109375 0.22890625 0.03203125 0.05
1 0.70234375 0.53984375 0.07734375 0.12421875
1 0.48984375 0.20546875 0.028125 0.05
1 0.91484375 0.33828125 0.05703125 0.078125
1 0.94296875 0.5 0.08828125 0.1109375