1 0.90625 0.74609375 0.1875 0.2359375
0 0.66328125 0.26484375 0.07265625 0.10703125
1 0.7203125 0.5 0.078125 0.16875
1 0.47109375 0.15390625 0.03203125 0.040625
1 0.4296875 0.1609375 0.034375 0.0390625
1 0.45078125 0.140625 0.02890625 0.03515625
1 0.49140625 0.1359375 0.02890625 0.03671875
1 0.47109375 0.1265625 0.028125 0.03359375
1 0.559375 0.14140625 0.0375 0.0390625
1 0.63515625 0.13203125 0.03984375 0.04453125
1 0.609375 0.18125 0.04453125 0.04453125
1 0.05390625 0.2640625 0.05078125 0.0515625
1 0.50859375 0.178125 0.04453125 0.040625
1 0.53671875 0.18984375 0.05 0.05
2 0.06796875 0.27109375 0.071875 0.07578125
2 0.40390625 0.1546875 0.034375 0.0484375
1 0.42578125 0.2640625 0.06328125 0.059375
2 0.22734375 0.1890625 0.04375 0.05390625
1 0.375 0.253125 0.06328125 0.05390625
1 0.271875 0.36953125 0.11171875 0.1
1 0.34296875 0.17109375 0.04609375 0.04296875
2 0.17265625 0.590625 0.13046875 0.16875
1 0.053125 0.46015625 0.10390625 0.1015625
1 0.4359375 0.1296875 0.03515625 0.040625