1 0.921875 0.7046875 0.15625 0.2015625
1 0.71015625 0.528125 0.08828125 0.1609375
0 0.66171875 0.2609375 0.071875 0.10703125
1 0.725 0.37421875 0.07109375 0.11875
1 0.47109375 0.1515625 0.03125 0.0390625
1 0.42890625 0.159375 0.034375 0.0390625
1 0.45 0.1390625 0.02890625 0.03515625
1 0.49140625 0.13359375 0.028125 0.03515625
1 0.55390625 0.1484375 0.03828125 0.0390625
2 0.62109375 0.15078125 0.04453125 0.05546875
1 0.47109375 0.125 0.02734375 0.03359375
1 0.57890625 0.1546875 0.040625 0.04453125
1 0.48515625 0.1890625 0.05390625 0.05
1 0.43046875 0.34921875 0.09765625 0.10703125
1 0.39609375 0.26015625 0.08046875 0.07578125
1 0.08984375 0.28125 0.08515625 0.0796875
1 0.0515625 0.26171875 0.059375 0.05703125
1 0.26796875 0.171875 0.04765625 0.04609375
2 0.359375 0.15859375 0.03828125 0.04609375
1 0.30078125 0.28515625 0.078125 0.071875
1 0.25078125 0.365625 0.10546875 0.1015625
1 0.38125 0.1390625 0.03984375 0.03515625
1 0.06015625 0.7546875 0.11796875 0.178125