1 0.49453125 0.11484375 0.03984375 0.059375
1 0.66328125 0.7265625 0.14375 0.30390625
1 0.59453125 0.2359375 0.05546875 0.1
1 0.7078125 0.0703125 0.02890625 0.03671875
1 0.559375 0.1734375 0.040625 0.0703125
1 0.70078125 0.26875 0.05859375 0.10546875
1 0.6953125 0.096875 0.03515625 0.04609375
1 0.75546875 0.078125 0.03203125 0.0484375
2 0.63984375 0.125 0.04765625 0.0890625
1 0.72109375 0.13125 0.040625 0.06484375
1 0.80390625 0.1453125 0.05078125 0.07578125
1 0.5734375 0.0734375 0.02421875 0.040625
1 0.83828125 0.284375 0.07578125 0.09609375
1 0.96484375 0.31796875 0.06953125 0.11328125