3 0.1046875 0.58984375 0.20703125 0.49296875
1 0.70234375 0.18671875 0.0375 0.05390625
1 0.278125 0.78828125 0.13203125 0.24296875
1 0.65390625 0.22109375 0.03359375 0.06328125
2 0.37578125 0.34609375 0.059375 0.11875
2 0.36484375 0.28828125 0.03984375 0.1015625
1 0.471875 0.35078125 0.05859375 0.09609375
1 0.18359375 0.34453125 0.06953125 0.0796875
2 0.33203125 0.2359375 0.05 0.0890625
1 0.84453125 0.24296875 0.046875 0.06875
1 0.47265625 0.246875 0.040625 0.06328125
2 0.78203125 0.68671875 0.10859375 0.22578125