1 0.48203125 0.82890625 0.215625 0.2890625
1 0.26484375 0.6359375 0.128125 0.16875
1 0.15234375 0.5390625 0.08984375 0.121875
1 0.0921875 0.48359375 0.07109375 0.1
1 0.03359375 0.43515625 0.065625 0.0890625
3 0.07109375 0.3546875 0.13984375 0.140625
1 0.13828125 0.43046875 0.06640625 0.08125
3 0.36640625 0.546875 0.4125 0.4109375
3 0.80390625 0.7890625 0.39140625 0.421875
1 0.73125 0.58125 0.17109375 0.14453125
1 0.434375 0.4453125 0.084375 0.09296875
1 0.32578125 0.4109375 0.08515625 0.08359375
3 0.29375 0.3296875 0.16328125 0.1609375
1 0.44296875 0.40546875 0.09453125 0.09296875
1 0.58828125 0.46015625 0.12265625 0.11484375
1 0.77265625 0.528125 0.153125 0.1390625
3 0.909375 0.45859375 0.18125 0.2109375
1 0.66953125 0.43125 0.121875 0.10390625
1 0.50390625 0.38046875 0.090625 0.09296875
3 0.38203125 0.31328125 0.16796875 0.1484375
1 0.95 0.6046875 0.1 0.11875