1 0.0390625 0.865625 0.07578125 0.21328125
3 0.5453125 0.20859375 0.134375 0.13359375
1 0.45546875 0.475 0.1125 0.128125
1 0.26875 0.5453125 0.13359375 0.1515625
1 0.5625 0.38671875 0.084375 0.09296875
1 0.43046875 0.28671875 0.065625 0.06328125
1 0.3515625 0.33046875 0.08828125 0.07578125
1 0.50625 0.34609375 0.08828125 0.078125
1 0.63203125 0.2234375 0.04609375 0.05546875
1 0.23828125 0.38984375 0.11171875 0.0890625
1 0.103125 0.4484375 0.134375 0.1
1 0.62421875 0.27109375 0.06328125 0.06328125
2 0.58203125 0.240625 0.06640625 0.071875
1 0.5484375 0.5 0.10703125 0.13359375
1 0.6609375 0.36015625 0.07265625 0.08359375
2 0.525 0.2734375 0.06015625 0.0703125
1 0.63125 0.31796875 0.06796875 0.08515625
1 0.7484375 0.29453125 0.05625 0.0703125
2 0.9140625 0.64375 0.171875 0.171875
2 0.69921875 0.2484375 0.0875 0.1015625
1 0.7546875 0.74140625 0.24296875 0.1890625
1 0.77421875 0.23515625 0.05546875 0.05546875
1 0.79453125 0.25546875 0.05546875 0.06328125
1 0.29375 0.4046875 0.10234375 0.0890625
1 0.853125 0.2296875 0.05 0.05703125
1 0.8 0.2015625 0.05546875 0.0515625