1 0.696875 0.0484375 0.02109375 0.028125
1 0.70859375 0.059375 0.021875 0.0296875
1 0.24296875 0.39140625 0.09453125 0.1203125
1 0.73671875 0.02578125 0.021875 0.028125
1 0.728125 0.0390625 0.021875 0.0390625
1 0.73984375 0.08046875 0.02890625 0.04609375
1 0.7515625 0.05859375 0.02109375 0.03515625
1 0.37578125 0.26640625 0.07890625 0.08125
1 0.73359375 0.0953125 0.02890625 0.04453125
1 0.78359375 0.08515625 0.02890625 0.04453125
1 0.76875 0.11171875 0.03359375 0.0484375
2 0.69296875 0.09296875 0.03203125 0.05390625
1 0.74296875 0.48046875 0.09609375 0.1609375
1 0.82109375 0.10859375 0.0375 0.05546875
1 0.621875 0.09296875 0.02734375 0.04453125
1 0.59609375 0.071875 0.02265625 0.0390625
1 0.80859375 0.16328125 0.04609375 0.0609375
1 0.8875 0.18125 0.05390625 0.06328125
1 0.90703125 0.23515625 0.06796875 0.0796875
1 0.934375 0.1515625 0.07578125 0.06875
1 0.58671875 0.040625 0.01875 0.03125
1 0.60859375 0.0265625 0.01953125 0.0296875
3 0.55546875 0.11484375 0.04765625 0.128125