0 0.41640625 0.21171875 0.153125 0.171875
1 0.1734375 0.18359375 0.07265625 0.07421875
2 0.2359375 0.21484375 0.07890625 0.090625
1 0.42890625 0.33046875 0.090625 0.1
2 0.24921875 0.1640625 0.06796875 0.0703125
1 0.3109375 0.296875 0.07265625 0.09609375
1 0.94296875 0.35625 0.11328125 0.1203125
1 0.9375 0.440625 0.125 0.14375
3 0.68828125 0.30703125 0.32109375 0.2984375
1 0.76484375 0.321875 0.084375 0.1015625
1 0.628125 0.45546875 0.128125 0.12421875
2 0.45234375 0.41484375 0.08984375 0.14609375
1 0.8453125 0.290625 0.08828125 0.090625
1 0.771875 0.22578125 0.07421875 0.06875
1 0.69453125 0.221875 0.05859375 0.06875
1 0.61953125 0.63828125 0.13828125 0.1703125
1 0.940625 0.87109375 0.11875 0.2546875
1 0.70390625 0.18203125 0.05625 0.06875
1 0.62734375 0.1734375 0.04453125 0.0609375