1 0.49609375 0.125 0.03828125 0.06484375
1 0.615625 0.4203125 0.08515625 0.16875
1 0.68828125 0.0609375 0.02421875 0.03515625
1 0.72109375 0.05390625 0.025 0.03125
1 0.59453125 0.190625 0.046875 0.071875
1 0.72890625 0.09453125 0.03203125 0.03515625
1 0.56484375 0.14375 0.0375 0.05703125
1 0.6640625 0.18984375 0.04609375 0.06484375
1 0.72265625 0.13359375 0.0375 0.05
1 0.78671875 0.11015625 0.0375 0.05546875
2 0.62890625 0.0984375 0.040625 0.0796875
1 0.75546875 0.1890625 0.05390625 0.07578125
1 0.85234375 0.19453125 0.065625 0.09609375
1 0.57578125 0.0609375 0.02421875 0.03671875
1 0.9546875 0.465625 0.090625 0.1484375