1 0.65546875 0.1765625 0.04140625 0.05546875
1 0.64765625 0.140625 0.028125 0.04453125
2 0.69765625 0.23828125 0.06171875 0.11328125
1 0.834375 0.5015625 0.10703125 0.1703125
1 0.325 0.60078125 0.11640625 0.23359375
1 0.24609375 0.45 0.0875 0.13515625
1 0.340625 0.4546875 0.08515625 0.11875
1 0.42734375 0.265625 0.05390625 0.08671875
1 0.39609375 0.21875 0.04921875 0.07421875
1 0.4625 0.1859375 0.03828125 0.059375
1 0.5140625 0.24140625 0.05 0.08125
1 0.42109375 0.153125 0.03203125 0.05546875
1 0.4828125 0.12578125 0.028125 0.04296875
1 0.52578125 0.12890625 0.03046875 0.04609375