1 0.46171875 0.3234375 0.071875 0.06484375
1 0.51953125 0.2890625 0.065625 0.05703125
1 0.57578125 0.25546875 0.06171875 0.05
1 0.615625 0.23515625 0.046875 0.0484375
1 0.37890625 0.36953125 0.090625 0.07421875
1 0.24453125 0.39296875 0.103125 0.0796875
1 0.3625 0.34140625 0.08125 0.0703125
1 0.44765625 0.2984375 0.06484375 0.06640625
2 0.50390625 0.2609375 0.05703125 0.059375
1 0.56640625 0.2296875 0.053125 0.0609375
1 0.51953125 0.23203125 0.05 0.05390625
1 0.08671875 0.46171875 0.14140625 0.10703125
1 0.28203125 0.4296875 0.10703125 0.078125
1 0.12421875 0.503125 0.14453125 0.09609375
1 0.45546875 0.26171875 0.05703125 0.05
1 0.3875 0.29375 0.05703125 0.05390625
1 0.03984375 0.83203125 0.07734375 0.159375
1 0.17109375 0.875 0.19375 0.25
2 0.44453125 0.4546875 0.09765625 0.16640625
1 0.64453125 0.36328125 0.06640625 0.08671875
1 0.81171875 0.2484375 0.05078125 0.06484375