1 0.64609375 0.1609375 0.03828125 0.059375
1 0.63984375 0.134375 0.028125 0.04453125
2 0.68203125 0.21328125 0.05390625 0.09609375
1 0.77734375 0.3953125 0.08203125 0.13125
1 0.26484375 0.78046875 0.1625 0.30546875
1 0.2109375 0.5109375 0.10546875 0.1515625
1 0.2890625 0.56796875 0.11484375 0.159375
1 0.4109375 0.30625 0.05625 0.09453125
1 0.3796875 0.25 0.053125 0.078125
1 0.453125 0.20859375 0.04375 0.06640625
1 0.50546875 0.3203125 0.06328125 0.10390625
1 0.4125 0.171875 0.03671875 0.05546875
1 0.47890625 0.14140625 0.03203125 0.04609375
1 0.52265625 0.14921875 0.03203125 0.04609375
2 0.44765625 0.11328125 0.03515625 0.06640625