1 0.4734375 0.209375 0.05546875 0.0796875
1 0.46875 0.6546875 0.13203125 0.25
1 0.54765625 0.221875 0.05703125 0.10546875
1 0.60859375 0.396875 0.0875 0.1515625
1 0.6453125 0.21640625 0.05390625 0.09296875
1 0.58046875 0.1515625 0.04453125 0.06875
1 0.81171875 0.12421875 0.04921875 0.06875
1 0.77578125 0.18125 0.05625 0.0796875
1 0.65078125 0.14609375 0.04140625 0.06875
2 0.59765625 0.09140625 0.040625 0.08515625
2 0.85703125 0.16796875 0.06484375 0.11328125
1 0.43671875 0.18515625 0.07890625 0.07578125
1 0.89140625 0.3 0.08359375 0.11328125
1 0.915625 0.51484375 0.13515625 0.18671875
3 0.49296875 0.10625 0.128125 0.15703125