1 0.38203125 0.12578125 0.04609375 0.05
1 0.48046875 0.628125 0.16953125 0.2609375
1 0.38984375 0.31015625 0.08046875 0.10390625
1 0.49921875 0.18046875 0.06171875 0.06484375
2 0.63515625 0.17890625 0.08046875 0.0890625
1 0.15703125 0.3140625 0.06796875 0.09453125
1 0.55234375 0.23515625 0.09140625 0.08671875
1 0.72578125 0.1890625 0.07578125 0.071875
1 0.24609375 0.190625 0.05390625 0.0703125
1 0.70625 0.33203125 0.1125 0.109375
1 0.13671875 0.1640625 0.0375 0.059375
1 0.89609375 0.35703125 0.13828125 0.10546875
1 0.92109375 0.31015625 0.12265625 0.09296875