1 0.7265625 0.8390625 0.33046875 0.28671875
1 0.14296875 0.4796875 0.10703125 0.13515625
1 0.02265625 0.3546875 0.04296875 0.09609375
1 0.975 0.59921875 0.05 0.16484375
2 0.7828125 0.49140625 0.19921875 0.23125
1 0.54765625 0.4296875 0.16171875 0.14609375
2 0.39140625 0.36484375 0.11875 0.14453125
1 0.26796875 0.34140625 0.10625 0.1015625
3 0.1484375 0.28125 0.18359375 0.16875
1 0.06328125 0.28203125 0.06015625 0.0703125
1 0.02578125 0.26953125 0.04921875 0.0609375
2 0.83671875 0.41484375 0.21875 0.2015625
1 0.60625 0.36953125 0.14140625 0.13125
1 0.45546875 0.31015625 0.125 0.1109375
1 0.9078125 0.35546875 0.184375 0.14296875
1 0.5578125 0.29453125 0.12421875 0.1109375
1 0.3421875 0.21328125 0.06875 0.06640625
1 0.16171875 0.19140625 0.04921875 0.05546875
1 0.1359375 0.23515625 0.05390625 0.05546875
1 0.10859375 0.2015625 0.03828125 0.0390625
1 0.975 0.2015625 0.05 0.09609375
1 0.8640625 0.20078125 0.12421875 0.090625
1 0.71953125 0.18203125 0.11015625 0.0796875
1 0.5859375 0.17109375 0.09453125 0.07421875
3 0.434375 0.1296875 0.19296875 0.128125
1 0.96875 0.17890625 0.0625 0.06875
1 0.8515625 0.165625 0.11640625 0.0703125
1 0.71015625 0.153125 0.10234375 0.0703125
1 0.59296875 0.1390625 0.0875 0.06484375
1 0.40703125 0.134375 0.05625 0.05390625
1 0.3109375 0.1546875 0.0625 0.05
1 0.31875 0.1296875 0.059375 0.04453125
1 0.2421875 0.14921875 0.05 0.0515625
1 0.24375 0.1265625 0.04140625 0.040625
1 0.19140625 0.1484375 0.040625 0.04296875
1 0.20546875 0.1234375 0.04140625 0.04609375