1 0.69609375 0.05390625 0.01953125 0.03125
1 0.7078125 0.06328125 0.02421875 0.03671875
1 0.328125 0.28828125 0.075 0.1015625
1 0.73203125 0.065625 0.02578125 0.028125
1 0.73203125 0.03984375 0.02265625 0.02421875
1 0.75390625 0.01875 0.01875 0.03359375
1 0.75703125 0.05078125 0.025 0.028125
1 0.75 0.0890625 0.025 0.0484375
1 0.77109375 0.075 0.021875 0.0390625
1 0.61953125 0.62890625 0.10234375 0.209375
1 0.50546875 0.19609375 0.05390625 0.06640625
1 0.840625 0.6796875 0.14375 0.2484375
1 0.73359375 0.1046875 0.025 0.05390625
1 0.79453125 0.10390625 0.02734375 0.0484375
1 0.70703125 0.31875 0.07265625 0.11484375
1 0.78125 0.12578125 0.03828125 0.05703125
2 0.7203125 0.12109375 0.040625 0.06875
1 0.6484375 0.15546875 0.0375 0.06640625
1 0.84921875 0.16640625 0.046875 0.078125
1 0.58359375 0.04140625 0.01875 0.03359375
1 0.59765625 0.03203125 0.01484375 0.02578125
1 0.909375 0.26953125 0.071875 0.090625
3 0.54609375 0.06640625 0.04609375 0.09453125