1 0.1015625 0.896875 0.15625 0.1796875
1 0.309375 0.3390625 0.05703125 0.071875
1 0.7234375 0.19921875 0.03125 0.0484375
1 0.13359375 0.63671875 0.12421875 0.16640625
1 0.7515625 0.309375 0.04921875 0.0796875
1 0.47734375 0.31875 0.05234375 0.08125
1 0.4171875 0.27109375 0.04453125 0.06484375
1 0.31484375 0.23125 0.04375 0.0703125
1 0.70703125 0.48828125 0.08515625 0.159375
1 0.50546875 0.21875 0.03515625 0.059375
1 0.43671875 0.21171875 0.03515625 0.06484375
1 0.909375 0.303125 0.06015625 0.07421875
1 0.94296875 0.4515625 0.078125 0.109375
1 0.92109375 0.67421875 0.10625 0.171875
1 0.3890625 0.20078125 0.03359375 0.0515625
1 0.5046875 0.178125 0.03359375 0.05703125