1 0.303125 0.45703125 0.13359375 0.140625
1 0.82421875 0.52109375 0.22265625 0.19609375
2 0.45390625 0.38203125 0.13359375 0.15390625
1 0.26953125 0.33984375 0.10390625 0.10390625
3 0.14765625 0.28046875 0.1875 0.1703125
1 0.06015625 0.2796875 0.05703125 0.06875
1 0.02265625 0.2703125 0.04375 0.06640625
2 0.8328125 0.40859375 0.22109375 0.20390625
1 0.60234375 0.3609375 0.140625 0.13125
1 0.45078125 0.30703125 0.12578125 0.11328125
1 0.32734375 0.28125 0.10234375 0.090625
1 0.24453125 0.265625 0.071875 0.07578125
1 0.1640625 0.23984375 0.059375 0.0609375
1 0.94765625 0.30625 0.10390625 0.11484375
1 0.08046875 0.234375 0.04765625 0.0609375
1 0.371875 0.2140625 0.07421875 0.071875
1 0.29296875 0.23828125 0.07734375 0.06875
1 0.06484375 0.2265625 0.04140625 0.0515625
1 0.15546875 0.18984375 0.05078125 0.05390625
1 0.8671875 0.19375 0.12578125 0.0890625
1 0.7265625 0.18203125 0.11015625 0.07578125
1 0.58671875 0.1703125 0.09296875 0.071875
3 0.43515625 0.1234375 0.19140625 0.121875
1 0.8953125 0.1640625 0.121875 0.08125
1 0.73359375 0.1390625 0.10703125 0.0703125
1 0.58828125 0.13671875 0.07890625 0.06640625
1 0.30703125 0.1515625 0.06171875 0.05390625
1 0.37265625 0.13515625 0.05234375 0.0484375
1 0.23828125 0.1484375 0.04921875 0.04609375
1 0.28359375 0.125 0.046875 0.04296875
1 0.18671875 0.14140625 0.04375 0.04453125
1 0.23359375 0.11640625 0.04375 0.04453125