3 0.48671875 0.16015625 0.08515625 0.25
1 0.7359375 0.87109375 0.18046875 0.21484375
2 0.878125 0.58828125 0.184375 0.33125
1 0.63671875 0.38828125 0.08046875 0.15
1 0.60703125 0.2453125 0.06640625 0.09296875
1 0.58515625 0.13046875 0.04140625 0.05546875
1 0.6984375 0.04921875 0.03203125 0.04296875
1 0.784375 0.078125 0.04453125 0.0484375
1 0.6125 0.08515625 0.0375 0.059375
1 0.5421875 0.06015625 0.02890625 0.04296875
1 0.73046875 0.13359375 0.04453125 0.06640625
1 0.49375 0.13671875 0.07734375 0.071875
1 0.85859375 0.2015625 0.07578125 0.0796875
3 0.41015625 0.74921875 0.325 0.5015625