1 0.675 0.8015625 0.278125 0.29609375
1 0.16484375 0.4859375 0.11953125 0.14296875
1 0.084375 0.36484375 0.08515625 0.09296875
1 0.97421875 0.6 0.05078125 0.16484375
2 0.78203125 0.490625 0.19765625 0.23125
1 0.546875 0.4296875 0.16171875 0.14609375
2 0.39140625 0.3640625 0.11875 0.14453125
1 0.26796875 0.34140625 0.10625 0.1015625
3 0.1484375 0.28125 0.184375 0.16875
1 0.0625 0.28125 0.059375 0.0703125
1 0.025 0.26953125 0.04765625 0.06328125
2 0.8359375 0.4140625 0.21796875 0.2015625
1 0.60546875 0.36875 0.14140625 0.13125
1 0.4546875 0.309375 0.125 0.1109375
1 0.834375 0.29140625 0.1375 0.12421875
1 0.353125 0.2140625 0.07109375 0.0703125
1 0.26796875 0.2734375 0.08515625 0.090625
1 0.29453125 0.23671875 0.07421875 0.0703125
1 0.12265625 0.22109375 0.04140625 0.05546875
1 0.975 0.2015625 0.05 0.09609375
1 0.86328125 0.2 0.12421875 0.090625
1 0.71875 0.18203125 0.11015625 0.078125
1 0.5859375 0.17109375 0.09375 0.07421875
3 0.434375 0.1296875 0.19296875 0.12578125
1 0.9734375 0.1796875 0.053125 0.0703125
1 0.85859375 0.16640625 0.11875 0.0703125
1 0.71171875 0.1515625 0.10078125 0.0703125
1 0.59609375 0.140625 0.0875 0.06484375
1 0.42421875 0.13359375 0.05703125 0.05546875
1 0.31015625 0.1546875 0.06328125 0.0515625
1 0.321875 0.13046875 0.05625 0.04609375
1 0.24140625 0.14921875 0.04921875 0.05390625
1 0.25078125 0.12890625 0.04453125 0.04296875
1 0.18984375 0.146875 0.04140625 0.04296875
1 0.21171875 0.1234375 0.04140625 0.04453125