0 0.59296875 0.64609375 0.29375 0.2515625
1 0.8265625 0.128125 0.04609375 0.0484375
1 0.784375 0.14140625 0.04609375 0.0484375
1 0.74609375 0.1515625 0.05078125 0.05546875
1 0.77109375 0.13046875 0.059375 0.05390625
1 0.628125 0.16796875 0.07890625 0.05546875
2 0.1109375 0.38828125 0.15625 0.14296875
1 0.128125 0.45859375 0.15703125 0.128125
1 0.640625 0.14296875 0.065625 0.05390625
3 0.76015625 0.16640625 0.27734375 0.1296875
3 0.46640625 0.2484375 0.2875 0.1890625
1 0.49921875 0.15703125 0.08203125 0.04453125
1 0.50390625 0.1890625 0.09140625 0.0609375
1 0.35078125 0.39375 0.12890625 0.1203125
1 0.46796875 0.18984375 0.07578125 0.06640625
1 0.14765625 0.52890625 0.184375 0.1515625
1 0.33125 0.2 0.071875 0.05546875
1 0.3546875 0.2234375 0.09140625 0.06640625
1 0.378125 0.1734375 0.07734375 0.05
1 0.50859375 0.403125 0.146875 0.11640625
1 0.2421875 0.1890625 0.08125 0.05
1 0.19453125 0.215625 0.09375 0.06484375
1 0.7296875 0.3203125 0.11875 0.08125
1 0.57578125 0.13203125 0.071875 0.05703125
1 0.78515625 0.246875 0.08125 0.08125
1 0.19609375 0.26171875 0.08359375 0.0796875
1 0.09140625 0.2140625 0.09921875 0.05546875
1 0.9640625 0.2828125 0.071875 0.084375