1 0.4890625 0.36875 0.08046875 0.1515625
1 0.52421875 0.6359375 0.11875 0.27578125
1 0.48984375 0.9109375 0.16796875 0.178125
1 0.70703125 0.12109375 0.05234375 0.078125
0 0.61484375 0.05859375 0.06328125 0.11328125
1 0.12109375 0.23671875 0.08046875 0.11875
1 0.4640625 0.08046875 0.05390625 0.07421875
3 0.03984375 0.4109375 0.078125 0.30703125
1 0.73203125 0.196875 0.08515625 0.0984375
1 0.5703125 0.16796875 0.05859375 0.0984375
1 0.25234375 0.2140625 0.07265625 0.11640625
1 0.81328125 0.3109375 0.11171875 0.13671875
0 0.32734375 0.2296875 0.11953125 0.25
3 0.25234375 0.08203125 0.10625 0.1609375
1 0.8140625 0.52890625 0.15859375 0.21484375
1 0.16796875 0.13984375 0.065625 0.0796875
1 0.79140625 0.8640625 0.25078125 0.271875
1 0.975 0.6609375 0.05 0.19609375
1 0.34453125 0.0703125 0.03828125 0.05703125
1 0.3984375 0.06953125 0.034375 0.059375
1 0.31875 0.11484375 0.0375 0.059375