0 0.59296875 0.64609375 0.29375 0.2515625
1 0.78671875 0.13671875 0.05390625 0.05
1 0.74765625 0.15 0.05703125 0.0484375
1 0.6921875 0.15703125 0.05078125 0.05703125
1 0.04140625 0.44609375 0.08125 0.09609375
1 0.0484375 0.50546875 0.09453125 0.11484375
1 0.6953125 0.134375 0.06015625 0.05546875
1 0.57265625 0.17890625 0.06015625 0.0515625
2 0.2703125 0.31875 0.13671875 0.1203125
1 0.27890625 0.396875 0.134375 0.10390625
1 0.57890625 0.14921875 0.06875 0.0609375
1 0.06953125 0.58671875 0.1375 0.1703125
3 0.84609375 0.1515625 0.24765625 0.1296875
3 0.59375 0.21953125 0.27109375 0.178125
1 0.4515625 0.159375 0.08359375 0.04453125
1 0.4828125 0.2015625 0.08515625 0.071875
1 0.51640625 0.3359375 0.11875 0.09609375
1 0.4109375 0.19375 0.078125 0.05546875
1 0.36484375 0.43984375 0.16171875 0.1390625
1 0.27890625 0.20703125 0.08828125 0.05
1 0.284375 0.23828125 0.10703125 0.071875
1 0.3390625 0.1796875 0.08125 0.05
1 0.70546875 0.3203125 0.11484375 0.090625
1 0.19140625 0.19296875 0.07890625 0.05390625
1 0.13828125 0.2203125 0.09609375 0.06640625
1 0.87578125 0.2796875 0.10390625 0.078125
1 0.3 0.1609375 0.08203125 0.0515625
1 0.96328125 0.21171875 0.07265625 0.06328125