1 0.76640625 0.19375 0.040625 0.05546875
1 0.65390625 0.25546875 0.05 0.071875
1 0.246875 0.38671875 0.07890625 0.1203125
1 0.39765625 0.309375 0.053125 0.08515625
1 0.46640625 0.31796875 0.05859375 0.08515625
1 0.79375 0.4015625 0.075 0.10390625
1 0.69609375 0.41484375 0.07265625 0.11875
1 0.87421875 0.33828125 0.06796875 0.08515625
1 0.87578125 0.240625 0.05390625 0.06875
1 0.7234375 0.609375 0.10078125 0.16875
2 0.396875 0.22578125 0.04765625 0.078125
2 0.31328125 0.2 0.040625 0.071875
1 0.37890625 0.20078125 0.0375 0.0515625
1 0.89921875 0.634375 0.11171875 0.1703125
1 0.50234375 0.19609375 0.03515625 0.0609375
1 0.965625 0.50390625 0.06875 0.1578125