1 0.08984375 0.46171875 0.140625 0.0984375
1 0.12890625 0.50546875 0.1375 0.090625
1 0.246875 0.39609375 0.10390625 0.06875
1 0.28046875 0.43125 0.11015625 0.06875
1 0.36171875 0.34140625 0.07890625 0.06640625
1 0.38125 0.371875 0.08828125 0.06875
1 0.39765625 0.2953125 0.0625 0.05390625
1 0.44453125 0.29921875 0.05859375 0.05390625
1 0.46171875 0.328125 0.06953125 0.06328125
1 0.4578125 0.2640625 0.0625 0.05390625
1 0.50625 0.2609375 0.05625 0.05546875
1 0.5203125 0.2953125 0.06953125 0.05703125
1 0.52265625 0.2359375 0.05078125 0.04453125
1 0.56640625 0.2359375 0.053125 0.05
1 0.57890625 0.259375 0.05390625 0.05703125
1 0.61796875 0.23828125 0.04765625 0.05
1 0.46875 0.58203125 0.13125 0.19296875
1 0.78203125 0.24609375 0.05546875 0.05