2 0.66953125 0.54296875 0.09921875 0.23671875
1 0.7671875 0.04296875 0.02265625 0.03671875
1 0.6515625 0.31328125 0.06640625 0.11484375
1 0.52890625 0.128125 0.03671875 0.06484375
2 0.60390625 0.15859375 0.04765625 0.10546875
1 0.80703125 0.43125 0.10390625 0.1609375
2 0.7859375 0.071875 0.040625 0.06875
1 0.54609375 0.28828125 0.05078125 0.10546875
1 0.58515625 0.11640625 0.03046875 0.06640625
1 0.82890625 0.121875 0.05234375 0.06875
1 0.678125 0.12890625 0.04765625 0.0796875
1 0.55703125 0.06328125 0.02578125 0.0484375
1 0.94453125 0.23984375 0.07421875 0.10390625
1 0.60390625 0.0390625 0.03125 0.0484375
3 0.46015625 0.4765625 0.17734375 0.47421875