1 0.6921875 0.1984375 0.03359375 0.0484375
1 0.0671875 0.8140625 0.13203125 0.21328125
1 0.75390625 0.196875 0.03203125 0.0515625
1 0.65078125 0.259375 0.0375 0.0609375
2 0.73046875 0.265625 0.03828125 0.08125
1 0.80078125 0.19453125 0.03359375 0.04296875
2 0.18359375 0.3703125 0.08515625 0.13671875
1 0.77421875 0.2453125 0.04296875 0.06484375
1 0.4015625 0.30703125 0.04921875 0.07421875
1 0.85703125 0.25 0.04375 0.059375
1 0.69453125 0.44375 0.06328125 0.10390625
2 0.83671875 0.50390625 0.08515625 0.15390625
1 0.40703125 0.20703125 0.03125 0.04453125
1 0.81640625 0.8390625 0.13359375 0.20546875
1 0.9671875 0.45703125 0.065625 0.11484375