0 0.59453125 0.62890625 0.29609375 0.259375
1 0.72265625 0.128125 0.06953125 0.05546875
2 0.4390625 0.27109375 0.103125 0.109375
1 0.0859375 0.36875 0.14140625 0.10703125
1 0.5078125 0.1484375 0.08671875 0.059375
1 0.25 0.41796875 0.15625 0.1203125
3 0.375 0.19609375 0.26953125 0.159375
1 0.58203125 0.21796875 0.1 0.07578125
1 0.47109375 0.36171875 0.14453125 0.1015625
1 0.66953125 0.2515625 0.11015625 0.07578125
1 0.2921875 0.175 0.08359375 0.0515625
1 0.30078125 0.19140625 0.08046875 0.059375
2 0.89296875 0.19453125 0.08203125 0.07578125
1 0.90234375 0.24296875 0.1 0.07421875
3 0.0765625 0.19296875 0.15078125 0.12578125