2 0.23359375 0.9125 0.1578125 0.175
1 0.34296875 0.38125 0.05859375 0.09453125
1 0.37578125 0.20859375 0.034375 0.05390625
1 0.43125 0.209375 0.03125 0.0484375
1 0.7078125 0.16328125 0.03125 0.04453125
1 0.6171875 0.21484375 0.03203125 0.0515625
1 0.75859375 0.25859375 0.04375 0.06328125
2 0.8421875 0.2484375 0.05078125 0.071875
1 0.62890625 0.3015625 0.046875 0.07421875
1 0.740625 0.3453125 0.05390625 0.08359375
1 0.83984375 0.3453125 0.06328125 0.08671875
1 0.69765625 0.57578125 0.084375 0.1515625
1 0.93671875 0.4859375 0.09375 0.11875
1 0.88984375 0.71640625 0.12421875 0.178125