1 0.64921875 0.15625 0.040625 0.06640625
1 0.68046875 0.1953125 0.03828125 0.0703125
1 0.69609375 0.24296875 0.05703125 0.07578125
1 0.7625 0.35703125 0.08203125 0.11640625
1 0.70234375 0.6359375 0.12421875 0.209375
1 0.93984375 0.57578125 0.11953125 0.190625
1 0.1625 0.91171875 0.18203125 0.17578125
2 0.43671875 0.82890625 0.16640625 0.3203125
1 0.18125 0.59609375 0.121875 0.178125
1 0.32890625 0.23203125 0.053125 0.0703125
2 0.49453125 0.37890625 0.06484375 0.15
1 0.43203125 0.2734375 0.05703125 0.08671875
1 0.4125 0.1734375 0.03515625 0.059375
1 0.46015625 0.190625 0.04609375 0.06875
2 0.471875 0.1109375 0.02734375 0.05546875