2 0.09140625 0.63671875 0.109375 0.2203125
1 0.21484375 0.68515625 0.11640625 0.1890625
1 0.403125 0.57578125 0.09765625 0.190625
2 0.11640625 0.41640625 0.09609375 0.1515625
1 0.64140625 0.26796875 0.04140625 0.06484375
1 0.47890625 0.35078125 0.05 0.08515625
1 0.375 0.35703125 0.05859375 0.08515625
1 0.815625 0.29140625 0.05078125 0.06328125
1 0.79765625 0.4359375 0.07890625 0.1
0 0.89296875 0.25078125 0.06484375 0.10703125
1 0.4609375 0.196875 0.03828125 0.05546875
1 0.73046875 0.61015625 0.09296875 0.15546875
1 0.96015625 0.5015625 0.07890625 0.11328125