0 0.6640625 0.26796875 0.07265625 0.10703125
1 0.471875 0.15625 0.03203125 0.040625
1 0.43046875 0.16328125 0.03359375 0.0390625
1 0.45078125 0.14375 0.03046875 0.03671875
1 0.49140625 0.13984375 0.03046875 0.0390625
1 0.47109375 0.1296875 0.02890625 0.03359375
2 0.4015625 0.15703125 0.034375 0.0484375
2 0.62578125 0.15625 0.034375 0.05390625
1 0.57265625 0.14296875 0.03828125 0.04453125
2 0.59609375 0.15 0.04375 0.05
1 0.13203125 0.25625 0.07421875 0.05546875
3 0.0640625 0.23828125 0.12578125 0.16875
1 0.509375 0.18359375 0.04296875 0.05
1 0.484375 0.221875 0.05390625 0.0609375
1 0.2625 0.19375 0.05234375 0.04609375
3 0.45859375 0.29296875 0.20859375 0.25
1 0.39765625 0.23515625 0.06640625 0.05703125
2 0.36640625 0.16015625 0.03671875 0.05
1 0.428125 0.2609375 0.05859375 0.06328125
1 0.35625 0.15 0.04453125 0.0390625
1 0.20078125 0.41640625 0.11328125 0.09296875
1 0.04609375 0.471875 0.090625 0.1
1 0.42421875 0.12578125 0.0375 0.03359375