1 0.4890625 0.36875 0.08046875 0.1515625
1 0.52421875 0.6359375 0.11875 0.27578125
1 0.48984375 0.9109375 0.16796875 0.178125
1 0.4640625 0.08046875 0.05390625 0.07421875
3 0.03046875 0.39375 0.059375 0.2796875
1 0.59765625 0.071875 0.03828125 0.0609375
1 0.6765625 0.13125 0.06484375 0.08515625
1 0.6140625 0.159375 0.06484375 0.08125
1 0.18203125 0.21875 0.071875 0.09296875
1 0.559375 0.19296875 0.06875 0.0984375
1 0.7078125 0.30703125 0.09375 0.12421875
1 0.234375 0.26640625 0.08203125 0.11875
3 0.28046875 0.0640625 0.08515625 0.12421875
3 0.37421875 0.0734375 0.06796875 0.14296875
1 0.7703125 0.86640625 0.203125 0.26640625
1 0.06640625 0.22578125 0.06328125 0.08359375