1 0.48359375 0.5390625 0.178125 0.17421875
1 0.925 0.55546875 0.15 0.1796875
2 0.57890625 0.41875 0.15546875 0.1796875
1 0.29140625 0.346875 0.109375 0.10546875
3 0.15 0.28046875 0.18515625 0.1703125
1 0.06015625 0.28046875 0.06171875 0.0703125
1 0.02265625 0.26875 0.04375 0.06640625
2 0.83203125 0.40703125 0.22109375 0.20390625
1 0.60234375 0.36015625 0.140625 0.13125
1 0.45078125 0.30703125 0.12578125 0.11484375
1 0.32734375 0.28046875 0.10234375 0.090625
1 0.24375 0.26484375 0.071875 0.07578125
1 0.16484375 0.240625 0.059375 0.0609375
1 0.08359375 0.23515625 0.04921875 0.06328125
1 0.51484375 0.2296875 0.09921875 0.08359375
1 0.47890625 0.2703125 0.11640625 0.1
1 0.06640625 0.2265625 0.04296875 0.05390625
1 0.23359375 0.20859375 0.06171875 0.059375
1 0.8875 0.19375 0.13046875 0.09453125
1 0.74140625 0.18515625 0.11484375 0.0796875
1 0.59765625 0.17109375 0.09453125 0.071875
3 0.4359375 0.12421875 0.19375 0.121875
1 0.92421875 0.16640625 0.121875 0.08515625
1 0.76328125 0.14140625 0.11015625 0.07421875
1 0.61640625 0.1390625 0.08671875 0.06484375
1 0.309375 0.1484375 0.065625 0.05546875
1 0.503125 0.13046875 0.07890625 0.06640625
1 0.23984375 0.1484375 0.05390625 0.04453125
1 0.2984375 0.128125 0.04609375 0.040625
1 0.18828125 0.13984375 0.040625 0.04453125
1 0.2390625 0.11875 0.04453125 0.0484375