1 0.39765625 0.87109375 0.12421875 0.25703125
1 0.24296875 0.86484375 0.11640625 0.21875
1 0.3140625 0.6296875 0.08125 0.13125
1 0.12109375 0.7890625 0.12109375 0.18125
1 0.2296875 0.5703125 0.08203125 0.11640625
1 0.31640625 0.403125 0.04140625 0.07421875
3 0.37421875 0.4 0.09765625 0.2109375
3 0.06796875 0.67421875 0.134375 0.38125
3 0.24609375 0.35 0.13984375 0.2109375
3 0.40859375 0.29921875 0.06796875 0.140625
0 0.45078125 0.23984375 0.03828125 0.09453125
1 0.35078125 0.28671875 0.03671875 0.0515625
1 0.44609375 0.225 0.025 0.040625