1 0.653125 0.6953125 0.12578125 0.2609375
1 0.75 0.04609375 0.03359375 0.040625
1 0.80078125 0.434375 0.10703125 0.16328125
1 0.6328125 0.253125 0.06015625 0.10390625
1 0.77890625 0.06484375 0.03515625 0.0484375
1 0.60390625 0.17109375 0.04453125 0.07421875
1 0.72578125 0.246875 0.06171875 0.10390625
1 0.7078125 0.046875 0.02890625 0.04453125
1 0.84921875 0.0796875 0.040625 0.0515625
1 0.82421875 0.115625 0.04765625 0.0609375
2 0.60234375 0.109375 0.03203125 0.06328125
1 0.86640625 0.15390625 0.05078125 0.06875
1 0.60078125 0.0703125 0.02578125 0.040625
1 0.94609375 0.19375 0.06015625 0.08125
1 0.88828125 0.28203125 0.08203125 0.11328125
1 0.54453125 0.03984375 0.02421875 0.040625
2 0.5890625 0.03203125 0.02734375 0.0609375
1 0.63359375 0.028125 0.02421875 0.0515625
3 0.49765625 0.2953125 0.11640625 0.290625