1 0.41171875 0.51640625 0.04609375 0.06328125
1 0.46171875 0.5109375 0.05234375 0.0703125
1 0.35625 0.578125 0.05234375 0.078125
1 0.540625 0.92265625 0.1125 0.1546875
3 0.2234375 0.82578125 0.41796875 0.3484375
1 0.42890625 0.55546875 0.06015625 0.06484375
1 0.58046875 0.78671875 0.07890625 0.14296875
3 0.3453125 0.64921875 0.171875 0.22578125
1 0.68359375 0.7109375 0.08359375 0.1609375
1 0.3265625 0.51328125 0.08984375 0.05546875
1 0.53828125 0.5046875 0.04296875 0.05546875
1 0.4078125 0.49375 0.07734375 0.0484375
1 0.5265625 0.46640625 0.05859375 0.04453125
1 0.60859375 0.50078125 0.04140625 0.0609375
1 0.6734375 0.478125 0.04140625 0.05703125
1 0.625 0.44140625 0.03984375 0.0484375
1 0.7 0.43125 0.03515625 0.04296875
1 0.66328125 0.42578125 0.03125 0.04453125
1 0.52890625 0.546875 0.07578125 0.06875
1 0.865625 0.71484375 0.1625 0.13125