1 0.36953125 0.4546875 0.11171875 0.1
3 0.54453125 0.20859375 0.13359375 0.12578125
1 0.53359375 0.40703125 0.08984375 0.1
1 0.47734375 0.375 0.08359375 0.09296875
1 0.65078125 0.3140625 0.07109375 0.06640625
1 0.42734375 0.28828125 0.07109375 0.059375
1 0.35 0.3390625 0.08359375 0.071875
1 0.55390625 0.315625 0.08046875 0.07578125
1 0.63359375 0.2234375 0.04609375 0.0484375
1 0.24140625 0.39453125 0.11484375 0.08515625
1 0.09765625 0.45703125 0.13671875 0.09296875
1 0.53203125 0.51875 0.10859375 0.13671875
1 0.63671875 0.26171875 0.06171875 0.05546875
1 0.86796875 0.653125 0.19375 0.15
1 0.79921875 0.86953125 0.253125 0.17578125
2 0.4296875 0.3296875 0.09296875 0.090625
1 0.75703125 0.2765625 0.05859375 0.06875
1 0.37734375 0.73046875 0.209375 0.128125
3 0.22265625 0.91171875 0.44375 0.17578125
1 0.83203125 0.2109375 0.053125 0.04296875
2 0.02265625 0.56328125 0.04375 0.11640625
2 0.35546875 0.85390625 0.284375 0.228125