1 0.0890625 0.4640625 0.14140625 0.1
1 0.12890625 0.50546875 0.13984375 0.0890625
1 0.246875 0.39609375 0.10390625 0.06875
1 0.28046875 0.43125 0.11015625 0.06875
1 0.36171875 0.34140625 0.078125 0.06640625
1 0.38203125 0.371875 0.08984375 0.06875
1 0.39765625 0.29453125 0.0625 0.05390625
1 0.44609375 0.3 0.06015625 0.05390625
1 0.4609375 0.328125 0.06953125 0.06328125
1 0.4578125 0.26328125 0.06171875 0.0515625
1 0.50546875 0.2609375 0.05703125 0.05546875
1 0.5203125 0.2953125 0.06875 0.05546875
1 0.52265625 0.2359375 0.05078125 0.04609375
1 0.5671875 0.23515625 0.05234375 0.05
1 0.58046875 0.26015625 0.05390625 0.05546875
1 0.61796875 0.2390625 0.04765625 0.05
1 0.47578125 0.5734375 0.128125 0.1890625
1 0.78515625 0.2453125 0.05546875 0.05