1 0.628125 0.0984375 0.03125 0.059375
1 0.73359375 0.16484375 0.053125 0.071875
1 0.73984375 0.328125 0.07890625 0.10390625
2 0.63046875 0.340625 0.078125 0.159375
1 0.825 0.50703125 0.13359375 0.1984375
1 0.27265625 0.63359375 0.13359375 0.2109375
2 0.10703125 0.6109375 0.16796875 0.35
1 0.38984375 0.39140625 0.075 0.13125
1 0.50234375 0.37890625 0.07109375 0.13125
1 0.40234375 0.271875 0.05859375 0.0890625
1 0.50859375 0.1890625 0.03984375 0.06875
1 0.46015625 0.15859375 0.0375 0.06640625
2 0.51640625 0.1390625 0.0375 0.071875
1 0.43046875 0.12890625 0.03046875 0.05
1 0.44921875 0.0953125 0.02578125 0.04609375
2 0.52421875 0.0859375 0.02109375 0.0484375