1 0.70390625 0.21015625 0.03359375 0.0515625
1 0.64765625 0.20625 0.03828125 0.05703125
1 0.7265625 0.25625 0.04453125 0.06640625
1 0.4171875 0.60078125 0.09375 0.1703125
2 0.77890625 0.2234375 0.03828125 0.06484375
1 0.6765625 0.33828125 0.05 0.08125
1 0.81640625 0.20703125 0.0375 0.0515625
1 0.41171875 0.3234375 0.05390625 0.08359375
1 0.32421875 0.328125 0.053125 0.08125
1 0.3640625 0.271875 0.04296875 0.06328125
1 0.33046875 0.23359375 0.03828125 0.05703125
1 0.725 0.50703125 0.075 0.121875
1 0.8765625 0.378125 0.071875 0.0890625
1 0.9140625 0.65 0.11640625 0.159375
1 0.75703125 0.76953125 0.109375 0.18125
1 0.4140625 0.190625 0.03203125 0.0515625