1 0.04453125 0.94140625 0.0875 0.11640625
1 0.09765625 0.78125 0.13515625 0.2109375
1 0.17734375 0.64921875 0.078125 0.1515625
1 0.590625 0.90234375 0.121875 0.1953125
1 0.42890625 0.85 0.10078125 0.23125
1 0.21875 0.896875 0.146875 0.20546875
1 0.43671875 0.646875 0.08828125 0.159375
1 0.58203125 0.73984375 0.09609375 0.18359375
1 0.2375 0.51640625 0.08828125 0.140625
1 0.08515625 0.42578125 0.0875 0.09609375
2 0.09453125 0.3484375 0.08203125 0.121875
1 0.35078125 0.5109375 0.078125 0.13359375
1 0.20390625 0.28125 0.05078125 0.0609375
0 0.90078125 0.33203125 0.06171875 0.09453125
1 0.76484375 0.3796875 0.08125 0.08125