1 0.41171875 0.4984375 0.05234375 0.06640625
1 0.46015625 0.49140625 0.05625 0.06640625
1 0.35390625 0.5546875 0.05078125 0.07421875
1 0.4296875 0.6140625 0.06953125 0.09453125
3 0.3234375 0.86640625 0.2625 0.26640625
3 0.43828125 0.6765625 0.23046875 0.31875
1 0.5640625 0.575 0.04765625 0.08359375
1 0.59609375 0.51484375 0.04453125 0.06484375
1 0.42734375 0.5453125 0.065625 0.06640625
1 0.62265625 0.48515625 0.04140625 0.05703125
3 0.54765625 0.4703125 0.090625 0.11875
1 0.65703125 0.4609375 0.0375 0.06328125