1 0.1578125 0.23203125 0.053125 0.03671875
1 0.25078125 0.2234375 0.05390625 0.04296875
1 0.25703125 0.246875 0.034375 0.05546875
1 0.29921875 0.24453125 0.034375 0.0515625
1 0.98203125 0.45390625 0.03515625 0.0609375
1 0.76953125 0.45703125 0.12890625 0.11328125
1 0.925 0.4828125 0.15 0.1125
1 0.33515625 0.29140625 0.04921875 0.0609375
1 0.83125 0.39140625 0.10859375 0.1
1 0.62578125 0.378125 0.08828125 0.08515625
1 0.73359375 0.38359375 0.1 0.0796875
1 0.35234375 0.34453125 0.06015625 0.06484375
1 0.68515625 0.32109375 0.078125 0.06875
1 0.47890625 0.31015625 0.0625 0.0703125
1 0.575 0.31875 0.065625 0.06484375
1 0.59296875 0.2953125 0.06484375 0.06484375
1 0.60703125 0.26875 0.05703125 0.06328125
2 0.50703125 0.24609375 0.06015625 0.09296875
1 0.36796875 0.63515625 0.08203125 0.15546875
1 0.54609375 0.2359375 0.03671875 0.06484375
1 0.39453125 0.23671875 0.04140625 0.05546875
1 0.46171875 0.234375 0.03515625 0.05390625
1 0.23515625 0.74609375 0.09453125 0.22578125
1 0.41953125 0.9578125 0.1171875 0.084375