1 0.67265625 0.31875 0.08515625 0.11640625
1 0.08671875 0.72578125 0.17109375 0.23515625
1 0.8203125 0.24296875 0.065625 0.1109375
1 0.0625 0.44296875 0.12265625 0.11875
1 0.9765625 0.21328125 0.046875 0.0703125
1 0.29921875 0.315625 0.12421875 0.11484375
1 0.0828125 0.5609375 0.16328125 0.1296875
1 0.8109375 0.33359375 0.11328125 0.1109375
1 0.3609375 0.35 0.11953125 0.11875
1 0.86796875 0.38671875 0.134375 0.15390625
1 0.58203125 0.2390625 0.096875 0.08671875
1 0.4171875 0.63828125 0.23671875 0.209375
1 0.7859375 0.64921875 0.19921875 0.20703125
1 0.30703125 0.86953125 0.33671875 0.2609375