1 0.27578125 0.04296875 0.03359375 0.03359375
1 0.67109375 0.74609375 0.20625 0.26484375
2 0.2328125 0.6265625 0.16796875 0.33515625
1 0.4109375 0.309375 0.10234375 0.128125
1 0.33671875 0.04609375 0.03203125 0.03671875
1 0.2390625 0.075 0.03515625 0.03671875
1 0.22734375 0.2640625 0.07421875 0.10546875
1 0.43828125 0.1015625 0.046875 0.05390625
1 0.37734375 0.10546875 0.04765625 0.0515625
1 0.3640625 0.134375 0.04765625 0.05
1 0.11484375 0.134375 0.04375 0.05703125
1 0.74296875 0.2234375 0.09375 0.08515625
1 0.88828125 0.359375 0.14140625 0.11484375
3 0.953125 0.2109375 0.09375 0.20390625
2 0.10078125 0.05625 0.03203125 0.04453125