3 0.47421875 0.49453125 0.075 0.24609375
1 0.63671875 0.84375 0.10390625 0.221875
2 0.609375 0.47890625 0.04140625 0.0984375
3 0.55234375 0.425 0.05703125 0.1390625
1 0.61015625 0.44296875 0.03828125 0.05546875
1 0.6875 0.5109375 0.05390625 0.09453125
1 0.578125 0.39921875 0.02421875 0.04296875
1 0.6234375 0.41796875 0.028125 0.04453125
3 0.496875 0.34453125 0.03125 0.08515625
1 0.56015625 0.34375 0.01484375 0.0203125
1 0.47890625 0.325 0.01328125 0.02421875
1 0.52578125 0.33125 0.01640625 0.0296875