1 0.78828125 0.68828125 0.21015625 0.1890625
1 0.57890625 0.57890625 0.1625 0.14453125
1 0.51015625 0.8453125 0.20703125 0.25703125
1 0.2890625 0.6390625 0.13046875 0.15
1 0.97265625 0.39453125 0.05390625 0.08125
1 0.73359375 0.46796875 0.15 0.1484375
1 0.421875 0.21328125 0.053125 0.03125
2 0.43046875 0.2515625 0.06640625 0.06484375
2 0.31796875 0.34375 0.08046875 0.09609375
3 0.221875 0.26875 0.16171875 0.10546875
1 0.32421875 0.2515625 0.05078125 0.04453125
1 0.97109375 0.2765625 0.05703125 0.06328125