1 0.46953125 0.1546875 0.05859375 0.04453125
1 0.52109375 0.16328125 0.06015625 0.040625
1 0.353125 0.18515625 0.06328125 0.03671875
1 0.36171875 0.20078125 0.06953125 0.04453125
0 0.66640625 0.259375 0.075 0.10390625
1 0.8703125 0.62421875 0.159375 0.21328125
1 0.7140625 0.53046875 0.08125 0.1609375
1 0.709375 0.3765625 0.06953125 0.1109375
1 0.7484375 0.27421875 0.05703125 0.09453125
1 0.78046875 0.22421875 0.04375 0.06875
1 0.73828125 0.921875 0.28046875 0.15546875
1 0.2296875 0.290625 0.09375 0.06875
1 0.5359375 0.74375 0.23125 0.178125
1 0.37734375 0.2296875 0.08359375 0.06875
1 0.64296875 0.16796875 0.06953125 0.05390625
1 0.840625 0.17890625 0.06640625 0.05703125
1 0.1859375 0.75625 0.19296875 0.178125
1 0.0546875 0.26953125 0.075 0.05546875
1 0.84609375 0.1484375 0.065625 0.04609375