1 0.67421875 0.184375 0.02734375 0.040625
1 0.63828125 0.2140625 0.03359375 0.05
1 0.08828125 0.61953125 0.12421875 0.18125
1 0.71953125 0.17890625 0.03046875 0.0515625
1 0.7046875 0.2359375 0.03828125 0.05546875
1 0.64765625 0.24609375 0.0375 0.059375
1 0.296875 0.44921875 0.06953125 0.10703125
1 0.453125 0.4484375 0.06328125 0.1109375
1 0.11015625 0.45703125 0.09453125 0.128125
1 0.78125 0.2484375 0.03828125 0.05
2 0.77890625 0.1890625 0.03671875 0.05546875
1 0.65703125 0.34140625 0.05 0.08359375
1 0.8125 0.303125 0.05078125 0.071875
2 0.49453125 0.2515625 0.03828125 0.078125
1 0.46171875 0.21015625 0.03046875 0.0484375
1 0.80078125 0.471875 0.084375 0.14296875
2 0.41171875 0.20625 0.028125 0.059375