1 0.0453125 0.9453125 0.08828125 0.109375
1 0.09609375 0.7953125 0.140625 0.21484375
1 0.17890625 0.65390625 0.08125 0.15390625
1 0.58984375 0.9046875 0.121875 0.190625
1 0.428125 0.85390625 0.103125 0.2296875
1 0.21953125 0.89921875 0.14609375 0.2015625
1 0.43671875 0.6515625 0.08984375 0.1609375
1 0.584375 0.74609375 0.09375 0.18125
1 0.2375 0.52109375 0.08828125 0.1390625
1 0.28515625 0.725 0.12109375 0.209375
2 0.28515625 0.43984375 0.07421875 0.13671875
1 0.55703125 0.61875 0.06875 0.1609375
2 0.07265625 0.40703125 0.08828125 0.11875
0 0.4984375 0.3359375 0.07265625 0.140625
1 0.421875 0.30625 0.03828125 0.06484375