1 0.4734375 0.2046875 0.05390625 0.078125
1 0.37578125 0.9515625 0.16015625 0.09609375
1 0.5296875 0.2703125 0.06640625 0.12578125
1 0.55703125 0.584375 0.12734375 0.2390625
1 0.64296875 0.28671875 0.06640625 0.12421875
1 0.57265625 0.1765625 0.05 0.07578125
1 0.7859375 0.0796875 0.0375 0.059375
1 0.74921875 0.12109375 0.04765625 0.06640625
1 0.65078125 0.18671875 0.04765625 0.08125
2 0.59140625 0.10078125 0.04609375 0.090625
2 0.815625 0.10859375 0.05 0.08671875
1 0.446875 0.18046875 0.08125 0.06875
1 0.83515625 0.1953125 0.0625 0.0890625
1 0.8234375 0.3046875 0.08515625 0.12578125
1 0.97734375 0.32421875 0.04453125 0.1296875
3 0.49296875 0.1015625 0.13046875 0.16640625