1 0.53046875 0.16015625 0.05703125 0.0390625
2 0.48828125 0.1484375 0.06328125 0.05546875
1 0.43515625 0.178125 0.075 0.0484375
2 0.39453125 0.16484375 0.065625 0.05
1 0.35078125 0.2015625 0.07109375 0.0515625
1 0.29609375 0.19453125 0.06796875 0.04453125
1 0.26484375 0.21796875 0.071875 0.04296875
1 0.21171875 0.21875 0.06328125 0.03671875
1 0.10078125 0.2515625 0.08203125 0.05
0 0.66953125 0.25625 0.07265625 0.1
1 0.04453125 0.33671875 0.0875 0.071875
1 0.6640625 0.17109375 0.06484375 0.0515625
1 0.7640625 0.69375 0.23515625 0.19609375
1 0.44140625 0.6953125 0.2125 0.17421875
1 0.14921875 0.659375 0.21015625 0.14453125
1 0.96640625 0.6703125 0.06640625 0.140625
1 0.9359375 0.8546875 0.128125 0.13359375
1 0.5484375 0.8515625 0.22421875 0.2015625
3 0.728125 0.90078125 0.54375 0.1984375
1 0.71796875 0.5109375 0.090625 0.1796875
1 0.71640625 0.39453125 0.06953125 0.1203125
1 0.74921875 0.325 0.05703125 0.10703125
1 0.76875 0.28046875 0.05546875 0.08671875
1 0.7984375 0.2296875 0.05 0.071875
1 0.8171875 0.2 0.05 0.06875
1 0.828125 0.17578125 0.040625 0.059375
1 0.03515625 0.81171875 0.06875 0.15546875