1 0.721875 0.1953125 0.02421875 0.03359375
1 0.56015625 0.94921875 0.09375 0.1015625
1 0.55390625 0.725 0.08203125 0.16640625
1 0.409375 0.7765625 0.09140625 0.171875
1 0.446875 0.584375 0.07265625 0.14609375
1 0.27734375 0.78203125 0.10546875 0.1890625
1 0.325 0.6203125 0.07890625 0.12578125
1 0.1921875 0.67890625 0.1 0.14453125
1 0.36015625 0.50859375 0.06484375 0.09609375
1 0.26484375 0.53125 0.071875 0.1015625
1 0.39375 0.43671875 0.05390625 0.071875
1 0.3109375 0.44375 0.053125 0.08125
1 0.3953125 0.3796875 0.03984375 0.059375
1 0.33515625 0.3765625 0.040625 0.06640625
1 0.3578125 0.34609375 0.0375 0.05703125
1 0.37265625 0.315625 0.03125 0.05546875
3 0.41875 0.2984375 0.05703125 0.1296875
3 0.04453125 0.71875 0.08671875 0.33515625
3 0.16171875 0.46875 0.16796875 0.240625
3 0.278125 0.3203125 0.09140625 0.1390625
3 0.3453125 0.25390625 0.08203125 0.11640625
3 0.42578125 0.24375 0.046875 0.08125
1 0.95 0.31796875 0.06875 0.0484375
0 0.43359375 0.225 0.06484375 0.07421875
1 0.79140625 0.41328125 0.07109375 0.0703125
1 0.9828125 0.58515625 0.034375 0.071875