1 0.375 0.703125 0.11484375 0.228125
1 0.62734375 0.1953125 0.03203125 0.05
1 0.23359375 0.4296875 0.08046875 0.10703125
1 0.340625 0.44921875 0.07421875 0.11328125
1 0.47421875 0.3640625 0.053125 0.08671875
1 0.30546875 0.334375 0.05390625 0.078125
1 0.3765625 0.34375 0.05234375 0.0796875
1 0.6421875 0.26953125 0.04296875 0.07421875
1 0.73125 0.2984375 0.05 0.08515625
1 0.49296875 0.26328125 0.0375 0.0609375
1 0.7046875 0.5203125 0.08671875 0.159375
1 0.865625 0.36796875 0.06484375 0.0890625
1 0.49453125 0.20859375 0.02890625 0.0484375
0 0.4421875 0.2015625 0.03984375 0.10703125
1 0.3953125 0.2015625 0.03515625 0.05546875
1 0.978125 0.409375 0.04375 0.09609375