1 0.05703125 0.6859375 0.1125 0.18125
1 0.19765625 0.74375 0.13984375 0.2109375
1 0.42890625 0.54140625 0.08125 0.13671875
1 0.1953125 0.48984375 0.08671875 0.1203125
1 0.2984375 0.50703125 0.084375 0.1203125
1 0.6328125 0.21484375 0.03359375 0.05546875
1 0.70390625 0.2359375 0.040625 0.06328125
1 0.46953125 0.35078125 0.04921875 0.08125
1 0.66796875 0.35703125 0.05859375 0.10546875
1 0.80078125 0.27890625 0.04453125 0.06640625
1 0.48203125 0.26796875 0.0375 0.06328125
0 0.41171875 0.26796875 0.05078125 0.1296875
1 0.35078125 0.2640625 0.04453125 0.06484375
1 0.87578125 0.28203125 0.05234375 0.06328125
1 0.35 0.203125 0.03125 0.04453125
1 0.41640625 0.19375 0.03125 0.0390625