1 0.3390625 0.80390625 0.12421875 0.228125
1 0.63671875 0.22109375 0.034375 0.06484375
1 0.73515625 0.18515625 0.02890625 0.04453125
1 0.41875 0.47109375 0.06796875 0.11640625
0 0.2609375 0.534375 0.12265625 0.29609375
1 0.15 0.51953125 0.1 0.14453125
1 0.76953125 0.1734375 0.03125 0.040625
1 0.20546875 0.35546875 0.06484375 0.08359375
1 0.32578125 0.32109375 0.05625 0.07421875
1 0.321875 0.24375 0.03828125 0.0515625
1 0.68515625 0.4609375 0.07109375 0.0984375
1 0.84765625 0.55390625 0.1 0.13671875
1 0.915625 0.41875 0.06953125 0.1015625
1 0.76171875 0.8140625 0.12734375 0.19609375