1 0.30703125 0.8359375 0.13671875 0.228125
1 0.71484375 0.1796875 0.03046875 0.04453125
1 0.2890625 0.52421875 0.09609375 0.13671875
1 0.70234375 0.26171875 0.03828125 0.0609375
1 0.1234375 0.44609375 0.09296875 0.12421875
1 0.48984375 0.2703125 0.0375 0.0609375
1 0.66015625 0.346875 0.053125 0.08359375
1 0.78828125 0.38125 0.06953125 0.10703125
2 0.44609375 0.2265625 0.0375 0.059375
2 0.34296875 0.2015625 0.04375 0.08125
1 0.51484375 0.20078125 0.03046875 0.0515625
1 0.81015625 0.8796875 0.15703125 0.19609375