1 0.725 0.4109375 0.10703125 0.1109375
2 0.60703125 0.26171875 0.05859375 0.08515625
2 0.65078125 0.30390625 0.06796875 0.08671875
1 0.9515625 0.57578125 0.096875 0.1578125
1 0.74453125 0.353125 0.08515625 0.09453125
1 0.86640625 0.40390625 0.11953125 0.11484375
1 0.9703125 0.46640625 0.059375 0.09296875
1 0.30859375 0.2 0.05546875 0.04453125
1 0.6140625 0.20078125 0.06171875 0.03671875
1 0.8 0.221875 0.053125 0.0484375
3 0.12578125 0.43671875 0.24921875 0.26640625
1 0.75859375 0.1859375 0.04375 0.03515625
1 0.88828125 0.225 0.06328125 0.05
1 0.3359375 0.89765625 0.25625 0.2046875
1 0.0859375 0.746875 0.16953125 0.1703125