1 0.4859375 0.12109375 0.04140625 0.05546875
1 0.6921875 0.890625 0.16484375 0.178125
1 0.50390625 0.590625 0.1 0.221875
1 0.66640625 0.05078125 0.021875 0.04296875
2 0.80546875 0.49140625 0.14140625 0.28515625
1 0.64921875 0.06015625 0.02578125 0.03671875
1 0.71796875 0.06875 0.03046875 0.04609375
1 0.60859375 0.19609375 0.04453125 0.07578125
1 0.7046875 0.1 0.03671875 0.0484375
1 0.77109375 0.134375 0.04765625 0.0609375
1 0.52890625 0.1796875 0.04609375 0.06328125
1 0.5640625 0.06875 0.01875 0.03515625
1 0.8421875 0.30390625 0.08046875 0.08671875
1 0.9046875 0.2546875 0.06953125 0.109375