1 0.54140625 0.45703125 0.13515625 0.15546875
1 0.2828125 0.046875 0.03203125 0.03671875
1 0.18671875 0.05078125 0.028125 0.040625
1 0.34296875 0.05 0.03203125 0.03671875
1 0.28046875 0.32578125 0.0875 0.1296875
1 0.41015625 0.06875 0.03984375 0.03671875
2 0.4125 0.09609375 0.040625 0.059375
1 0.10703125 0.140625 0.03984375 0.0703125
1 0.17578125 0.125 0.03828125 0.05390625
1 0.47890625 0.16015625 0.05703125 0.059375
1 0.5 0.21640625 0.07265625 0.06484375
2 0.57265625 0.13046875 0.07265625 0.0703125
1 0.084375 0.5796875 0.10390625 0.17578125
1 0.02421875 0.125 0.04609375 0.0484375
1 0.61640625 0.221875 0.09765625 0.1015625
2 0.78828125 0.24140625 0.090625 0.10546875
1 0.06640625 0.08984375 0.03125 0.0390625