0 0.5921875 0.65078125 0.29140625 0.259375
3 0.8328125 0.11875 0.23125 0.1
1 0.7375 0.1796875 0.06328125 0.05390625
1 0.01875 0.453125 0.03515625 0.09453125
1 0.1671875 0.35703125 0.125 0.12421875
1 0.21484375 0.42890625 0.14140625 0.11875
1 0.05859375 0.5859375 0.115625 0.15546875
1 0.6859375 0.14375 0.078125 0.05
1 0.625 0.1640625 0.07578125 0.05546875
1 0.58515625 0.19296875 0.07890625 0.0609375
1 0.3890625 0.3109375 0.12265625 0.08671875
1 0.41015625 0.35625 0.12734375 0.0890625
1 0.32890625 0.45859375 0.15859375 0.13515625
1 0.5703125 0.14921875 0.071875 0.059375
1 0.459375 0.18984375 0.08828125 0.0609375
2 0.6171875 0.228125 0.109375 0.09296875
1 0.584375 0.3015625 0.11484375 0.08359375
1 0.43984375 0.16171875 0.07734375 0.05390625
1 0.65234375 0.353125 0.115625 0.09453125
3 0.88828125 0.15 0.22265625 0.121875
3 0.88046875 0.1765625 0.23828125 0.13125
1 0.29609375 0.18359375 0.08828125 0.05546875
1 0.24140625 0.25390625 0.1125 0.08125
1 0.80703125 0.26796875 0.09453125 0.078125
1 0.2453125 0.2203125 0.09453125 0.059375
1 0.89453125 0.29140625 0.11171875 0.08125
1 0.08125 0.240625 0.09765625 0.059375