1 0.67890625 0.1796875 0.03046875 0.04453125
2 0.63671875 0.209375 0.03515625 0.06640625
1 0.10234375 0.58125 0.12578125 0.20390625
1 0.0296875 0.55859375 0.05703125 0.13515625
2 0.26015625 0.553125 0.1125 0.2296875
1 0.76484375 0.2109375 0.03828125 0.05546875
1 0.27578125 0.3796875 0.06875 0.10390625
1 0.284375 0.265625 0.04453125 0.05703125
1 0.69609375 0.49609375 0.071875 0.11875
1 0.8765625 0.578125 0.09140625 0.128125
1 0.92890625 0.45390625 0.09375 0.109375
1 0.95078125 0.33203125 0.071875 0.10390625
1 0.46171875 0.20859375 0.03203125 0.0515625
1 0.51328125 0.20625 0.03359375 0.05390625
1 0.8203125 0.92578125 0.15703125 0.1484375