1 0.85859375 0.37109375 0.13984375 0.13359375
1 0.71015625 0.32890625 0.10390625 0.09296875
1 0.57421875 0.271875 0.084375 0.08671875
2 0.4703125 0.234375 0.06796875 0.06875
2 0.30703125 0.50078125 0.1125 0.16328125
1 0.37734375 0.20859375 0.05078125 0.04453125
1 0.60625 0.3390625 0.09453125 0.0890625
2 0.80703125 0.75859375 0.265625 0.328125
1 0.57265625 0.59453125 0.15390625 0.1703125
3 0.38125 0.315625 0.18203125 0.20546875
1 0.921875 0.56015625 0.15625 0.2
1 0.62890625 0.515625 0.165625 0.15
1 0.41484375 0.4734375 0.11328125 0.13125
2 0.81015625 0.58515625 0.16875 0.21484375
1 0.953125 0.73203125 0.09375 0.16640625
1 0.75390625 0.46953125 0.153125 0.12421875
1 0.57421875 0.38046875 0.1125 0.10390625
1 0.2671875 0.33984375 0.06796875 0.09453125
1 0.3359375 0.4046875 0.07421875 0.1015625
1 0.471875 0.32578125 0.08359375 0.0984375
1 0.27734375 0.28359375 0.04375 0.0609375