1 0.67421875 0.17578125 0.02890625 0.04296875
1 0.62890625 0.1765625 0.02890625 0.04453125
1 0.73359375 0.184375 0.02734375 0.04453125
1 0.63203125 0.225 0.03359375 0.0515625
1 0.7484375 0.21171875 0.03671875 0.05
2 0.40859375 0.48984375 0.08203125 0.16640625
1 0.4078125 0.31875 0.05078125 0.078125
1 0.71171875 0.2703125 0.046875 0.08359375
2 0.32578125 0.31875 0.046875 0.09609375
1 0.82421875 0.31640625 0.05390625 0.071875
1 0.39140625 0.24453125 0.03359375 0.0515625
1 0.809375 0.4515625 0.07734375 0.10703125
1 0.42421875 0.190625 0.03046875 0.040625
1 0.76484375 0.72109375 0.10703125 0.1703125
1 0.95234375 0.8796875 0.09453125 0.240625