1 0.57734375 0.18046875 0.02421875 0.040625
1 0.05234375 0.97109375 0.103125 0.05703125
1 0.02109375 0.65625 0.040625 0.1484375
3 0.17421875 0.371875 0.20078125 0.29453125
1 0.69296875 0.2234375 0.034375 0.0515625
1 0.60546875 0.24375 0.034375 0.0609375
1 0.43984375 0.79609375 0.10078125 0.2296875
1 0.50078125 0.209375 0.034375 0.05546875
1 0.69140625 0.29453125 0.04765625 0.059375
2 0.75546875 0.25546875 0.053125 0.078125
1 0.3265625 0.36640625 0.05703125 0.0890625
1 0.37890625 0.25546875 0.040625 0.06484375
2 0.27109375 0.88046875 0.11953125 0.2390625
1 0.7 0.44375 0.06484375 0.11328125
1 0.2953125 0.2609375 0.03359375 0.06328125
1 0.35703125 0.21484375 0.0375 0.06640625
2 0.32265625 0.20625 0.03359375 0.06484375
1 0.89765625 0.72421875 0.13203125 0.18359375
1 0.92578125 0.46015625 0.09375 0.0984375