1 0.909375 0.75078125 0.18125 0.23671875
0 0.66328125 0.26484375 0.07265625 0.10703125
1 0.72109375 0.50078125 0.078125 0.16875
1 0.47109375 0.15390625 0.03203125 0.040625
1 0.4296875 0.1609375 0.034375 0.0390625
1 0.45078125 0.140625 0.02890625 0.03515625
1 0.49140625 0.1359375 0.02890625 0.03671875
1 0.47109375 0.1265625 0.028125 0.03359375
1 0.56015625 0.14140625 0.0375 0.0390625
1 0.63671875 0.13125 0.03984375 0.04453125
1 0.6109375 0.1796875 0.04375 0.04453125
1 0.04921875 0.265625 0.05078125 0.0515625
1 0.509375 0.1765625 0.04453125 0.040625
1 0.5390625 0.18828125 0.05 0.05
2 0.06328125 0.27421875 0.07265625 0.07578125
2 0.40390625 0.1546875 0.034375 0.0484375
1 0.42890625 0.26171875 0.06328125 0.059375
2 0.225 0.18984375 0.04375 0.05390625
1 0.378125 0.25078125 0.0625 0.05390625
1 0.27734375 0.365625 0.11015625 0.1
1 0.34140625 0.171875 0.04609375 0.04296875
2 0.18046875 0.58203125 0.128125 0.16640625
1 0.05703125 0.45546875 0.1125 0.10546875
1 0.434375 0.1296875 0.03515625 0.040625