3 0.94609375 0.67109375 0.10703125 0.45
0 0.48515625 0.45 0.246875 0.30546875
1 0.20703125 0.396875 0.10546875 0.109375
1 0.09765625 0.3359375 0.08125 0.08671875
3 0.03671875 0.28125 0.07109375 0.14453125
1 0.74140625 0.32578125 0.16484375 0.12578125
3 0.48984375 0.234375 0.28046875 0.19453125
3 0.7296875 0.2140625 0.34453125 0.228125
1 0.28203125 0.234375 0.06796875 0.06875
3 0.33359375 0.1796875 0.1875 0.1390625
1 0.215625 0.22421875 0.06875 0.06484375
3 0.16796875 0.15859375 0.15625 0.09453125
2 0.78671875 0.4890625 0.2 0.228125
1 0.55078125 0.42890625 0.1625 0.14609375
2 0.396875 0.36015625 0.11796875 0.140625
1 0.27265625 0.33984375 0.10546875 0.1015625
3 0.15078125 0.27578125 0.184375 0.171875