1 0.415625 0.90078125 0.17890625 0.1984375
1 0.5296875 0.47890625 0.084375 0.14609375
1 0.40390625 0.50546875 0.08828125 0.140625
1 0.68984375 0.8 0.13828125 0.30703125
1 0.56015625 0.325 0.05625 0.090625
1 0.64921875 0.36171875 0.06015625 0.10703125
1 0.57734375 0.2390625 0.05 0.071875
1 0.87578125 0.29140625 0.06875 0.0890625
1 0.59765625 0.18671875 0.0375 0.05546875
1 0.65078125 0.2015625 0.03515625 0.06484375
1 0.59921875 0.15546875 0.02890625 0.04296875
3 0.49296875 0.18828125 0.12890625 0.15703125