1 0.684375 0.18203125 0.028125 0.040625
1 0.74296875 0.18125 0.03125 0.0390625
1 0.6453125 0.23671875 0.03359375 0.059375
2 0.7171875 0.240625 0.034375 0.07578125
1 0.78828125 0.1796875 0.03125 0.04609375
2 0.10703125 0.4453125 0.11171875 0.16875
1 0.759375 0.22109375 0.0375 0.059375
1 0.38046875 0.34609375 0.053125 0.08125
1 0.8359375 0.22890625 0.03828125 0.04609375
1 0.67890625 0.384375 0.05625 0.0890625
2 0.80078125 0.428125 0.06953125 0.128125
1 0.39296875 0.22890625 0.03125 0.05390625
1 0.7671875 0.66796875 0.10234375 0.1609375
1 0.93046875 0.4015625 0.07890625 0.10703125
2 0.51875 0.18828125 0.02421875 0.059375