1 0.67578125 0.1796875 0.02890625 0.0484375
1 0.62890625 0.20625 0.03359375 0.05546875
1 0.04375 0.565625 0.08515625 0.140625
1 0.33984375 0.76171875 0.11640625 0.20703125
2 0.1453125 0.56484375 0.11796875 0.18671875
1 0.73515625 0.20078125 0.03359375 0.05
1 0.78046875 0.178125 0.03125 0.04609375
1 0.7171875 0.24609375 0.03828125 0.0609375
1 0.66328125 0.26484375 0.03828125 0.06328125
1 0.79765625 0.2640625 0.04765625 0.078125
1 0.64765625 0.34296875 0.05 0.0796875
1 0.74375 0.30859375 0.04609375 0.071875
1 0.40625 0.3359375 0.046875 0.078125
1 0.7109375 0.55703125 0.08515625 0.1484375
1 0.9046875 0.63984375 0.11796875 0.15390625
2 0.95859375 0.48671875 0.08203125 0.140625
1 0.97421875 0.36015625 0.05078125 0.0796875