1 0.63203125 0.11953125 0.03515625 0.05546875
1 0.68203125 0.1296875 0.03671875 0.05390625
1 0.659375 0.1765625 0.03828125 0.05546875
1 0.69296875 0.23359375 0.05234375 0.090625
1 0.62109375 0.27578125 0.05703125 0.09609375
1 0.79453125 0.27890625 0.065625 0.1015625
1 0.77109375 0.42890625 0.10546875 0.16484375
1 0.7140625 0.69296875 0.15859375 0.26328125
1 0.940625 0.69921875 0.07265625 0.23359375
1 0.32421875 0.23046875 0.05234375 0.07421875
1 0.30625 0.60703125 0.13125 0.20390625
1 0.38046875 0.24921875 0.05078125 0.0796875
1 0.36328125 0.3546875 0.08046875 0.11484375
2 0.45 0.16796875 0.03984375 0.08125
1 0.5109375 0.15859375 0.03984375 0.05703125
1 0.43359375 0.1234375 0.02890625 0.0484375
1 0.52578125 0.11171875 0.02734375 0.040625
1 0.471875 0.0953125 0.02734375 0.040625