1 0.28671875 0.425 0.07578125 0.11875
3 0.04921875 0.64140625 0.096875 0.43515625
1 0.1671875 0.76875 0.16171875 0.2515625
1 0.31171875 0.2484375 0.05234375 0.078125
1 0.3765625 0.23515625 0.04453125 0.07578125
1 0.56015625 0.16171875 0.02734375 0.0484375
1 0.39140625 0.3109375 0.05859375 0.09296875
1 0.47421875 0.26171875 0.04609375 0.06640625
1 0.62265625 0.190625 0.0375 0.071875
1 0.40234375 0.21328125 0.034375 0.06484375
1 0.48125 0.21484375 0.03671875 0.0609375
1 0.440625 0.1765625 0.03125 0.0515625
1 0.49140625 0.16796875 0.02890625 0.0484375
3 0.4046875 0.1265625 0.05 0.1