1 0.271875 0.875 0.21328125 0.25
1 0.51875 0.5484375 0.10625 0.14453125
1 0.6828125 0.34453125 0.07109375 0.0796875
1 0.340625 0.61171875 0.13046875 0.16875
1 0.51484375 0.42421875 0.09140625 0.10546875
1 0.4609375 0.31953125 0.07890625 0.059375
1 0.51953125 0.28515625 0.06875 0.05390625
1 0.5765625 0.25546875 0.05859375 0.0515625
1 0.61640625 0.23515625 0.05 0.0484375
1 0.38046875 0.36171875 0.090625 0.07421875
1 0.2453125 0.3859375 0.10703125 0.078125
1 0.3625 0.33515625 0.08359375 0.06875
1 0.44765625 0.29609375 0.06953125 0.059375
2 0.50546875 0.259375 0.06171875 0.059375
1 0.56796875 0.22578125 0.05390625 0.0515625
1 0.51953125 0.2265625 0.05234375 0.04609375
1 0.08359375 0.76875 0.165625 0.24453125
1 0.08671875 0.44921875 0.140625 0.1
1 0.28203125 0.4265625 0.109375 0.08359375
1 0.44453125 0.38125 0.090625 0.11328125
1 0.95859375 0.675 0.08203125 0.1390625
1 0.61484375 0.28046875 0.06328125 0.06875
1 0.12578125 0.50078125 0.14375 0.10703125
1 0.4609375 0.25390625 0.06484375 0.0484375
1 0.65625 0.31015625 0.06875 0.071875
1 0.38125 0.28984375 0.06953125 0.0484375
1 0.75078125 0.23125 0.05390625 0.0484375
1 0.83359375 0.2203125 0.05 0.0484375