1 0.709375 0.840625 0.16640625 0.2984375
1 0.6390625 0.43203125 0.096875 0.15703125
1 0.759375 0.0546875 0.03046875 0.04453125
2 0.62734375 0.2640625 0.05703125 0.1203125
1 0.78359375 0.0734375 0.03203125 0.0484375
1 0.6265625 0.1765625 0.04453125 0.06640625
1 0.82578125 0.06875 0.03828125 0.0484375
1 0.725 0.07890625 0.03515625 0.05
1 0.5359375 0.09375 0.03203125 0.05703125
2 0.59921875 0.09296875 0.03671875 0.07421875
1 0.690625 0.15625 0.046875 0.07578125
2 0.84921875 0.13125 0.05859375 0.08671875
1 0.52265625 0.221875 0.06328125 0.0796875
1 0.57578125 0.06953125 0.025 0.05
1 0.93515625 0.2234375 0.08125 0.090625
1 0.64453125 0.05859375 0.034375 0.05390625
3 0.46171875 0.475 0.17421875 0.4796875