1 0.7546875 0.175 0.0375 0.05390625
1 0.6484375 0.23046875 0.040625 0.06875
1 0.19921875 0.45390625 0.1 0.1515625
1 0.37890625 0.35078125 0.05859375 0.09453125
1 0.45234375 0.359375 0.06171875 0.09609375
1 0.77421875 0.36015625 0.06796875 0.1
1 0.6828125 0.35625 0.05859375 0.090625
1 0.84375 0.296875 0.05859375 0.06875
1 0.8515625 0.21484375 0.04765625 0.0609375
1 0.703125 0.50703125 0.08203125 0.13515625
2 0.3734375 0.25390625 0.053125 0.090625
2 0.2984375 0.21875 0.04765625 0.0796875
1 0.36796875 0.21875 0.04375 0.05703125
1 0.85546875 0.5234375 0.09296875 0.13515625
1 0.49609375 0.215625 0.0375 0.06875
1 0.934375 0.42890625 0.09140625 0.13359375
1 0.44765625 0.17578125 0.03046875 0.0484375