0 0.59296875 0.64609375 0.29375 0.2515625
1 0.765625 0.13515625 0.04765625 0.05390625
1 0.71328125 0.159375 0.05078125 0.0484375
1 0.6609375 0.17109375 0.05 0.0609375
1 0.10234375 0.41484375 0.15546875 0.12421875
1 0.11328125 0.471875 0.15546875 0.128125
1 0.6625 0.13828125 0.05703125 0.05703125
1 0.54375 0.17578125 0.07734375 0.05703125
2 0.35859375 0.290625 0.12734375 0.1109375
1 0.36953125 0.36484375 0.13125 0.0984375
1 0.54921875 0.15 0.071875 0.05390625
1 0.18515625 0.51953125 0.16328125 0.15
3 0.86875 0.14609375 0.23359375 0.10546875
3 0.6703125 0.20625 0.25390625 0.1484375
1 0.42734375 0.165625 0.08828125 0.05546875
1 0.45546875 0.2046875 0.10546875 0.07578125
1 0.58828125 0.31171875 0.11015625 0.09453125
1 0.378125 0.20078125 0.08046875 0.05703125
1 0.51171875 0.390625 0.14921875 0.11640625
1 0.2421875 0.21171875 0.09140625 0.05546875
1 0.221875 0.25703125 0.10859375 0.08359375
1 0.2921875 0.184375 0.08125 0.05703125
1 0.78984375 0.2890625 0.10703125 0.07421875
1 0.14296875 0.20078125 0.07734375 0.05
1 0.08984375 0.22890625 0.09375 0.06875
1 0.96171875 0.2546875 0.07578125 0.07421875
1 0.11796875 0.1859375 0.09140625 0.05546875