1 0.51328125 0.20390625 0.03984375 0.0703125
1 0.63984375 0.51953125 0.10390625 0.19453125
2 0.571875 0.29375 0.09140625 0.140625
1 0.59296875 0.23515625 0.05546875 0.090625
1 0.6453125 0.03671875 0.02578125 0.0296875
1 0.74921875 0.3890625 0.109375 0.18671875
1 0.68984375 0.04609375 0.02890625 0.03671875
1 0.61640625 0.140625 0.04453125 0.07578125
3 0.51328125 0.05703125 0.04375 0.1109375
1 0.75078125 0.07578125 0.03828125 0.0515625
1 0.56171875 0.06953125 0.02421875 0.03515625
1 0.61953125 0.08828125 0.03359375 0.04453125
1 0.81171875 0.24140625 0.07578125 0.1
1 0.5859375 0.05703125 0.02734375 0.04609375
3 0.45390625 0.4734375 0.16875 0.51484375