1 0.440625 0.79609375 0.09921875 0.2203125
1 0.50234375 0.209375 0.034375 0.05390625
2 0.28515625 0.82890625 0.12421875 0.24609375
1 0.02578125 0.84453125 0.04921875 0.16875
1 0.4671875 0.21484375 0.03203125 0.05390625
3 0.04375 0.5015625 0.08515625 0.23671875
2 0.434375 0.209375 0.034375 0.0703125
1 0.16328125 0.55390625 0.109375 0.16640625
1 0.60703125 0.17578125 0.03046875 0.0390625
1 0.64765625 0.2046875 0.03125 0.0484375
1 0.57265625 0.196875 0.02578125 0.04609375
3 0.67265625 0.15703125 0.06015625 0.10703125
1 0.21171875 0.396875 0.07421875 0.1
1 0.30390625 0.29921875 0.04765625 0.0703125
1 0.60078125 0.2609375 0.03671875 0.05390625
1 0.67421875 0.296875 0.046875 0.06484375
3 0.25703125 0.2453125 0.11171875 0.15
1 0.63828125 0.4109375 0.05625 0.09296875
1 0.77578125 0.46640625 0.090625 0.1296875
1 0.4015625 0.20625 0.02734375 0.0515625
1 0.36484375 0.1953125 0.03125 0.04453125
3 0.8734375 0.86171875 0.253125 0.27578125