0 0.66640625 0.284375 0.06953125 0.1015625
1 0.75703125 0.88671875 0.28828125 0.22578125
1 0.30078125 0.5265625 0.07890625 0.1609375
1 0.3859375 0.31875 0.034375 0.071875
1 0.46796875 0.596875 0.125 0.190625
1 0.3 0.34609375 0.04375 0.078125
1 0.2984375 0.14453125 0.03046875 0.0296875
1 0.30078125 0.159375 0.025 0.03671875
1 0.6625 0.61640625 0.16953125 0.2109375
1 0.47421875 0.44140625 0.078125 0.12421875
1 0.37734375 0.25078125 0.040625 0.05703125
3 0.33046875 0.21796875 0.08125 0.15546875
3 0.2203125 0.271875 0.1375 0.171875
3 0.2453125 0.1953125 0.0875 0.09453125
1 0.46953125 0.3265625 0.04609375 0.10546875
1 0.42890625 0.22109375 0.034375 0.0609375
1 0.48046875 0.221875 0.034375 0.0484375
1 0.4953125 0.184375 0.028125 0.040625
1 0.44921875 0.16640625 0.025 0.03671875
3 0.38203125 0.1453125 0.04765625 0.090625
3 0.11796875 0.27890625 0.16015625 0.16328125
1 0.12578125 0.4046875 0.08828125 0.0984375
1 0.4265625 0.27109375 0.03359375 0.05546875
1 0.48984375 0.1453125 0.028125 0.0484375
1 0.52578125 0.1453125 0.03359375 0.04296875
3 0.06796875 0.5109375 0.134375 0.2984375