1 0.58359375 0.11015625 0.03046875 0.05546875
1 0.69140625 0.11875 0.03203125 0.05390625
1 0.65625 0.171875 0.03828125 0.071875
1 0.6015625 0.196875 0.04921875 0.0796875
1 0.73828125 0.1984375 0.05078125 0.071875
1 0.61640625 0.28515625 0.05546875 0.09296875
1 0.72109375 0.28671875 0.06484375 0.1
1 0.78828125 0.44609375 0.10234375 0.1703125
1 0.915625 0.4265625 0.11015625 0.1484375
1 0.7796875 0.80703125 0.16796875 0.2515625
1 0.325 0.22578125 0.05078125 0.071875
1 0.11953125 0.6765625 0.15703125 0.20703125
2 0.35 0.38359375 0.08046875 0.1703125
1 0.40703125 0.828125 0.14296875 0.2796875
1 0.36484375 0.18203125 0.06953125 0.05546875
1 0.50078125 0.2890625 0.05625 0.0984375
1 0.45 0.171875 0.040625 0.06328125
1 0.5109375 0.1640625 0.03671875 0.0703125
1 0.51484375 0.1203125 0.03046875 0.04609375