1 0.33359375 0.765625 0.09765625 0.171875
1 0.35703125 0.53125 0.06484375 0.09296875
1 0.39609375 0.4640625 0.046875 0.08125
1 0.5140625 0.66796875 0.08203125 0.13515625
1 0.59921875 0.38828125 0.03828125 0.0609375
2 0.40546875 0.38203125 0.04140625 0.08125
1 0.48046875 0.45078125 0.04609375 0.07421875
1 0.4734375 0.37421875 0.03515625 0.05703125
1 0.46015625 0.33203125 0.02734375 0.04296875
1 0.4078125 0.3546875 0.028125 0.05390625
1 0.41328125 0.3203125 0.02421875 0.03125
2 0.74453125 0.396875 0.03828125 0.06640625