1 0.63984375 0.196875 0.03359375 0.04609375
1 0.71171875 0.19296875 0.03125 0.0484375
1 0.24453125 0.64140625 0.10625 0.1703125
1 0.33359375 0.30078125 0.05 0.06640625
1 0.71796875 0.23046875 0.034375 0.05
1 0.25234375 0.47421875 0.08828125 0.121875
1 0.8 0.18046875 0.03203125 0.04296875
1 0.78203125 0.378125 0.06015625 0.09296875
1 0.49375 0.265625 0.0375 0.06328125
1 0.43671875 0.23828125 0.03984375 0.05546875
1 0.33828125 0.21015625 0.04140625 0.0609375
1 0.75390625 0.6734375 0.11796875 0.21328125
1 0.51484375 0.19375 0.03046875 0.04609375
1 0.44921875 0.18828125 0.034375 0.05546875
1 0.97265625 0.378125 0.05390625 0.08359375
1 0.97734375 0.54609375 0.04453125 0.11484375