1 0.63984375 0.4046875 0.0875 0.1484375
1 0.61484375 0.20625 0.05 0.08359375
1 0.815625 0.51328125 0.13046875 0.2
1 0.7578125 0.06953125 0.0375 0.05
1 0.54921875 0.18515625 0.04609375 0.078125
2 0.60703125 0.13828125 0.0375 0.07578125
1 0.7046875 0.21640625 0.06171875 0.09453125
1 0.815625 0.0890625 0.03515625 0.05546875
1 0.53671875 0.12890625 0.03984375 0.0609375
1 0.67265625 0.1390625 0.05078125 0.07421875
1 0.57734375 0.0953125 0.03671875 0.06328125
2 0.65390625 0.0859375 0.03359375 0.06875
1 0.85078125 0.153125 0.05703125 0.078125
1 0.61640625 0.06015625 0.028125 0.05390625
1 0.93671875 0.153125 0.06171875 0.08125
1 0.9578125 0.27890625 0.084375 0.1078125
1 0.63359375 0.04453125 0.021875 0.04296875
3 0.45703125 0.58203125 0.21875 0.6703125