1 0.67421875 0.31484375 0.08515625 0.11640625
1 0.08671875 0.72578125 0.17109375 0.2390625
1 0.81953125 0.24140625 0.06171875 0.11328125
1 0.06015625 0.4359375 0.11796875 0.15
1 0.97109375 0.20625 0.05703125 0.08125
1 0.22890625 0.409375 0.15625 0.14296875
1 0.7703125 0.36328125 0.13046875 0.121875
1 0.79296875 0.465625 0.16484375 0.1609375
1 0.53984375 0.25859375 0.11015625 0.09453125
3 0.57890625 0.15859375 0.23359375 0.17421875
1 0.36640625 0.68828125 0.246875 0.21875
1 0.6421875 0.825 0.25546875 0.278125
1 0.72890625 0.16328125 0.08046875 0.0890625