1 0.1828125 0.4796875 0.06875 0.1203125
1 0.49375 0.759375 0.15625 0.25
1 0.7953125 0.8015625 0.23671875 0.31484375
1 0.42578125 0.5296875 0.09765625 0.13671875
1 0.89296875 0.78125 0.18125 0.23515625
1 0.675 0.33203125 0.06328125 0.06640625
1 0.58984375 0.56015625 0.12265625 0.14609375
1 0.11640625 0.728125 0.12734375 0.23125
1 0.8046875 0.403125 0.08359375 0.07578125
1 0.57578125 0.44375 0.090625 0.11640625
3 0.39140625 0.34375 0.11015625 0.18671875
1 0.86484375 0.5046875 0.12265625 0.11328125
3 0.971875 0.428125 0.05625 0.175