1 0.39375 0.88203125 0.12578125 0.23515625
1 0.2296875 0.89609375 0.12109375 0.20703125
1 0.3078125 0.64453125 0.08125 0.13515625
1 0.10234375 0.82421875 0.13359375 0.190625
1 0.22109375 0.590625 0.08515625 0.11640625
1 0.31015625 0.41015625 0.040625 0.078125
3 0.37109375 0.4109375 0.10234375 0.2203125
3 0.06171875 0.6765625 0.12109375 0.34609375
3 0.240625 0.3609375 0.14296875 0.21328125
3 0.40703125 0.30390625 0.06875 0.14296875
0 0.45078125 0.24375 0.040625 0.09609375
1 0.35 0.29375 0.0375 0.0515625
1 0.4453125 0.22578125 0.02578125 0.040625