1 0.09140625 0.4703125 0.14140625 0.11484375
1 0.13046875 0.5140625 0.14921875 0.09609375
1 0.2484375 0.39921875 0.109375 0.0796875
1 0.284375 0.43203125 0.11484375 0.08671875
1 0.3625 0.346875 0.08203125 0.07578125
1 0.38125 0.37421875 0.09765625 0.0796875
1 0.3984375 0.2953125 0.06640625 0.05546875
1 0.44921875 0.303125 0.07265625 0.05703125
1 0.4625 0.33046875 0.08203125 0.07421875
1 0.46171875 0.265625 0.065625 0.05390625
1 0.5078125 0.26640625 0.06171875 0.05703125
1 0.521875 0.2953125 0.06953125 0.05546875
1 0.52265625 0.2359375 0.05859375 0.05
1 0.571875 0.2359375 0.05546875 0.059375
1 0.57734375 0.26484375 0.06015625 0.059375
1 0.6171875 0.24375 0.053125 0.05
1 0.7359375 0.2703125 0.05859375 0.06875
1 0.6203125 0.38359375 0.078125 0.10390625
1 0.48203125 0.48671875 0.10703125 0.13671875
1 0.77578125 0.21640625 0.05 0.05