1 0.52578125 0.16171875 0.05703125 0.04296875
2 0.48359375 0.1484375 0.06875 0.06328125
1 0.4328125 0.17890625 0.07890625 0.05703125
2 0.38984375 0.1703125 0.06796875 0.0609375
1 0.3484375 0.20390625 0.07421875 0.059375
1 0.29296875 0.196875 0.06796875 0.05546875
1 0.26171875 0.2234375 0.075 0.0515625
1 0.2078125 0.22421875 0.0625 0.04453125
1 0.09765625 0.25859375 0.08359375 0.059375
0 0.6671875 0.25859375 0.07734375 0.11484375
1 0.921875 0.675 0.15625 0.18515625
1 0.72890625 0.51171875 0.08984375 0.16875
1 0.7234375 0.36875 0.06171875 0.11640625
1 0.76015625 0.290625 0.053125 0.0796875
1 0.79296875 0.240625 0.05390625 0.0703125
1 0.8171875 0.2 0.05 0.06875
1 0.828125 0.17578125 0.040625 0.059375
1 0.96171875 0.8703125 0.07578125 0.22578125
1 0.5734375 0.78203125 0.23515625 0.178125
3 0.45078125 0.1765625 0.18984375 0.109375
1 0.13984375 0.79453125 0.23828125 0.178125
1 0.7421875 0.15859375 0.06796875 0.04609375