1 0.10078125 0.62109375 0.125 0.1515625
1 0.25234375 0.91171875 0.15078125 0.17578125
1 0.228125 0.61484375 0.11796875 0.16484375
1 0.14453125 0.38984375 0.090625 0.11640625
1 0.640625 0.20703125 0.040625 0.0703125
1 0.42421875 0.44375 0.07109375 0.1203125
1 0.3453125 0.38359375 0.06796875 0.1203125
1 0.80703125 0.24921875 0.04453125 0.06328125
1 0.7390625 0.26953125 0.046875 0.071875
1 0.30390625 0.32578125 0.06015625 0.090625
1 0.45859375 0.30703125 0.05390625 0.0984375
1 0.88359375 0.36171875 0.07109375 0.08515625
2 0.878125 0.23125 0.04453125 0.078125
1 0.3984375 0.19453125 0.0375 0.0609375
1 0.75234375 0.70703125 0.11015625 0.19453125