1 0.0890625 0.4609375 0.14140625 0.0984375
1 0.12890625 0.50546875 0.14765625 0.08671875
1 0.24765625 0.396875 0.10546875 0.06875
1 0.28515625 0.43203125 0.11640625 0.07421875
1 0.36953125 0.34140625 0.08359375 0.071875
1 0.38203125 0.37109375 0.090625 0.06640625
1 0.39921875 0.2953125 0.06328125 0.05546875
1 0.45 0.303125 0.06953125 0.05703125
1 0.4625 0.32890625 0.07734375 0.06328125
1 0.45859375 0.26328125 0.05703125 0.05
1 0.50859375 0.26171875 0.05859375 0.0515625
1 0.5234375 0.28984375 0.065625 0.0515625
1 0.53203125 0.2296875 0.04453125 0.04609375
1 0.571875 0.234375 0.053125 0.05390625
1 0.60859375 0.24609375 0.05 0.05
1 0.65390625 0.221875 0.046875 0.05
1 0.58046875 0.3984375 0.08515625 0.090625