0 0.5953125 0.61953125 0.290625 0.25703125
1 0.8796875 0.10390625 0.06328125 0.05390625
2 0.0359375 0.44140625 0.06953125 0.13125
1 0.0390625 0.5546875 0.07578125 0.13359375
3 0.68984375 0.10390625 0.27421875 0.121875
1 0.33359375 0.29140625 0.11875 0.0890625
1 0.259375 0.403125 0.11640625 0.1390625
2 0.19921875 0.36953125 0.12890625 0.14609375
1 0.7546875 0.09140625 0.075 0.059375
1 0.50546875 0.23046875 0.09921875 0.08125
1 0.4609375 0.3296875 0.13125 0.12421875
1 0.48359375 0.1765625 0.10859375 0.06484375
1 0.6515625 0.19609375 0.08984375 0.05
3 0.2421875 0.15390625 0.32421875 0.15546875
1 0.68984375 0.2734375 0.11640625 0.0890625
2 0.62890625 0.23125 0.11171875 0.0984375
1 0.34453125 0.13359375 0.07109375 0.059375
1 0.25078125 0.228125 0.10078125 0.06640625
1 0.8109375 0.2109375 0.09140625 0.0703125
1 0.84609375 0.16015625 0.08203125 0.0609375
1 0.93203125 0.24140625 0.11015625 0.071875