1 0.1640625 0.9171875 0.2875 0.165625
1 0.59375 0.9078125 0.303125 0.184375
1 0.89765625 0.9140625 0.20390625 0.171875
0 0.5953125 0.659375 0.29375 0.2609375
1 0.21875 0.2234375 0.08046875 0.05546875
1 0.340625 0.24140625 0.08828125 0.06484375
0 0.55078125 0.2390625 0.128125 0.109375
1 0.35859375 0.20625 0.08125 0.06640625
1 0.58359375 0.19375 0.08046875 0.059375
1 0.690625 0.21640625 0.10078125 0.08515625
2 0.8359375 0.2515625 0.13828125 0.1484375
1 0.96953125 0.278125 0.06015625 0.0609375
1 0.971875 0.3234375 0.05625 0.065625
1 0.2328125 0.26171875 0.084375 0.06640625
1 0.50546875 0.2859375 0.115625 0.0890625
1 0.83125 0.39609375 0.14765625 0.0984375