2 0.11796875 0.59375 0.10390625 0.2015625
1 0.24296875 0.62890625 0.10546875 0.1703125
1 0.4140625 0.534375 0.090625 0.171875
2 0.13828125 0.3953125 0.08828125 0.1390625
1 0.64453125 0.278125 0.04296875 0.0703125
1 0.48359375 0.334375 0.05 0.0796875
1 0.38359375 0.33828125 0.05546875 0.078125
1 0.825 0.3046875 0.05390625 0.06640625
1 0.809375 0.46328125 0.08125 0.10703125
0 0.90390625 0.2609375 0.06796875 0.1109375
1 0.46328125 0.19296875 0.03671875 0.05
1 0.73984375 0.65703125 0.10234375 0.16875
1 0.96953125 0.53046875 0.06015625 0.11484375