1 0.0890625 0.46875 0.14140625 0.10703125
1 0.13046875 0.50390625 0.140625 0.08125
1 0.24609375 0.3953125 0.10546875 0.06875
1 0.28359375 0.43125 0.11328125 0.0703125
1 0.36640625 0.34140625 0.078125 0.0703125
1 0.38046875 0.371875 0.090625 0.06640625
1 0.39921875 0.29453125 0.065625 0.0484375
1 0.44921875 0.303125 0.06484375 0.06328125
1 0.4625 0.33359375 0.07265625 0.06484375
1 0.46015625 0.2609375 0.05859375 0.04609375
1 0.50703125 0.2640625 0.06015625 0.0609375
1 0.5203125 0.290625 0.06875 0.059375
1 0.525 0.23359375 0.04921875 0.04296875
1 0.56796875 0.23203125 0.04765625 0.05390625
1 0.59453125 0.253125 0.053125 0.05546875
1 0.63828125 0.23046875 0.04375 0.04609375
1 0.67421875 0.31484375 0.06484375 0.06875