3 0.54609375 0.20625 0.134375 0.13125
1 0.3390625 0.59375 0.14609375 0.1796875
1 0.50859375 0.43828125 0.09765625 0.10546875
1 0.43046875 0.284375 0.065625 0.06328125
1 0.3515625 0.3265625 0.08984375 0.07578125
1 0.06640625 0.85078125 0.13046875 0.27578125
1 0.63203125 0.221875 0.04609375 0.05703125
1 0.2390625 0.38671875 0.11171875 0.08671875
1 0.103125 0.4453125 0.13515625 0.1
1 0.48984375 0.3484375 0.08203125 0.0890625
2 0.58203125 0.23984375 0.06796875 0.07421875
1 0.35703125 0.8046875 0.165625 0.26328125
2 0.5265625 0.2703125 0.06015625 0.0703125
1 0.6 0.33984375 0.07421875 0.08515625
1 0.75390625 0.44375 0.06640625 0.13125
2 0.675 0.26015625 0.09453125 0.11875
1 0.75625 0.24296875 0.059375 0.059375
1 0.70859375 0.32109375 0.075 0.078125
1 0.43671875 0.3234375 0.07578125 0.07421875
1 0.83828125 0.23828125 0.05078125 0.059375
1 0.61328125 0.2640625 0.0625 0.06875