0 0.59140625 0.6515625 0.29453125 0.25390625
3 0.85546875 0.11796875 0.21953125 0.09609375
1 0.73984375 0.1765625 0.0625 0.06328125
1 0.10859375 0.38515625 0.13671875 0.14296875
1 0.153125 0.45703125 0.14453125 0.12578125
1 0.70234375 0.14140625 0.07578125 0.04453125
1 0.65390625 0.1640625 0.08125 0.059375
1 0.60390625 0.190625 0.08125 0.05
1 0.33203125 0.32890625 0.13125 0.0984375
1 0.3625 0.3734375 0.13359375 0.10390625
1 0.228125 0.50703125 0.16484375 0.14296875
1 0.59140625 0.14609375 0.07734375 0.05703125
1 0.47734375 0.18671875 0.09140625 0.05703125
2 0.57109375 0.240625 0.11171875 0.09453125
1 0.54609375 0.3140625 0.11640625 0.0796875
1 0.46640625 0.16328125 0.07890625 0.0609375
1 0.5640625 0.37890625 0.12578125 0.0984375
3 0.8859375 0.1421875 0.228125 0.103125
3 0.8359375 0.1859375 0.23125 0.13671875
1 0.32578125 0.1796875 0.0875 0.05546875
1 0.29296875 0.240625 0.11640625 0.078125
1 0.75703125 0.27890625 0.10078125 0.078125
1 0.2875 0.215625 0.08828125 0.05546875
1 0.8296875 0.30625 0.12109375 0.09296875
1 0.1265625 0.23125 0.09375 0.059375
1 0.0375 0.30625 0.07265625 0.0890625
1 0.10703125 0.2140625 0.08515625 0.0484375
1 0.978125 0.240625 0.04375 0.06875