1 0.36875 0.46015625 0.11328125 0.13125
3 0.54609375 0.20859375 0.134375 0.13359375
1 0.484375 0.45078125 0.10078125 0.1203125
1 0.478125 0.3703125 0.08515625 0.08671875
1 0.5953125 0.3609375 0.07578125 0.078125
1 0.4296875 0.29140625 0.06796875 0.0609375
1 0.353125 0.33359375 0.0875 0.06875
1 0.55390625 0.3140625 0.07890625 0.078125
1 0.63359375 0.221875 0.04609375 0.04609375
1 0.23984375 0.39453125 0.11015625 0.08359375
1 0.10390625 0.45546875 0.13203125 0.09609375
1 0.52734375 0.52109375 0.1125 0.13515625
1 0.62578125 0.26484375 0.06015625 0.06640625
2 0.56875 0.24921875 0.06640625 0.0703125
1 0.61640625 0.41875 0.09609375 0.11640625
1 0.96796875 0.6984375 0.06328125 0.15703125
3 0.578125 0.91015625 0.80546875 0.1796875
1 0.6890625 0.328125 0.06328125 0.08359375
2 0.47109375 0.29921875 0.06953125 0.078125
1 0.65859375 0.7984375 0.24296875 0.13515625
1 0.71953125 0.25546875 0.05703125 0.06484375
1 0.21796875 0.83359375 0.2375 0.18359375
1 0.83203125 0.2265625 0.053125 0.05703125
1 0.20078125 0.65 0.190625 0.13671875
1 0.03828125 0.759375 0.07421875 0.13671875