1 0.86015625 0.65390625 0.19921875 0.2
1 0.70546875 0.4796875 0.07734375 0.15
1 0.76015625 0.29375 0.05703125 0.08671875
0 0.66171875 0.25546875 0.075 0.1109375
1 0.80390625 0.215625 0.04609375 0.07421875
3 0.55703125 0.19609375 0.11953125 0.15
1 0.24609375 0.171875 0.04140625 0.04453125
1 0.4140625 0.21328125 0.059375 0.0484375
1 0.278125 0.19609375 0.05390625 0.0515625
3 0.25703125 0.159375 0.15390625 0.1203125
1 0.40625 0.25390625 0.07109375 0.06640625
1 0.47265625 0.140625 0.03203125 0.040625
1 0.3546875 0.14921875 0.040625 0.040625
1 0.23828125 0.31953125 0.1 0.08515625
1 0.40546875 0.13671875 0.03671875 0.0390625