1 0.346875 0.16796875 0.0625 0.11328125
3 0.9046875 0.21015625 0.190625 0.41640625
1 0.03984375 0.89140625 0.07734375 0.21640625
1 0.32890625 0.0859375 0.078125 0.0890625
2 0.39296875 0.296875 0.11171875 0.2015625
1 0.37265625 0.03203125 0.04140625 0.0609375
1 0.41953125 0.0953125 0.06171875 0.09296875
1 0.50234375 0.11875 0.065625 0.109375
2 0.7609375 0.2234375 0.09140625 0.15546875
1 0.63359375 0.21953125 0.08359375 0.12578125
1 0.51015625 0.0359375 0.05078125 0.06875
0 0.46953125 0.00859375 0.04296875 0.01328125