0 0.59296875 0.63828125 0.28984375 0.2609375
3 0.93671875 0.084375 0.12578125 0.12421875
1 0.06171875 0.43359375 0.12109375 0.13125
1 0.80859375 0.15078125 0.08125 0.05703125
1 0.2265625 0.3390625 0.109375 0.08359375
3 0.55859375 0.14296875 0.290625 0.13515625
1 0.17578125 0.49375 0.16171875 0.14609375
2 0.25078125 0.3609375 0.13671875 0.12578125
1 0.71015625 0.1296875 0.059375 0.0515625
1 0.63359375 0.184375 0.084375 0.05546875
1 0.42265625 0.3234375 0.109375 0.08671875
1 0.453125 0.27109375 0.11015625 0.07421875
1 0.50703125 0.37109375 0.13828125 0.09453125
1 0.60390625 0.22421875 0.10234375 0.08515625
1 0.62421875 0.2859375 0.11171875 0.07578125
1 0.72734375 0.3109375 0.1125 0.08125
1 0.42265625 0.16015625 0.07109375 0.0484375
1 0.29296875 0.19453125 0.0875 0.05703125
1 0.25703125 0.25625 0.10625 0.0609375
1 0.78203125 0.21171875 0.09921875 0.06640625
1 0.78515625 0.246875 0.10234375 0.0703125
1 0.89609375 0.28125 0.10703125 0.08515625
1 0.20859375 0.184375 0.07890625 0.059375
1 0.10234375 0.228125 0.09921875 0.0609375
2 0.9171875 0.1640625 0.08828125 0.07421875