1 0.04609375 0.946875 0.08984375 0.10546875
1 0.09453125 0.8 0.13828125 0.209375
1 0.178125 0.6609375 0.07890625 0.1515625
1 0.58828125 0.90546875 0.12109375 0.1890625
1 0.42890625 0.85703125 0.103125 0.2296875
1 0.2203125 0.903125 0.14375 0.19375
1 0.43671875 0.65859375 0.0875 0.16328125
1 0.58203125 0.753125 0.09609375 0.178125
1 0.23828125 0.52890625 0.0875 0.13671875
1 0.28359375 0.73359375 0.11875 0.20703125
2 0.28359375 0.440625 0.07734375 0.1390625
1 0.55703125 0.61953125 0.06953125 0.159375
2 0.0140625 0.475 0.02578125 0.109375
0 0.565625 0.42890625 0.07109375 0.1890625
1 0.3734375 0.4734375 0.06484375 0.109375
3 0.30859375 0.27890625 0.11484375 0.1703125