1 0.40625 0.52421875 0.05078125 0.059375
1 0.45703125 0.509375 0.04609375 0.0703125
1 0.35625 0.578125 0.05234375 0.078125
3 0.18984375 0.85625 0.378125 0.28671875
1 0.41953125 0.5546875 0.0625 0.06640625
1 0.5765625 0.91640625 0.096875 0.16640625
3 0.33515625 0.67109375 0.17890625 0.25
1 0.5015625 0.52890625 0.05390625 0.071875
1 0.51484375 0.4640625 0.05703125 0.05546875
1 0.5515625 0.74296875 0.07421875 0.1296875
1 0.66640625 0.66953125 0.07109375 0.11328125
1 0.4078125 0.50390625 0.08359375 0.06484375
1 0.546875 0.6296875 0.05625 0.090625
1 0.5796875 0.52578125 0.040625 0.06484375
1 0.70703125 0.8859375 0.13828125 0.1796875
2 0.58984375 0.46328125 0.03828125 0.06328125
1 0.6609375 0.4890625 0.0375 0.05546875
1 0.67578125 0.45 0.034375 0.05
1 0.7203125 0.43046875 0.03671875 0.04453125