1 0.634375 0.61171875 0.221875 0.21875
3 0.665625 0.43515625 0.47890625 0.3796875
1 0.35546875 0.37421875 0.121875 0.121875
1 0.1734375 0.31875 0.09140625 0.08671875
1 0.08046875 0.278125 0.06796875 0.0796875
1 0.03046875 0.30625 0.05859375 0.07421875
2 0.83046875 0.4046875 0.22265625 0.20546875
1 0.60078125 0.35625 0.140625 0.13125
1 0.4484375 0.30546875 0.12734375 0.11484375
1 0.325 0.2765625 0.10078125 0.08671875
1 0.2390625 0.2640625 0.07578125 0.07578125
1 0.16953125 0.24453125 0.05859375 0.0609375
1 0.1171875 0.23984375 0.05859375 0.06640625
1 0.94140625 0.290625 0.11640625 0.1203125
1 0.9125 0.35859375 0.175 0.1390625
1 0.071875 0.22578125 0.04765625 0.059375
1 0.72421875 0.30703125 0.15390625 0.12578125
1 0.28828125 0.1953125 0.07578125 0.06875
1 0.16953125 0.19921875 0.05 0.0609375
3 0.79140625 0.1453125 0.31953125 0.178125
1 0.4984375 0.16015625 0.08671875 0.0609375
1 0.35078125 0.14921875 0.06484375 0.05703125
1 0.51015625 0.13203125 0.08203125 0.06328125
1 0.26015625 0.1453125 0.05859375 0.04453125
1 0.38515625 0.12421875 0.06328125 0.059375
1 0.1875 0.13984375 0.046875 0.0484375
1 0.30859375 0.11953125 0.05546875 0.0515625