1 0.696875 0.06328125 0.021875 0.03671875
1 0.75078125 0.06484375 0.02421875 0.02578125
1 0.71796875 0.08046875 0.028125 0.04453125
1 0.66015625 0.1890625 0.04375 0.0703125
1 0.56796875 0.10859375 0.02890625 0.04609375
1 0.57109375 0.19296875 0.03984375 0.071875
1 0.75234375 0.103125 0.03359375 0.05
1 0.77578125 0.13671875 0.040625 0.06484375
1 0.809375 0.115625 0.03515625 0.05703125
1 0.90078125 0.10390625 0.02890625 0.04296875
1 0.83359375 0.17421875 0.05546875 0.08671875
1 0.88671875 0.33203125 0.09375 0.1296875
1 0.9375 0.26953125 0.07421875 0.0984375
1 0.5671875 0.0734375 0.02421875 0.0296875
1 0.5671875 0.0390625 0.01875 0.0296875
1 0.59296875 0.03203125 0.01640625 0.0296875