1 0.23203125 0.23359375 0.065625 0.06640625
1 0.25703125 0.20703125 0.07421875 0.06328125
3 0.315625 0.15 0.18671875 0.12421875
1 0.28984375 0.28125 0.07109375 0.08125
1 0.38984375 0.271875 0.08046875 0.07421875
1 0.37890625 0.35078125 0.08359375 0.09609375
1 0.49765625 0.34296875 0.09296875 0.09609375
1 0.48828125 0.46015625 0.10703125 0.11640625
1 0.62890625 0.46171875 0.115625 0.11875
1 0.8734375 0.31171875 0.08828125 0.09609375
2 0.51796875 0.24609375 0.0875 0.09453125
1 0.85703125 0.38203125 0.11171875 0.11328125
1 0.72890625 0.61640625 0.12421875 0.15390625
1 0.57109375 0.6359375 0.12734375 0.1703125
1 0.78984375 0.253125 0.06875 0.09453125
1 0.73515625 0.20703125 0.05546875 0.06875
3 0.63828125 0.175 0.11953125 0.17578125
1 0.87578125 0.53046875 0.153125 0.12578125
1 0.92265625 0.92421875 0.15390625 0.1515625