1 0.29453125 0.8671875 0.1890625 0.265625
1 0.46171875 0.321875 0.07421875 0.06484375
1 0.52109375 0.284375 0.06484375 0.05546875
1 0.57578125 0.25625 0.05859375 0.05546875
1 0.6171875 0.23125 0.046875 0.0484375
1 0.38203125 0.36328125 0.09375 0.07421875
1 0.246875 0.38828125 0.10234375 0.0796875
1 0.3625 0.3359375 0.07890625 0.06640625
1 0.4484375 0.2953125 0.06640625 0.05703125
2 0.50546875 0.25703125 0.06015625 0.05546875
1 0.56796875 0.22578125 0.05078125 0.05
1 0.52109375 0.221875 0.05 0.04453125
1 0.08984375 0.45546875 0.13828125 0.1
1 0.28359375 0.428125 0.11328125 0.08359375
1 0.209375 0.60078125 0.14453125 0.171875
1 0.1265625 0.5046875 0.14453125 0.10390625
1 0.45859375 0.259375 0.05859375 0.05546875
1 0.23046875 0.74140625 0.171875 0.22578125
1 0.3921875 0.29453125 0.0625 0.059375
1 0.51796875 0.35546875 0.07890625 0.08671875
1 0.63203125 0.33828125 0.06796875 0.0796875
2 0.73359375 0.2359375 0.053125 0.07578125
1 0.85234375 0.21875 0.05234375 0.0484375