1 0.26953125 0.240625 0.046875 0.05546875
1 0.9609375 0.56484375 0.078125 0.1203125
1 0.29453125 0.26015625 0.03984375 0.05390625
1 0.91796875 0.43203125 0.12578125 0.0984375
1 0.70859375 0.45703125 0.11015625 0.10390625
1 0.8109375 0.46015625 0.11796875 0.1015625
1 0.76640625 0.390625 0.09609375 0.08359375
1 0.76015625 0.34453125 0.090625 0.07578125
2 0.63828125 0.31953125 0.09453125 0.12578125
1 0.35390625 0.33671875 0.04765625 0.0796875
1 0.65390625 0.30625 0.06796875 0.07578125
1 0.5515625 0.35625 0.07734375 0.08125
1 0.56328125 0.2984375 0.05546875 0.06484375
1 0.284375 0.4 0.06640625 0.08359375
1 0.3984375 0.44921875 0.05859375 0.10546875
2 0.48203125 0.38828125 0.06640625 0.10390625
1 0.27421875 0.565625 0.08125 0.1515625
1 0.48125 0.2515625 0.04140625 0.06328125
1 0.5578125 0.25078125 0.05703125 0.06640625
1 0.378125 0.6265625 0.07578125 0.15546875
1 0.50859375 0.2296875 0.0375 0.05703125
1 0.37421875 0.88046875 0.11015625 0.2390625