1 0.68203125 0.553125 0.178125 0.228125
1 0.20546875 0.06015625 0.02890625 0.03359375
1 0.240625 0.05078125 0.02734375 0.03359375
1 0.284375 0.04453125 0.02421875 0.02578125
2 0.49609375 0.53828125 0.13125 0.2296875
1 0.23046875 0.46953125 0.09140625 0.14296875
2 0.28515625 0.0703125 0.03828125 0.05703125
1 0.25703125 0.090625 0.0375 0.03359375
1 0.38671875 0.06640625 0.03515625 0.0390625
1 0.27421875 0.20078125 0.053125 0.06640625
2 0.38828125 0.11875 0.05234375 0.059375
1 0.42265625 0.1015625 0.03984375 0.04609375
1 0.4890625 0.16796875 0.06015625 0.05703125
1 0.40390625 0.165625 0.05078125 0.05
1 0.09296875 0.24921875 0.05625 0.0796875
1 0.04375 0.13828125 0.0375 0.05
1 0.15234375 0.1140625 0.034375 0.0484375
1 0.66015625 0.2515625 0.09765625 0.078125
1 0.74765625 0.23359375 0.09453125 0.0796875