1 0.56875 0.35703125 0.059375 0.11484375
1 0.57109375 0.065625 0.02109375 0.03671875
1 0.57734375 0.12421875 0.03203125 0.05
2 0.6828125 0.24453125 0.07109375 0.1515625
1 0.53515625 0.23046875 0.075 0.078125
1 0.71796875 0.4640625 0.09296875 0.16328125
1 0.734375 0.128125 0.0375 0.059375
1 0.79140625 0.1546875 0.04375 0.06328125
1 0.73984375 0.0953125 0.02734375 0.03515625
1 0.77734375 0.09296875 0.03203125 0.05
1 0.72265625 0.07578125 0.03125 0.04453125
1 0.68671875 0.05625 0.02265625 0.03671875
1 0.70859375 0.04140625 0.01875 0.03359375
1 0.8625 0.225 0.059375 0.078125
1 0.96171875 0.30390625 0.06171875 0.0984375