1 0.209375 0.86015625 0.23203125 0.2203125
1 0.6875 0.89765625 0.303125 0.2046875
0 0.59765625 0.590625 0.29453125 0.26328125
1 0.75078125 0.18671875 0.10546875 0.08515625
1 0.96875 0.24453125 0.0625 0.0796875
1 0.89921875 0.18984375 0.11328125 0.08125
1 0.67265625 0.134375 0.08828125 0.08359375
1 0.56015625 0.11640625 0.084375 0.06640625
1 0.46015625 0.09140625 0.06796875 0.06328125
1 0.39140625 0.075 0.05703125 0.059375
1 0.35078125 0.05859375 0.0375 0.05390625
1 0.4390625 0.23515625 0.11171875 0.090625
1 0.959375 0.515625 0.08125 0.13125