1 0.584375 0.70546875 0.171875 0.24453125
1 0.20703125 0.05625 0.03203125 0.0390625
1 0.21015625 0.52890625 0.09609375 0.1703125
1 0.34765625 0.078125 0.040625 0.0390625
1 0.30546875 0.08203125 0.0375 0.040625
1 0.2984375 0.10546875 0.040625 0.03671875
1 0.425 0.07890625 0.04140625 0.040625
1 0.4546875 0.11640625 0.053125 0.05
2 0.24375 0.16953125 0.06015625 0.090625
1 0.1625 0.18515625 0.046875 0.06875
1 0.14375 0.85703125 0.16328125 0.28515625
2 0.05 0.15703125 0.04921875 0.0984375
1 0.16171875 0.10390625 0.04140625 0.05546875
1 0.609375 0.14609375 0.06015625 0.059375
1 0.49609375 0.21875 0.06171875 0.06875
1 0.071875 0.09375 0.034375 0.0484375
1 0.01328125 0.2734375 0.02421875 0.078125
1 0.9359375 0.3046875 0.128125 0.10625
1 0.9546875 0.396875 0.090625 0.0890625
1 0.95625 0.4625 0.0875 0.090625