1 0.75234375 0.01328125 0.01875 0.021875
1 0.678125 0.02578125 0.015625 0.028125
1 0.69296875 0.0140625 0.015625 0.02421875
1 0.69765625 0.0390625 0.02265625 0.03515625
1 0.73203125 0.05078125 0.02578125 0.040625
1 0.71328125 0.06640625 0.02734375 0.0484375
1 0.57578125 0.1265625 0.03671875 0.05546875
1 0.62890625 0.103125 0.034375 0.05546875
0 0.58359375 0.07890625 0.03671875 0.0703125
1 0.84921875 0.12109375 0.053125 0.059375
1 0.775 0.128125 0.04375 0.06640625
1 0.85546875 0.2046875 0.05625 0.0796875
1 0.40546875 0.2265625 0.08515625 0.07421875
1 0.57265625 0.04140625 0.02109375 0.03515625
1 0.91328125 0.33984375 0.10078125 0.12578125
1 0.9734375 0.2921875 0.053125 0.0875