1 0.36953125 0.45859375 0.11328125 0.1296875
3 0.546875 0.20546875 0.134375 0.13125
1 0.48515625 0.45078125 0.10078125 0.11875
1 0.47890625 0.36953125 0.08515625 0.08671875
1 0.6015625 0.35390625 0.07578125 0.078125
1 0.4296875 0.28984375 0.06796875 0.0609375
1 0.35390625 0.32890625 0.08671875 0.06484375
1 0.55390625 0.3109375 0.07734375 0.078125
1 0.63515625 0.2203125 0.04765625 0.04296875
1 0.24140625 0.39375 0.11171875 0.0796875
1 0.1046875 0.45625 0.13203125 0.09609375
1 0.52890625 0.51875 0.1125 0.13671875
1 0.62734375 0.26640625 0.06484375 0.0609375
2 0.56171875 0.2515625 0.06875 0.0703125
1 0.6234375 0.4140625 0.08984375 0.10703125
1 0.921875 0.68515625 0.15625 0.1203125
3 0.47109375 0.909375 0.79140625 0.18125
1 0.72265625 0.29140625 0.05390625 0.071875
2 0.384375 0.35625 0.08125 0.0984375
1 0.39921875 0.8140625 0.23671875 0.1203125
1 0.78515625 0.2265625 0.05390625 0.05546875
1 0.0671875 0.83125 0.13203125 0.18359375
1 0.89765625 0.1984375 0.05625 0.04296875
2 0.9078125 0.8296875 0.184375 0.23125