1 0.90390625 0.159375 0.09140625 0.059375
3 0.28046875 0.08203125 0.215625 0.11328125
1 0.359375 0.1484375 0.0875 0.05390625
1 0.48046875 0.1265625 0.078125 0.0484375
2 0.79765625 0.296875 0.11328125 0.10703125
1 0.5546875 0.13828125 0.08046875 0.05546875
1 0.68515625 0.121875 0.075 0.0515625
1 0.3609375 0.40078125 0.15625 0.10390625
3 0.74921875 0.0640625 0.19921875 0.12421875
2 0.40859375 0.309375 0.12109375 0.1109375
1 0.51953125 0.26015625 0.13046875 0.090625
1 0.84296875 0.13828125 0.09140625 0.0515625
1 0.90390625 0.121875 0.08046875 0.05
1 0.06015625 0.425 0.11796875 0.1109375