0 0.59296875 0.684375 0.290625 0.26328125
1 0.58203125 0.2109375 0.08125 0.06484375
1 0.72265625 0.2453125 0.103125 0.08671875
2 0.92734375 0.29453125 0.14453125 0.159375
1 0.01796875 0.9171875 0.0359375 0.165625
1 0.65234375 0.25625 0.09140625 0.07421875
1 0.5296875 0.88046875 0.25078125 0.21484375
1 0.24375 0.9265625 0.23671875 0.14609375
1 0.80546875 0.95703125 0.29375 0.08515625
1 0.2546875 0.26015625 0.08359375 0.06640625
1 0.49609375 0.32109375 0.109375 0.08359375
3 0.34453125 0.1140625 0.08359375 0.13671875
1 0.92109375 0.51171875 0.15703125 0.12421875
1 0.9796875 0.84296875 0.040625 0.12578125
1 0.95 0.29375 0.1 0.08125