1 0.55546875 0.46484375 0.10234375 0.14453125
1 0.61953125 0.3796875 0.07734375 0.1109375
1 0.71796875 0.30390625 0.06875 0.08359375
1 0.76953125 0.27109375 0.05234375 0.06484375
1 0.8078125 0.24140625 0.046875 0.05703125
1 0.4765625 0.43984375 0.1 0.12421875
1 0.55546875 0.3734375 0.071875 0.08359375
1 0.62578125 0.30546875 0.06875 0.078125
1 0.68671875 0.2765625 0.05625 0.06640625
1 0.7421875 0.253125 0.05546875 0.06328125
1 0.35078125 0.46015625 0.125 0.11484375
3 0.48203125 0.325 0.2 0.221875
1 0.62734375 0.27109375 0.06171875 0.06875
1 0.47421875 0.3109375 0.08984375 0.071875
1 0.5328125 0.2734375 0.07421875 0.06875
1 0.57734375 0.24296875 0.05703125 0.05546875
1 0.61484375 0.2265625 0.05 0.0484375
1 0.38671875 0.35 0.10390625 0.0796875
1 0.24609375 0.3796875 0.103125 0.0796875
1 0.36171875 0.32578125 0.08203125 0.0703125
1 0.446875 0.29296875 0.08203125 0.06640625
2 0.50625 0.253125 0.07734375 0.06328125
1 0.56875 0.225 0.05703125 0.059375
1 0.5203125 0.221875 0.05234375 0.05
1 0.959375 0.665625 0.08125 0.1390625
1 0.6921875 0.2484375 0.06484375 0.078125
1 0.08671875 0.44296875 0.13828125 0.0984375
1 0.7734375 0.81640625 0.25078125 0.1796875
2 0.77421875 0.6484375 0.21796875 0.17421875
1 0.2828125 0.41328125 0.1125 0.08671875
1 0.74921875 0.21484375 0.05859375 0.05546875
1 0.46796875 0.67421875 0.19609375 0.140625
1 0.7859375 0.95546875 0.2875 0.0890625
1 0.81328125 0.21171875 0.06015625 0.0609375
1 0.053125 0.52890625 0.10390625 0.09296875
1 0.0265625 0.43359375 0.05078125 0.05703125