3 0.05078125 0.5640625 0.09921875 0.31328125
1 0.43828125 0.7984375 0.09140625 0.21875
1 0.50078125 0.209375 0.03515625 0.05390625
1 0.62421875 0.18046875 0.02890625 0.0390625
2 0.67734375 0.17421875 0.03203125 0.0515625
1 0.22265625 0.528125 0.08671875 0.16875
2 0.28359375 0.8265625 0.115625 0.24453125
1 0.64609375 0.2390625 0.03359375 0.0515625
1 0.17109375 0.44375 0.06640625 0.10546875
1 0.30078125 0.296875 0.05390625 0.09453125
2 0.23125 0.30546875 0.05546875 0.090625
1 0.70390625 0.321875 0.04453125 0.07421875
1 0.73671875 0.25546875 0.03984375 0.05390625
1 0.3484375 0.24375 0.03203125 0.05
1 0.6796875 0.4859375 0.071875 0.109375
1 0.79375 0.4953125 0.08046875 0.1109375
1 0.390625 0.21640625 0.03046875 0.0484375
1 0.32109375 0.209375 0.03359375 0.04609375
1 0.36640625 0.196875 0.02890625 0.0515625
1 0.79296875 0.81953125 0.15234375 0.25703125
3 0.953125 0.4546875 0.09375 0.23671875