1 0.55703125 0.46484375 0.10390625 0.140625
1 0.62578125 0.371875 0.075 0.109375
1 0.71953125 0.303125 0.06796875 0.08359375
1 0.76953125 0.26796875 0.05234375 0.05703125
1 0.81015625 0.2390625 0.04921875 0.05390625
1 0.47578125 0.43671875 0.096875 0.121875
1 0.5578125 0.371875 0.08046875 0.08125
1 0.62578125 0.30625 0.065625 0.0796875
1 0.684375 0.275 0.053125 0.06328125
1 0.74140625 0.24921875 0.05390625 0.0609375
1 0.35390625 0.46015625 0.11953125 0.109375
3 0.48203125 0.325 0.20078125 0.21328125
1 0.62734375 0.26640625 0.05703125 0.06484375
1 0.46484375 0.32109375 0.06796875 0.059375
1 0.5265625 0.28671875 0.071875 0.059375
1 0.57578125 0.24453125 0.059375 0.05390625
1 0.6171875 0.2265625 0.04765625 0.0515625
1 0.37578125 0.35546875 0.08359375 0.07421875
1 0.24765625 0.3765625 0.10625 0.06875
1 0.36015625 0.33046875 0.07265625 0.071875
1 0.45234375 0.290625 0.06328125 0.059375
2 0.50703125 0.25078125 0.06484375 0.06328125
1 0.571875 0.2203125 0.05390625 0.05390625
1 0.51796875 0.22109375 0.05859375 0.05
1 0.878125 0.6703125 0.19453125 0.13671875
1 0.69140625 0.240625 0.0625 0.059375
1 0.5921875 0.734375 0.21015625 0.15
1 0.08828125 0.45078125 0.13828125 0.11328125
1 0.28984375 0.83984375 0.259375 0.17578125
2 0.26875 0.66328125 0.225 0.171875
1 0.24375 0.43671875 0.11640625 0.08359375
1 0.790625 0.21015625 0.05859375 0.059375