2 0.6484375 0.1359375 0.03515625 0.06484375
1 0.69140625 0.20078125 0.04296875 0.071875
1 0.7078125 0.43359375 0.096875 0.15703125
1 0.33359375 0.51953125 0.10234375 0.16875
1 0.28359375 0.4109375 0.09296875 0.121875
1 0.4125 0.30546875 0.06015625 0.09296875
1 0.3671875 0.253125 0.05390625 0.0796875
1 0.4546875 0.19375 0.04140625 0.06484375
1 0.50703125 0.2734375 0.05078125 0.090625
2 0.41171875 0.159375 0.046875 0.10390625
1 0.47890625 0.13984375 0.03046875 0.05390625
1 0.53046875 0.11328125 0.02890625 0.04609375
1 0.49296875 0.0984375 0.02578125 0.04296875