1 0.86015625 0.74609375 0.25078125 0.26484375
1 0.24921875 0.03515625 0.02734375 0.03125
1 0.30390625 0.0390625 0.02890625 0.03671875
1 0.4140625 0.475 0.125 0.18671875
1 0.36015625 0.05625 0.025 0.0296875
2 0.35078125 0.07109375 0.034375 0.0484375
1 0.13984375 0.1890625 0.046875 0.0890625
1 0.2234375 0.16171875 0.046875 0.059375
1 0.3921875 0.121875 0.046875 0.0484375
1 0.4015625 0.16640625 0.05625 0.05703125
2 0.46953125 0.09921875 0.05703125 0.06328125
1 0.196875 0.9328125 0.153125 0.134375
1 0.0453125 0.1546875 0.04140625 0.05703125
1 0.47890625 0.16015625 0.075 0.0703125
2 0.64140625 0.18671875 0.06640625 0.08515625
1 0.09140625 0.11484375 0.0375 0.0484375
1 0.04765625 0.0890625 0.02734375 0.0390625
1 0.1125 0.0734375 0.034375 0.0484375
1 0.940625 0.259375 0.11875 0.09296875
1 0.875 0.35 0.134375 0.1296875