1 0.015625 0.278125 0.02890625 0.059375
1 0.0625 0.28515625 0.08515625 0.05390625
1 0.32109375 0.2515625 0.07421875 0.05703125
1 0.48046875 0.2515625 0.071875 0.05
1 0.17421875 0.28984375 0.09296875 0.05546875
1 0.04609375 0.3234375 0.090625 0.06328125
1 0.25703125 0.26640625 0.07578125 0.06484375
3 0.53671875 0.24453125 0.31953125 0.11640625
1 0.27578125 0.3109375 0.09765625 0.0609375
3 0.87734375 0.25078125 0.24453125 0.121875
1 0.17578125 0.33984375 0.11640625 0.06640625
1 0.54296875 0.31796875 0.1 0.07421875
1 0.71953125 0.2984375 0.09140625 0.07421875
1 0.1890625 0.45546875 0.16484375 0.0984375