1 0.1875 0.31796875 0.08828125 0.071875
3 0.24140625 0.34296875 0.16484375 0.25
1 0.27734375 0.55703125 0.11015625 0.16875
1 0.43359375 0.4359375 0.078125 0.121875
1 0.34609375 0.27421875 0.046875 0.078125
1 0.40078125 0.31953125 0.05859375 0.08671875
1 0.6703125 0.371875 0.06640625 0.1
1 0.471875 0.27109375 0.04765625 0.07578125
1 0.40078125 0.22109375 0.03515625 0.05390625
1 0.41640625 0.2515625 0.04140625 0.06875
1 0.484375 0.2 0.03828125 0.05390625
1 0.43671875 0.17890625 0.03203125 0.05546875