1 0.83984375 0.16328125 0.04453125 0.06484375
1 0.8765625 0.240625 0.04921875 0.08359375
1 0.02109375 0.62890625 0.040625 0.1203125
2 0.0578125 0.41328125 0.11328125 0.18515625
1 0.2203125 0.38984375 0.12109375 0.11328125
0 0.71640625 0.209375 0.07265625 0.13359375
1 0.3390625 0.37109375 0.09375 0.1015625
1 0.8609375 0.41015625 0.07109375 0.12421875
1 0.9765625 0.5453125 0.046875 0.15703125
1 0.45390625 0.19375 0.05703125 0.059375
1 0.50234375 0.1890625 0.05390625 0.0609375
1 0.49765625 0.85 0.19453125 0.3
1 0.665625 0.153125 0.04453125 0.05390625