1 0.26640625 0.54921875 0.121875 0.17421875
2 0.28046875 0.04140625 0.02890625 0.04609375
1 0.5109375 0.61171875 0.15703125 0.20390625
1 0.2515625 0.31796875 0.07421875 0.10546875
1 0.43203125 0.34453125 0.11484375 0.1484375
1 0.3375 0.04609375 0.03046875 0.03359375
1 0.2453125 0.05703125 0.03125 0.04453125
1 0.28984375 0.09921875 0.04375 0.05
1 0.1015625 0.26796875 0.053125 0.090625
1 0.46796875 0.11953125 0.05234375 0.05
1 0.45 0.14609375 0.05390625 0.05
1 0.4421875 0.18046875 0.06328125 0.05390625
1 0.59453125 0.13671875 0.06328125 0.05546875
1 0.64140625 0.18671875 0.08125 0.06484375
2 0.14921875 0.096875 0.040625 0.06640625
1 0.08984375 0.10703125 0.03359375 0.04453125
1 0.01953125 0.3359375 0.0375 0.10390625
2 0.01640625 0.08671875 0.03125 0.071875
1 0.10546875 0.0609375 0.03046875 0.04453125
1 0.9484375 0.2734375 0.103125 0.090625
1 0.90078125 0.43828125 0.13828125 0.128125