1 0.15234375 0.225 0.059375 0.03671875
1 0.29609375 0.22578125 0.0375 0.03671875
1 0.265625 0.2390625 0.04609375 0.0484375
1 0.85234375 0.465625 0.121875 0.109375
1 0.88203125 0.41171875 0.11875 0.109375
1 0.33359375 0.2484375 0.03984375 0.04609375
1 0.740625 0.35703125 0.08671875 0.08515625
1 0.36015625 0.28203125 0.03828125 0.06484375
1 0.2953125 0.26796875 0.034375 0.05546875
1 0.63671875 0.34375 0.075 0.071875
1 0.61328125 0.29921875 0.08046875 0.06328125
1 0.61796875 0.27421875 0.06484375 0.05390625
1 0.31171875 0.3046875 0.0375 0.0609375
1 0.53046875 0.29921875 0.06171875 0.06640625
1 0.38671875 0.37109375 0.05078125 0.0796875
2 0.3 0.41875 0.06015625 0.1296875
1 0.51484375 0.2515625 0.04140625 0.05390625
1 0.5640625 0.2453125 0.04765625 0.059375
1 0.4109375 0.48984375 0.06328125 0.11640625
3 0.73359375 0.57421875 0.44140625 0.4796875
1 0.478125 0.228125 0.03359375 0.0484375
1 0.3734375 0.8765625 0.10625 0.24609375