1 0.65859375 0.153125 0.03671875 0.05390625
2 0.58828125 0.13359375 0.03671875 0.078125
1 0.66796875 0.20078125 0.05078125 0.08359375
1 0.66953125 0.26484375 0.05390625 0.08671875
1 0.740625 0.3359375 0.07265625 0.10390625
1 0.8734375 0.578125 0.13515625 0.19296875
1 0.12734375 0.8875 0.1953125 0.225
1 0.4578125 0.72109375 0.12265625 0.24453125
1 0.340625 0.46640625 0.09296875 0.14609375
2 0.4890625 0.3984375 0.08203125 0.1890625
1 0.32421875 0.3296875 0.06640625 0.1015625
1 0.36015625 0.2015625 0.05234375 0.06875
2 0.509375 0.2296875 0.04375 0.09296875
1 0.46875 0.1703125 0.03984375 0.0609375
1 0.43359375 0.134375 0.03125 0.04609375
1 0.48515625 0.13125 0.03359375 0.04609375