0 0.66640625 0.275 0.07421875 0.10546875
1 0.47265625 0.16328125 0.034375 0.040625
1 0.4328125 0.16796875 0.03359375 0.03671875
1 0.45234375 0.146875 0.03125 0.03671875
1 0.49140625 0.1453125 0.03203125 0.040625
1 0.4703125 0.134375 0.03203125 0.03359375
2 0.3984375 0.16328125 0.03515625 0.05
2 0.37421875 0.1796875 0.03125 0.05390625
1 0.42265625 0.14921875 0.034375 0.03671875
1 0.6 0.146875 0.03515625 0.03671875
3 0.6609375 0.16328125 0.115625 0.1296875
3 0.04140625 0.27421875 0.08046875 0.1203125
3 0.54140625 0.14296875 0.08984375 0.090625
1 0.56171875 0.1796875 0.04375 0.04453125
1 0.3921875 0.24921875 0.06953125 0.05703125
1 0.3234375 0.171875 0.04609375 0.040625
1 0.3015625 0.16875 0.04296875 0.0390625
1 0.40078125 0.14453125 0.03203125 0.03515625