3 0.47265625 0.4890625 0.07265625 0.25
1 0.85078125 0.94453125 0.14453125 0.1109375
1 0.56953125 0.525 0.04453125 0.08359375
2 0.58203125 0.40546875 0.02421875 0.05390625
1 0.68828125 0.64375 0.078125 0.12578125
3 0.53671875 0.37421875 0.04140625 0.090625
1 0.56953125 0.3859375 0.01640625 0.03125
1 0.62265625 0.40703125 0.03203125 0.0484375
1 0.66640625 0.896875 0.11875 0.18125
1 0.559375 0.3546875 0.015625 0.02421875
1 0.590625 0.36796875 0.01796875 0.02578125
3 0.49765625 0.325 0.02578125 0.06484375
1 0.53515625 0.32109375 0.01640625 0.021875
1 0.47265625 0.31171875 0.01484375 0.021875