1 0.0890625 0.465625 0.13984375 0.10546875
1 0.12890625 0.50859375 0.146875 0.1
1 0.25625 0.39140625 0.10234375 0.078125
1 0.28515625 0.434375 0.11640625 0.0796875
1 0.39609375 0.325 0.07421875 0.0609375
1 0.38203125 0.3765625 0.09375 0.07421875
1 0.41328125 0.29375 0.06875 0.0609375
1 0.4734375 0.29296875 0.06640625 0.05703125
1 0.48828125 0.3203125 0.07734375 0.0703125
1 0.49140625 0.25078125 0.05703125 0.0515625
1 0.55 0.24453125 0.05859375 0.0609375
1 0.58828125 0.25546875 0.05703125 0.05703125
1 0.55703125 0.21640625 0.04296875 0.04453125
1 0.6015625 0.21640625 0.04921875 0.05
1 0.65546875 0.225 0.05078125 0.05
1 0.71171875 0.2046875 0.04140625 0.04296875