1 0.3703125 0.459375 0.11015625 0.109375
3 0.54453125 0.21015625 0.13046875 0.1296875
1 0.56328125 0.38125 0.08125 0.090625
1 0.4765625 0.375 0.08359375 0.090625
1 0.66484375 0.30625 0.06171875 0.06640625
1 0.42890625 0.29296875 0.06484375 0.05390625
1 0.35234375 0.33828125 0.08515625 0.06484375
1 0.55625 0.31328125 0.08125 0.07421875
1 0.63046875 0.2265625 0.04453125 0.05
1 0.22421875 0.396875 0.084375 0.078125
1 0.07265625 0.46875 0.14375 0.1
1 0.59765625 0.4484375 0.09140625 0.12421875
1 0.9109375 0.63359375 0.178125 0.1515625
1 0.67890625 0.24453125 0.05625 0.05
1 0.909375 0.89296875 0.18125 0.2140625
1 0.5171875 0.6796875 0.19296875 0.1390625
1 0.553125 0.878125 0.24140625 0.18125
2 0.275 0.41875 0.12421875 0.11875
1 0.81171875 0.23828125 0.05078125 0.05546875
1 0.07421875 0.73046875 0.14609375 0.109375
3 0.0546875 0.91015625 0.10703125 0.1796875
1 0.9671875 0.7453125 0.065625 0.175
2 0.13203125 0.85859375 0.2625 0.22578125