1 0.34765625 0.46171875 0.13984375 0.14296875
3 0.08046875 0.31875 0.15859375 0.19453125
3 0.890625 0.30703125 0.21875 0.25
1 0.45546875 0.26640625 0.09609375 0.08359375
3 0.46953125 0.19140625 0.246875 0.15703125
1 0.29609375 0.24140625 0.07734375 0.07421875
3 0.20859375 0.16640625 0.175 0.11328125
2 0.78671875 0.4890625 0.2 0.228125
1 0.55078125 0.42890625 0.1625 0.14609375
2 0.396875 0.36015625 0.11796875 0.140625
1 0.27265625 0.33984375 0.10546875 0.1015625
3 0.15078125 0.27578125 0.184375 0.171875