1 0.078125 0.63046875 0.11328125 0.16875
1 0.06171875 0.9296875 0.12109375 0.140625
1 0.70390625 0.16875 0.02890625 0.04453125
1 0.61484375 0.20625 0.03359375 0.05390625
1 0.7296875 0.20078125 0.034375 0.0484375
1 0.66328125 0.2046875 0.03359375 0.0484375
2 0.62890625 0.27578125 0.046875 0.078125
1 0.77890625 0.19375 0.034375 0.05
2 0.29453125 0.23203125 0.05078125 0.1
1 0.66640625 0.43984375 0.06484375 0.1015625
1 0.43046875 0.23203125 0.03515625 0.05390625
1 0.7875 0.4546875 0.07421875 0.10546875
1 0.875 0.42421875 0.078125 0.10390625
2 0.33671875 0.19609375 0.04453125 0.08359375
1 0.92890625 0.34296875 0.06640625 0.07578125
1 0.73359375 0.7859375 0.125 0.221875