0 0.22421875 0.140625 0.1375 0.12578125
1 0.28671875 0.22890625 0.065625 0.06484375
1 0.20078125 0.209375 0.06484375 0.07578125
3 0.41796875 0.165625 0.22421875 0.1703125
1 0.41015625 0.26171875 0.084375 0.078125
2 0.31171875 0.2609375 0.06640625 0.09609375
1 0.9453125 0.34453125 0.109375 0.1140625
1 0.909375 0.38359375 0.09453125 0.109375
1 0.38515625 0.3390625 0.08828125 0.0984375
1 0.58046875 0.40546875 0.1125 0.1109375
1 0.82265625 0.25859375 0.08359375 0.08359375
1 0.715625 0.2546875 0.0625 0.07421875
3 0.76171875 0.33984375 0.278125 0.28671875
1 0.48828125 0.45546875 0.10625 0.12421875
1 0.76328125 0.6015625 0.14921875 0.159375
1 0.753125 0.21328125 0.06015625 0.06875
1 0.64296875 0.18203125 0.05625 0.071875
1 0.71015625 0.18046875 0.05390625 0.06484375
1 0.70703125 0.7703125 0.16015625 0.20703125
1 0.94375 0.87109375 0.1125 0.23359375