1 0.165625 0.9125 0.2875 0.175
1 0.59609375 0.90546875 0.29453125 0.1890625
1 0.8984375 0.91015625 0.203125 0.1796875
0 0.5953125 0.659375 0.29375 0.2609375
1 0.27421875 0.225 0.078125 0.059375
1 0.40703125 0.25 0.09140625 0.06875
0 0.63046875 0.25 0.1375 0.10390625
1 0.4359375 0.21640625 0.08125 0.071875
1 0.30078125 0.196875 0.071875 0.0484375
1 0.58359375 0.19375 0.08046875 0.059375
1 0.690625 0.21640625 0.10078125 0.08515625
2 0.8359375 0.2515625 0.13828125 0.1484375
1 0.96953125 0.278125 0.06015625 0.0609375
1 0.971875 0.3234375 0.05625 0.065625
1 0.31640625 0.2734375 0.08671875 0.06875
1 0.70390625 0.3203125 0.12734375 0.0984375
1 0.9765625 0.44921875 0.046875 0.0859375