1 0.5546875 0.25 0.06875 0.1
2 0.66171875 0.565625 0.128125 0.309375
1 0.6109375 0.3734375 0.07578125 0.13359375
1 0.75 0.3734375 0.10546875 0.178125
3 0.503125 0.078125 0.053125 0.1515625
1 0.578125 0.1265625 0.03828125 0.0609375
1 0.675 0.20625 0.06328125 0.08515625
1 0.67734375 0.06015625 0.03515625 0.04296875
1 0.6265625 0.115625 0.03828125 0.05546875
2 0.61953125 0.06875 0.03671875 0.06328125
1 0.5625 0.05625 0.02421875 0.03671875
1 0.84609375 0.20390625 0.065625 0.0890625
3 0.4484375 0.46484375 0.17265625 0.509375