0 0.59296875 0.640625 0.29375 0.26640625
1 0.85625 0.11796875 0.065625 0.05
2 0.12890625 0.390625 0.13359375 0.1390625
1 0.6875 0.1359375 0.07109375 0.0515625
3 0.11640625 0.3 0.23125 0.2203125
1 0.3578125 0.28828125 0.11328125 0.08359375
1 0.15234375 0.490625 0.17890625 0.14453125
1 0.40859375 0.35 0.13671875 0.1109375
1 0.48671875 0.15390625 0.090625 0.05546875
1 0.49296875 0.178125 0.075 0.05546875
2 0.6640625 0.23671875 0.09140625 0.0796875
1 0.65546875 0.30078125 0.11875 0.078125
3 0.16640625 0.1765625 0.33125 0.128125
1 0.84140625 0.1765625 0.07734375 0.05703125
1 0.83828125 0.2546875 0.08359375 0.08671875
2 0.93046875 0.203125 0.08984375 0.08515625
1 0.30234375 0.171875 0.090625 0.059375
1 0.95 0.15859375 0.06875 0.05546875