1 0.52578125 0.421875 0.11875 0.17578125
1 0.36015625 0.115625 0.046875 0.05546875
1 0.32890625 0.46328125 0.11171875 0.171875
1 0.109375 0.575 0.10390625 0.1890625
1 0.53984375 0.19296875 0.06796875 0.06640625
1 0.45546875 0.196875 0.06484375 0.06640625
1 0.175 0.275 0.07265625 0.1109375
1 0.25078125 0.18515625 0.04921875 0.071875
1 0.7703125 0.303125 0.10703125 0.0984375
2 0.9109375 0.27890625 0.12890625 0.12421875
1 0.08671875 0.18359375 0.04453125 0.06640625
1 0.9640625 0.44296875 0.071875 0.1109375