2 0.51328125 0.14609375 0.06328125 0.05
1 0.51328125 0.1703125 0.06484375 0.04453125
1 0.36640625 0.18125 0.065625 0.04453125
1 0.37890625 0.196875 0.06953125 0.0484375
1 0.25703125 0.2109375 0.06875 0.04296875
1 0.21953125 0.23359375 0.08125 0.0484375
0 0.66640625 0.259375 0.075 0.10390625
1 0.8484375 0.61484375 0.153125 0.21640625
1 0.70078125 0.46484375 0.06328125 0.13359375
1 0.7375 0.321875 0.06796875 0.09296875
1 0.77265625 0.2359375 0.05234375 0.07578125
1 0.8 0.1953125 0.04140625 0.06328125
1 0.87890625 0.86171875 0.24140625 0.2203125
1 0.41171875 0.909375 0.265625 0.18125
1 0.48671875 0.21484375 0.07734375 0.06328125
1 0.26171875 0.7359375 0.21875 0.16875
1 0.596875 0.17578125 0.06953125 0.0515625
1 0.81484375 0.14609375 0.071875 0.05
1 0.87109375 0.17109375 0.06953125 0.0515625
1 0.0203125 0.784375 0.03828125 0.11484375