0 0.66484375 0.26953125 0.07265625 0.10703125
1 0.471875 0.15703125 0.03359375 0.040625
1 0.43125 0.1640625 0.03359375 0.0390625
1 0.45078125 0.14453125 0.03046875 0.03671875
1 0.49140625 0.140625 0.03125 0.0390625
1 0.4703125 0.13046875 0.03046875 0.03359375
2 0.40078125 0.15859375 0.034375 0.0484375
1 0.60234375 0.140625 0.03359375 0.04296875
1 0.59453125 0.15859375 0.03671875 0.05
1 0.03046875 0.3015625 0.059375 0.059375
3 0.63515625 0.15390625 0.11484375 0.12421875
1 0.534375 0.16328125 0.04453125 0.04296875
2 0.36796875 0.1765625 0.03203125 0.05703125
1 0.57265625 0.171875 0.040625 0.04296875
1 0.18515625 0.2265625 0.06484375 0.05546875
1 0.48515625 0.22578125 0.06015625 0.05546875
1 0.40546875 0.23125 0.06953125 0.05390625
1 0.30078125 0.1765625 0.05234375 0.04296875
1 0.27734375 0.36328125 0.1 0.08515625
1 0.38125 0.14140625 0.04140625 0.0390625
1 0.4328125 0.13359375 0.034375 0.03671875