1 0.49609375 0.12421875 0.03828125 0.0609375
1 0.61171875 0.3859375 0.084375 0.1484375
1 0.69140625 0.0609375 0.02578125 0.03671875
1 0.72578125 0.053125 0.02578125 0.03671875
1 0.59296875 0.17578125 0.04453125 0.0703125
1 0.73359375 0.096875 0.03359375 0.0390625
1 0.56640625 0.1359375 0.03515625 0.059375
1 0.66015625 0.18203125 0.04453125 0.06875
1 0.72734375 0.13984375 0.04140625 0.05
1 0.7921875 0.11796875 0.03515625 0.05390625
2 0.6265625 0.09609375 0.040625 0.07578125
1 0.765625 0.19921875 0.05625 0.08359375
1 0.865625 0.2046875 0.06640625 0.0984375
1 0.575 0.05703125 0.025 0.0390625