1 0.634375 0.19140625 0.03359375 0.059375
2 0.7015625 0.20625 0.034375 0.06875
1 0.74765625 0.19375 0.03203125 0.04296875
1 0.64921875 0.271875 0.0375 0.06328125
2 0.17578125 0.51328125 0.08828125 0.16875
1 0.6828125 0.384375 0.05859375 0.1
1 0.7953125 0.25390625 0.03984375 0.0609375
1 0.478125 0.33515625 0.04765625 0.08125
2 0.4390625 0.2390625 0.046875 0.0984375
1 0.834375 0.41875 0.075 0.1015625
1 0.78046875 0.56328125 0.08046875 0.1390625
1 0.88984375 0.2859375 0.046875 0.05546875
1 0.39921875 0.2234375 0.0375 0.0484375