1 0.41484375 0.49609375 0.05078125 0.06640625
1 0.46328125 0.490625 0.053125 0.0703125
1 0.35625 0.55078125 0.046875 0.07578125
1 0.42890625 0.61875 0.06875 0.0984375
3 0.515625 0.56640625 0.08828125 0.21875
1 0.63671875 0.86640625 0.09609375 0.18671875
3 0.5671875 0.48515625 0.07421875 0.15703125
1 0.65546875 0.5203125 0.04765625 0.0796875
1 0.6171875 0.46640625 0.03828125 0.059375
1 0.64140625 0.4484375 0.03828125 0.05
1 0.54296875 0.47578125 0.06328125 0.0609375
1 0.69765625 0.43515625 0.03515625 0.0515625