1 0.25703125 0.9078125 0.1734375 0.184375
1 0.46640625 0.59609375 0.12265625 0.2015625
1 0.65546875 0.36796875 0.084375 0.10703125
1 0.7328125 0.29375 0.059375 0.06640625
1 0.79921875 0.2484375 0.05078125 0.0609375
1 0.18828125 0.79140625 0.171875 0.25
1 0.4734375 0.4390625 0.10234375 0.13515625
1 0.64375 0.303125 0.06171875 0.06875
1 0.71484375 0.26015625 0.06171875 0.05703125
3 0.10859375 0.659375 0.21484375 0.421875
1 0.4515625 0.38203125 0.08515625 0.090625
1 0.46171875 0.3140625 0.075 0.06640625
1 0.52109375 0.28125 0.06796875 0.06484375
1 0.57421875 0.25390625 0.05859375 0.05703125
1 0.61640625 0.22890625 0.05234375 0.0484375
1 0.38046875 0.36328125 0.09453125 0.0796875
1 0.24609375 0.384375 0.10390625 0.08671875
1 0.36015625 0.33046875 0.08203125 0.06875
1 0.446875 0.29375 0.071875 0.06484375
2 0.50546875 0.25 0.06171875 0.05390625
1 0.56875 0.2234375 0.05390625 0.05
1 0.5203125 0.2234375 0.05234375 0.04453125
1 0.5921875 0.2890625 0.071875 0.0703125
1 0.08828125 0.45078125 0.140625 0.10390625
2 0.959375 0.6484375 0.08125 0.165625
1 0.28359375 0.41875 0.11328125 0.08515625
1 0.690625 0.2359375 0.059375 0.0609375
1 0.72578125 0.675 0.19140625 0.15390625
1 0.79765625 0.2109375 0.06171875 0.04296875
1 0.11171875 0.50546875 0.165625 0.121875
1 0.45703125 0.246875 0.05859375 0.0484375
1 0.83515625 0.2234375 0.05234375 0.04453125
1 0.35390625 0.30625 0.08671875 0.059375