1 0.50078125 0.80546875 0.19453125 0.33125
1 0.9015625 0.8953125 0.196875 0.20625
1 0.53046875 0.609375 0.11328125 0.16640625
1 0.9265625 0.80546875 0.146875 0.1953125
1 0.1828125 0.39296875 0.059375 0.090625
1 0.38515625 0.48828125 0.084375 0.13359375
1 0.64609375 0.3390625 0.06875 0.06875
1 0.7 0.54453125 0.12265625 0.14453125
1 0.50390625 0.45859375 0.1 0.14296875
1 0.346875 0.3734375 0.05703125 0.08671875
1 0.53359375 0.4 0.07421875 0.09296875
1 0.86640625 0.440625 0.103125 0.10703125
1 0.83046875 0.46953125 0.11328125 0.1109375
1 0.4296875 0.36171875 0.0625 0.0796875
1 0.14296875 0.46796875 0.09765625 0.12421875
3 0.85625 0.32578125 0.20234375 0.221875