0 0.94609375 0.6265625 0.10703125 0.3984375
1 0.434375 0.50546875 0.16171875 0.1609375
1 0.14765625 0.365625 0.090625 0.09453125
3 0.04296875 0.29140625 0.084375 0.15
3 0.6609375 0.265625 0.35625 0.23515625
3 0.9671875 0.23671875 0.065625 0.24296875
1 0.32734375 0.24453125 0.07578125 0.07421875
3 0.35703125 0.18046875 0.19921875 0.13671875
1 0.22734375 0.22109375 0.06328125 0.06328125
3 0.16796875 0.15625 0.15703125 0.090625
2 0.78671875 0.4890625 0.2 0.228125
1 0.55078125 0.42890625 0.1625 0.14609375
2 0.396875 0.36015625 0.11796875 0.140625
1 0.27265625 0.33984375 0.10546875 0.1015625
3 0.15078125 0.27578125 0.184375 0.171875