0 0.66484375 0.26953125 0.07265625 0.10703125
1 0.471875 0.15859375 0.03359375 0.040625
1 0.43125 0.1640625 0.03359375 0.0390625
1 0.45078125 0.14453125 0.03046875 0.03671875
1 0.49140625 0.140625 0.03125 0.0390625
1 0.4703125 0.13046875 0.03046875 0.03359375
2 0.40078125 0.15859375 0.034375 0.0484375
1 0.60625 0.13671875 0.03046875 0.0390625
1 0.61171875 0.15625 0.03359375 0.04453125
3 0.6515625 0.14375 0.10859375 0.11484375
1 0.5453125 0.15703125 0.04296875 0.040625
2 0.36875 0.1765625 0.03203125 0.05703125
1 0.584375 0.165625 0.040625 0.040625
1 0.15390625 0.24140625 0.06875 0.059375
1 0.50703125 0.21328125 0.05625 0.0515625
1 0.434375 0.21640625 0.06484375 0.0515625
1 0.27734375 0.18671875 0.053125 0.04453125
1 0.32265625 0.33203125 0.09296875 0.078125
1 0.36640625 0.146875 0.04375 0.0390625
1 0.43203125 0.134375 0.034375 0.03671875
1 0.0421875 0.553125 0.08203125 0.1