1 0.43671875 0.78984375 0.09140625 0.21640625
1 0.5015625 0.20546875 0.03359375 0.05
2 0.2859375 0.828125 0.121875 0.240625
1 0.46640625 0.21171875 0.03125 0.05703125
2 0.43515625 0.20625 0.03671875 0.06328125
1 0.4109375 0.2296875 0.03515625 0.059375
1 0.09453125 0.546875 0.115625 0.14296875
1 0.25078125 0.37578125 0.06640625 0.09609375
1 0.64765625 0.21328125 0.03359375 0.05390625
1 0.60546875 0.23515625 0.03359375 0.05546875
1 0.32109375 0.28125 0.04375 0.06484375
1 0.22109375 0.33984375 0.06015625 0.07421875
1 0.7078125 0.3234375 0.05078125 0.0796875
1 0.30859375 0.2484375 0.0375 0.05703125
1 0.67734375 0.471875 0.07109375 0.11484375
1 0.7875 0.80546875 0.13125 0.23671875
1 0.93671875 0.75703125 0.12578125 0.20546875