1 0.96015625 0.41171875 0.07890625 0.12421875
1 0.77109375 0.3484375 0.12265625 0.121875
1 0.59453125 0.29609375 0.084375 0.0796875
1 0.4375 0.23359375 0.059375 0.06640625
1 0.56640625 0.77109375 0.19921875 0.28671875
1 0.21328125 0.39609375 0.06796875 0.09609375
2 0.34765625 0.20078125 0.04765625 0.0515625
1 0.47734375 0.284375 0.059375 0.06875
2 0.79296875 0.75390625 0.27109375 0.321875
1 0.56171875 0.59140625 0.15546875 0.17578125
3 0.36953125 0.3140625 0.18125 0.209375
1 0.91796875 0.56875 0.16328125 0.21328125
1 0.48046875 0.47109375 0.14453125 0.11484375
1 0.2953125 0.38203125 0.06875 0.090625
2 0.7890625 0.5703125 0.16875 0.19296875
1 0.9515625 0.7375 0.096875 0.16875
1 0.7234375 0.465625 0.14609375 0.1203125
1 0.56015625 0.38125 0.109375 0.10390625
1 0.2390625 0.27578125 0.04296875 0.06875
1 0.20234375 0.315625 0.04453125 0.0609375