1 0.3703125 0.46015625 0.11015625 0.10703125
3 0.54296875 0.2109375 0.13359375 0.1296875
1 0.5953125 0.35390625 0.078125 0.08671875
1 0.47734375 0.378125 0.08671875 0.09296875
1 0.6875 0.2890625 0.06015625 0.05546875
1 0.42890625 0.29609375 0.06640625 0.06484375
1 0.35234375 0.34296875 0.090625 0.07578125
1 0.58828125 0.29453125 0.071875 0.0609375
1 0.62890625 0.23203125 0.04375 0.05390625
1 0.2390625 0.4015625 0.11171875 0.090625
1 0.06015625 0.471875 0.11796875 0.07421875
3 0.92109375 0.9 0.15703125 0.2
1 0.7046875 0.3390625 0.07265625 0.08359375
1 0.56640625 0.68125 0.19921875 0.1515625
1 0.74296875 0.22578125 0.05703125 0.0484375
1 0.66953125 0.90078125 0.271875 0.1984375
1 0.17578125 0.71484375 0.20625 0.15
1 0.24921875 0.8859375 0.24296875 0.17421875
2 0.0484375 0.53515625 0.09453125 0.13671875
1 0.8734375 0.21171875 0.059375 0.05390625
1 0.79609375 0.746875 0.23203125 0.18125