1 0.70703125 0.828125 0.16328125 0.3015625
1 0.63828125 0.4265625 0.09609375 0.15546875
1 0.76015625 0.05546875 0.03125 0.04453125
2 0.62734375 0.2609375 0.05625 0.1203125
1 0.78359375 0.0734375 0.03203125 0.0484375
1 0.62578125 0.17421875 0.04453125 0.06484375
1 0.82734375 0.06875 0.03984375 0.0484375
1 0.72578125 0.0796875 0.03671875 0.05
1 0.5359375 0.09296875 0.03203125 0.05703125
2 0.59921875 0.09140625 0.03671875 0.07421875
1 0.68984375 0.15390625 0.046875 0.07578125
2 0.85078125 0.13203125 0.05859375 0.08671875
1 0.521875 0.2203125 0.06328125 0.0796875
1 0.57578125 0.06875 0.025 0.0515625
1 0.9375 0.225 0.08125 0.090625
1 0.64375 0.05625 0.03359375 0.05390625
3 0.46171875 0.4734375 0.17421875 0.4796875