1 0.74921875 0.01640625 0.021875 0.0296875
1 0.68046875 0.0234375 0.021875 0.04296875
1 0.69296875 0.01484375 0.01640625 0.02578125
1 0.70078125 0.03984375 0.02265625 0.040625
1 0.7359375 0.05546875 0.02578125 0.040625
1 0.7203125 0.071875 0.02890625 0.05
1 0.57578125 0.109375 0.03125 0.05390625
1 0.62421875 0.08359375 0.03046875 0.0484375
0 0.58046875 0.06796875 0.03671875 0.06640625
1 0.86328125 0.125 0.06484375 0.06484375
1 0.79609375 0.1453125 0.05078125 0.0796875
1 0.89609375 0.24609375 0.065625 0.09296875
1 0.3515625 0.221875 0.08359375 0.071875
1 0.5734375 0.03203125 0.02109375 0.03125
3 0.284375 0.86796875 0.446875 0.2640625