1 0.65859375 0.159375 0.02421875 0.03671875
1 0.38203125 0.61796875 0.09375 0.15546875
1 0.61953125 0.18984375 0.03125 0.0484375
1 0.70390625 0.21171875 0.0375 0.06484375
2 0.31640625 0.45703125 0.08359375 0.140625
2 0.18046875 0.35078125 0.084375 0.1515625
1 0.47265625 0.3515625 0.053125 0.0984375
1 0.64921875 0.296875 0.04921875 0.071875
1 0.35390625 0.265625 0.04453125 0.0609375
1 0.42734375 0.26953125 0.04140625 0.06484375
1 0.50546875 0.23984375 0.03515625 0.05703125
1 0.81171875 0.225 0.04453125 0.05546875
1 0.390625 0.22421875 0.03203125 0.05
1 0.43828125 0.22578125 0.03203125 0.05
1 0.6828125 0.46640625 0.071875 0.12421875
1 0.82734375 0.50703125 0.0875 0.13359375
1 0.5140625 0.18984375 0.028125 0.04296875