3 0.07109375 0.359375 0.140625 0.14296875
1 0.13984375 0.43203125 0.06953125 0.08359375
3 0.36875 0.5453125 0.41015625 0.4015625
3 0.8234375 0.7859375 0.353125 0.425
3 0.2953125 0.32421875 0.16328125 0.14296875
1 0.4453125 0.40078125 0.09375 0.08515625
1 0.5921875 0.453125 0.12421875 0.10390625
1 0.77265625 0.515625 0.159375 0.1203125
3 0.9125 0.44453125 0.175 0.209375
1 0.66640625 0.4234375 0.12578125 0.10546875
1 0.50703125 0.375 0.08828125 0.08671875
3 0.38203125 0.3046875 0.16171875 0.13125
1 0.9515625 0.575 0.096875 0.103125