1 0.90546875 0.15859375 0.09140625 0.06640625
3 0.9828125 0.32578125 0.034375 0.1765625
3 0.34296875 0.0734375 0.21015625 0.14296875
1 0.415625 0.14375 0.08828125 0.05703125
1 0.5421875 0.12421875 0.08046875 0.0515625
2 0.70390625 0.296875 0.11171875 0.11640625
1 0.62421875 0.1359375 0.07421875 0.059375
1 0.74296875 0.121875 0.07265625 0.059375
1 0.26484375 0.409375 0.15546875 0.10703125
3 0.79921875 0.06171875 0.203125 0.1203125
2 0.31953125 0.31015625 0.115625 0.1015625
1 0.40234375 0.259375 0.12421875 0.0890625
1 0.90703125 0.13125 0.08359375 0.04453125