1 0.67890625 0.18515625 0.02578125 0.04453125
1 0.63046875 0.18203125 0.02265625 0.0390625
1 0.32421875 0.86171875 0.13125 0.20390625
1 0.65078125 0.21875 0.03125 0.05390625
1 0.73125 0.18203125 0.02890625 0.03359375
1 0.70234375 0.234375 0.03359375 0.05
1 0.640625 0.25703125 0.03515625 0.0609375
1 0.76015625 0.2234375 0.03515625 0.05
1 0.79140625 0.1890625 0.03203125 0.0390625
1 0.66953125 0.346875 0.04765625 0.071875
1 0.46796875 0.3546875 0.053125 0.0796875
1 0.81640625 0.30625 0.053125 0.06328125
1 0.78984375 0.403125 0.065625 0.09609375
1 0.88046875 0.28671875 0.05703125 0.06640625
1 0.44453125 0.2296875 0.0375 0.05
1 0.91015625 0.415625 0.07734375 0.09296875
1 0.76328125 0.734375 0.10078125 0.18125
2 0.9609375 0.8109375 0.078125 0.24453125
1 0.975 0.39296875 0.05 0.07578125