1 0.4375 0.79453125 0.08828125 0.2203125
1 0.50078125 0.20625 0.03515625 0.05390625
2 0.28828125 0.825 0.11171875 0.23671875
1 0.2265625 0.54140625 0.07890625 0.13359375
1 0.11640625 0.5296875 0.10078125 0.1609375
1 0.58125 0.1859375 0.03046875 0.0515625
3 0.66953125 0.16328125 0.059375 0.08671875
1 0.30703125 0.39296875 0.0625 0.09453125
1 0.16640625 0.3859375 0.07265625 0.08125
1 0.64609375 0.23046875 0.03671875 0.05390625
1 0.59453125 0.2359375 0.03046875 0.05
1 0.2359375 0.38828125 0.06015625 0.09453125
1 0.35546875 0.29921875 0.04609375 0.06640625
2 0.309375 0.25625 0.046875 0.09609375
1 0.25078125 0.27890625 0.04765625 0.06640625
1 0.63125 0.378125 0.05234375 0.08359375
1 0.7328125 0.28046875 0.05234375 0.05546875
1 0.76171875 0.475 0.08125 0.1015625
1 0.38671875 0.22421875 0.03359375 0.05
1 0.45859375 0.20625 0.02890625 0.0484375
1 0.3625 0.20390625 0.03203125 0.04453125
3 0.9546875 0.44765625 0.090625 0.2296875
1 0.95078125 0.91484375 0.09765625 0.1703125