1 0.68984375 0.18125 0.03046875 0.04296875
1 0.6328125 0.21328125 0.03203125 0.0484375
1 0.73828125 0.18515625 0.028125 0.0390625
2 0.2625 0.58203125 0.09453125 0.1984375
1 0.6515625 0.2703125 0.034375 0.06328125
1 0.71484375 0.25546875 0.04375 0.0609375
2 0.78046875 0.24453125 0.04375 0.06640625
2 0.48359375 0.321875 0.040625 0.0984375
2 0.28125 0.2890625 0.04140625 0.0890625
1 0.76796875 0.3734375 0.05703125 0.0984375
1 0.84140625 0.24921875 0.04609375 0.05546875
1 0.81484375 0.2046875 0.03984375 0.05390625
2 0.73671875 0.584375 0.12109375 0.26484375
1 0.85703125 0.54296875 0.090625 0.14453125
1 0.8984375 0.38046875 0.071875 0.09296875
1 0.4484375 0.22890625 0.03671875 0.0515625
1 0.5140625 0.23125 0.03828125 0.05546875
1 0.39765625 0.21875 0.03203125 0.05