1 0.4890625 0.36875 0.08046875 0.1515625
1 0.52421875 0.63359375 0.11328125 0.25703125
1 0.48984375 0.9109375 0.16796875 0.178125
1 0.4640625 0.08046875 0.05390625 0.07421875
1 0.51796875 0.046875 0.03828125 0.05546875
1 0.58125 0.075 0.03828125 0.05703125
3 0.12109375 0.26171875 0.21015625 0.30546875
3 0.15859375 0.6515625 0.31484375 0.69609375
1 0.56796875 0.184375 0.05625 0.0890625
1 0.06796875 0.25 0.05625 0.09609375
3 0.70390625 0.1734375 0.17109375 0.34296875
1 0.3328125 0.109375 0.04765625 0.06875