1 0.08984375 0.88203125 0.15078125 0.23515625
1 0.325 0.2859375 0.046875 0.06640625
1 0.38515625 0.31171875 0.046875 0.071875
1 0.60859375 0.16953125 0.028125 0.04296875
1 0.71875 0.1984375 0.03515625 0.04609375
2 0.7796875 0.18359375 0.03515625 0.05703125
1 0.61640625 0.2234375 0.03515625 0.05390625
1 0.690625 0.23671875 0.0375 0.059375
1 0.76796875 0.246875 0.046875 0.06640625
1 0.65 0.340625 0.05234375 0.08125
1 0.815625 0.31484375 0.05703125 0.06875
1 0.73984375 0.365625 0.059375 0.0796875
2 0.7 0.58515625 0.096875 0.1609375
1 0.91875 0.33359375 0.06328125 0.0796875