0 0.59375 0.68515625 0.290625 0.26484375
1 0.58203125 0.2140625 0.08046875 0.06875
1 0.73828125 0.2515625 0.10859375 0.08515625
2 0.9421875 0.2953125 0.115625 0.15703125
1 0.65234375 0.25703125 0.09375 0.07578125
1 0.528125 0.8796875 0.25 0.21484375
1 0.22734375 0.925 0.23984375 0.15
1 0.80234375 0.95625 0.29140625 0.08671875
1 0.39609375 0.2984375 0.10078125 0.0796875
3 0.35390625 0.11875 0.1 0.1390625
1 0.77734375 0.45390625 0.15546875 0.11484375
1 0.9671875 0.8453125 0.065625 0.15390625
1 0.9703125 0.3 0.059375 0.06640625