1 0.70625 0.259375 0.06015625 0.08515625
2 0.6109375 0.25390625 0.06015625 0.1109375
1 0.75390625 0.3734375 0.09296875 0.140625
1 0.71328125 0.63984375 0.12578125 0.2015625
1 0.9484375 0.8640625 0.103125 0.215625
1 0.1546875 0.89765625 0.20625 0.2046875
1 0.35078125 0.51328125 0.09453125 0.16640625
1 0.48203125 0.60703125 0.10390625 0.1984375
1 0.36328125 0.36015625 0.07578125 0.11640625
1 0.50546875 0.25 0.046875 0.08125
1 0.44296875 0.20625 0.04453125 0.071875
2 0.5140625 0.17890625 0.04453125 0.08515625
1 0.41640625 0.16328125 0.034375 0.0609375
1 0.43828125 0.12578125 0.03046875 0.0515625
2 0.5234375 0.11484375 0.02578125 0.05390625