1 0.93125 0.8078125 0.1375 0.23125
1 0.27265625 0.053125 0.02890625 0.03125
2 0.40703125 0.43046875 0.12109375 0.18671875
1 0.4203125 0.34140625 0.09140625 0.1
1 0.446875 0.81953125 0.225 0.3609375
1 0.3578125 0.065625 0.03359375 0.03515625
1 0.35234375 0.08203125 0.03828125 0.0484375
1 0.27109375 0.09375 0.03828125 0.0390625
1 0.13046875 0.24609375 0.05078125 0.0796875
1 0.20234375 0.225 0.053125 0.0703125
2 0.44453125 0.0890625 0.04609375 0.05390625
1 0.42265625 0.109375 0.03984375 0.059375
1 0.35703125 0.115625 0.040625 0.04453125
1 0.14609375 0.18359375 0.04453125 0.071875
1 0.21015625 0.153125 0.04765625 0.06328125
1 0.12578125 0.1296875 0.03203125 0.05
1 0.12890625 0.690625 0.11875 0.23671875
1 0.053125 0.1390625 0.03125 0.0515625
1 0.5359375 0.19921875 0.06796875 0.06328125
1 0.446875 0.19453125 0.059375 0.0515625
1 0.14609375 0.1 0.03125 0.03671875
1 0.01171875 0.121875 0.02109375 0.04609375
1 0.63046875 0.26171875 0.08828125 0.08515625
1 0.77578125 0.25859375 0.10078125 0.08359375
2 0.08203125 0.084375 0.028125 0.0515625