1 0.5140625 0.20625 0.04140625 0.071875
1 0.64609375 0.54921875 0.10703125 0.20703125
2 0.5765625 0.2984375 0.09140625 0.14609375
1 0.59296875 0.23671875 0.05625 0.090625
1 0.7625 0.41953125 0.12109375 0.1984375
1 0.68828125 0.0453125 0.028125 0.03671875
1 0.62109375 0.1453125 0.046875 0.07578125
3 0.51328125 0.05859375 0.04375 0.11328125
1 0.74765625 0.0734375 0.03671875 0.05390625
1 0.56328125 0.07109375 0.02578125 0.03671875
1 0.62109375 0.09140625 0.034375 0.04609375
1 0.8 0.22578125 0.07265625 0.0984375
1 0.58828125 0.05703125 0.028125 0.04609375
3 0.45390625 0.4734375 0.16953125 0.51484375