3 0.47421875 0.47890625 0.07734375 0.25
3 0.57734375 0.50703125 0.084375 0.26328125
3 0.69765625 0.51171875 0.12734375 0.21640625
1 0.6 0.38125 0.02421875 0.0390625
1 0.565625 0.36015625 0.01875 0.0296875
1 0.53046875 0.340625 0.01796875 0.028125
2 0.53984375 0.31796875 0.015625 0.0296875
1 0.55546875 0.34375 0.01328125 0.0203125
3 0.49609375 0.30859375 0.02890625 0.04453125
1 0.521875 0.3109375 0.01328125 0.02578125
1 0.55234375 0.31328125 0.01484375 0.02578125
1 0.53828125 0.3765625 0.021875 0.03671875