1 0.18671875 0.2265625 0.059375 0.040625
1 0.60859375 0.328125 0.06796875 0.0796875
2 0.60078125 0.25 0.05625 0.0796875
2 0.65 0.29921875 0.06953125 0.08671875
1 0.80390625 0.4765625 0.125 0.1484375
1 0.74296875 0.35 0.0875 0.09609375
1 0.86484375 0.39609375 0.11640625 0.11484375
1 0.9625 0.5234375 0.075 0.1125
1 0.97109375 0.459375 0.05703125 0.0890625
1 0.7375 0.91796875 0.290625 0.1640625
1 0.46953125 0.18203125 0.05625 0.04453125
1 0.77421875 0.190625 0.06484375 0.040625
1 0.86875 0.209375 0.05859375 0.04453125
3 0.04140625 0.465625 0.08046875 0.21484375
1 0.84921875 0.17578125 0.04296875 0.0390625
1 0.93828125 0.2109375 0.065625 0.05