2 0.70234375 0.59140625 0.125 0.30390625
1 0.62734375 0.4234375 0.08828125 0.1484375
1 0.63671875 0.29375 0.07265625 0.14453125
1 0.85625 0.51875 0.12421875 0.23125
1 0.7625 0.3296875 0.08515625 0.12578125
1 0.6109375 0.17578125 0.04609375 0.0796875
1 0.75859375 0.05546875 0.03203125 0.040625
1 0.78828125 0.08671875 0.0375 0.059375
1 0.83515625 0.078125 0.03828125 0.05
1 0.6953125 0.15703125 0.04453125 0.07421875
2 0.58984375 0.11171875 0.03125 0.07421875
1 0.86015625 0.1234375 0.04921875 0.06640625
1 0.61640625 0.096875 0.03359375 0.05390625
1 0.8328125 0.18984375 0.05703125 0.08359375
1 0.60234375 0.05625 0.02734375 0.04609375
1 0.97578125 0.21328125 0.04765625 0.08671875
3 0.38671875 0.70703125 0.359375 0.58515625