1 0.825 0.24375 0.040625 0.05703125
1 0.90546875 0.2640625 0.03671875 0.0609375
1 0.77265625 0.24375 0.04140625 0.05703125
1 0.03984375 0.60546875 0.07734375 0.1203125
1 0.3359375 0.3609375 0.09140625 0.0984375
2 0.94453125 0.31640625 0.04921875 0.09609375
2 0.58828125 0.46171875 0.09921875 0.1296875
1 0.67421875 0.5765625 0.10234375 0.15390625
1 0.61328125 0.27421875 0.053125 0.059375
1 0.47734375 0.25859375 0.05859375 0.059375
1 0.58828125 0.24609375 0.05 0.05390625
1 0.79609375 0.8015625 0.125 0.24453125