1 0.640625 0.20390625 0.03359375 0.04609375
1 0.69765625 0.20546875 0.034375 0.0515625
1 0.65 0.25546875 0.04140625 0.06484375
1 0.76484375 0.20078125 0.03671875 0.0484375
1 0.82109375 0.19453125 0.03203125 0.04453125
1 0.79140625 0.26171875 0.05078125 0.06484375
1 0.76015625 0.33203125 0.05390625 0.078125
2 0.3484375 0.390625 0.084375 0.18125
1 0.684375 0.40703125 0.071875 0.12421875
2 0.83828125 0.4796875 0.09375 0.16640625
1 0.92578125 0.41953125 0.075 0.0984375
1 0.94140625 0.34375 0.06875 0.09453125
1 0.77578125 0.78671875 0.121875 0.19609375
2 0.4109375 0.19296875 0.03046875 0.06328125