1 0.05234375 0.70390625 0.10234375 0.1890625
1 0.1875 0.7640625 0.14453125 0.21875
1 0.42578125 0.553125 0.08359375 0.140625
1 0.18828125 0.5 0.08984375 0.12421875
1 0.29296875 0.51796875 0.08515625 0.12421875
1 0.63359375 0.21328125 0.03203125 0.05546875
1 0.70390625 0.23359375 0.03984375 0.06328125
1 0.46796875 0.35546875 0.04921875 0.08359375
1 0.66640625 0.35390625 0.05703125 0.10390625
1 0.8 0.275 0.04375 0.06484375
1 0.48203125 0.2703125 0.03828125 0.06484375
0 0.41015625 0.27109375 0.05234375 0.13359375
1 0.3484375 0.26796875 0.04609375 0.06640625
1 0.87265625 0.27890625 0.05078125 0.06328125
1 0.34765625 0.2046875 0.03125 0.04296875
1 0.415625 0.1953125 0.03203125 0.0390625