1 0.74375 0.928125 0.20625 0.14375
1 0.8609375 0.71171875 0.22421875 0.259375
1 0.29140625 0.5203125 0.13046875 0.228125
1 0.384375 0.428125 0.09375 0.13125
1 0.434375 0.35078125 0.090625 0.11328125
1 0.11171875 0.546875 0.08984375 0.1703125
1 0.48671875 0.17578125 0.05703125 0.0515625
1 0.5625 0.16484375 0.06328125 0.06484375
1 0.47734375 0.20703125 0.06640625 0.059375
1 0.20859375 0.23671875 0.05390625 0.0796875
1 0.10546875 0.22890625 0.046875 0.0703125
1 0.721875 0.284375 0.09921875 0.090625
1 0.16171875 0.18203125 0.04375 0.0609375
1 0.81875 0.26875 0.10625 0.0984375
1 0.85234375 0.40703125 0.1375 0.109375
2 0.209375 0.14375 0.034375 0.06484375