3 0.23828125 0.3703125 0.29765625 0.32421875
1 0.975 0.5953125 0.05 0.159375
2 0.78671875 0.49140625 0.203125 0.23359375
1 0.54921875 0.4296875 0.16171875 0.14453125
2 0.39453125 0.36796875 0.11796875 0.15
1 0.27109375 0.34375 0.10625 0.1015625
3 0.15 0.28359375 0.18046875 0.16875
1 0.065625 0.284375 0.0625 0.0703125
1 0.90390625 0.371875 0.16015625 0.13671875
3 0.79140625 0.246875 0.41640625 0.25546875
1 0.43203125 0.26875 0.09609375 0.09453125
1 0.28828125 0.23828125 0.08359375 0.0796875
1 0.24765625 0.196875 0.06328125 0.05703125
1 0.16875 0.2234375 0.05234375 0.06484375
1 0.08515625 0.20703125 0.040625 0.05390625
1 0.9609375 0.1984375 0.078125 0.103125
1 0.78203125 0.19375 0.10546875 0.08125
1 0.575 0.16875 0.071875 0.07421875
1 0.4171875 0.15859375 0.071875 0.059375
3 0.2640625 0.12109375 0.128125 0.0984375
1 0.8390625 0.16328125 0.10546875 0.08671875
1 0.66796875 0.1546875 0.08984375 0.06328125
1 0.51015625 0.13828125 0.07734375 0.0609375
1 0.37578125 0.13125 0.06328125 0.05703125