1 0.6375 0.125 0.03515625 0.05390625
1 0.58671875 0.13203125 0.0375 0.05703125
1 0.70546875 0.134375 0.03984375 0.05390625
1 0.596875 0.18046875 0.03671875 0.071875
1 0.67265625 0.178125 0.040625 0.071875
1 0.696875 0.246875 0.06015625 0.1015625
1 0.80234375 0.2765625 0.07578125 0.1015625
1 0.66640625 0.38125 0.07890625 0.12421875
2 0.828125 0.54296875 0.11484375 0.19609375
1 0.9796875 0.54375 0.040625 0.134375
1 0.3296875 0.25 0.046875 0.0703125
2 0.16328125 0.83515625 0.184375 0.30703125
1 0.446875 0.76328125 0.11875 0.278125
1 0.4078125 0.24921875 0.05703125 0.08125
1 0.49375 0.26796875 0.05703125 0.109375
1 0.50390625 0.18046875 0.03828125 0.0703125
1 0.46875 0.10546875 0.03203125 0.04609375
1 0.51953125 0.0953125 0.03046875 0.05