1 0.42421875 0.65625 0.134375 0.23359375
1 0.55078125 0.465625 0.09765625 0.15
1 0.690625 0.33359375 0.07578125 0.1
1 0.75234375 0.2796875 0.05625 0.059375
1 0.80625 0.24375 0.05390625 0.05390625
1 0.19453125 0.84453125 0.18203125 0.2796875
1 0.39609375 0.52109375 0.11640625 0.13515625
1 0.5671875 0.35390625 0.08203125 0.09296875
1 0.66953125 0.28828125 0.05859375 0.071875
1 0.734375 0.253125 0.05859375 0.059375
3 0.1953125 0.540625 0.35859375 0.40703125
1 0.54296875 0.31484375 0.07578125 0.06875
1 0.4625 0.31640625 0.08046875 0.071875
1 0.52109375 0.2796875 0.06953125 0.059375
1 0.57578125 0.24921875 0.06171875 0.059375
1 0.615625 0.22890625 0.05390625 0.05
1 0.37578125 0.35625 0.10234375 0.08125
1 0.24765625 0.38046875 0.10859375 0.07578125
1 0.359375 0.3296875 0.08359375 0.0703125
1 0.44765625 0.29140625 0.06953125 0.06484375
2 0.50703125 0.2484375 0.06015625 0.05546875
1 0.57109375 0.21953125 0.05546875 0.0515625
1 0.52109375 0.21953125 0.05390625 0.0390625
1 0.64140625 0.26015625 0.07109375 0.0609375
1 0.08671875 0.45078125 0.13515625 0.10703125
2 0.925 0.64609375 0.15 0.1703125
1 0.27421875 0.434375 0.13359375 0.09609375
1 0.73203125 0.221875 0.06015625 0.0515625
1 0.66640625 0.6734375 0.19375 0.14609375
1 0.81171875 0.20390625 0.0625 0.04296875
1 0.121875 0.50078125 0.14609375 0.11328125
1 0.4578125 0.25 0.06171875 0.04453125
1 0.83203125 0.2203125 0.065625 0.04296875
1 0.29296875 0.32421875 0.08046875 0.06328125