1 0.91953125 0.7046875 0.16015625 0.18671875
1 0.74765625 0.565625 0.12265625 0.19296875
1 0.696875 0.43203125 0.07578125 0.12421875
0 0.66171875 0.259375 0.07265625 0.109375
1 0.74296875 0.3359375 0.06328125 0.11328125
1 0.47109375 0.146875 0.03125 0.0390625
1 0.42890625 0.1546875 0.03359375 0.0390625
1 0.60546875 0.13984375 0.040625 0.04453125
1 0.5484375 0.14921875 0.04296875 0.0390625
1 0.45 0.13671875 0.028125 0.03515625
1 0.23203125 0.20703125 0.059375 0.0484375
3 0.43359375 0.28828125 0.19765625 0.2796875
1 0.40078125 0.22890625 0.05390625 0.059375
1 0.49140625 0.13359375 0.02890625 0.0390625
1 0.325 0.16171875 0.04453125 0.040625
1 0.28671875 0.3453125 0.08984375 0.08671875
1 0.0953125 0.4265625 0.11796875 0.09453125
2 0.06953125 0.7140625 0.13671875 0.23515625
1 0.4703125 0.121875 0.028125 0.03125
1 0.41875 0.12578125 0.03359375 0.03359375