0 0.3859375 0.19921875 0.14453125 0.159375
1 0.14453125 0.1703125 0.07734375 0.071875
2 0.21328125 0.19921875 0.07734375 0.08671875
1 0.40234375 0.3046875 0.08515625 0.0890625
2 0.21484375 0.153125 0.06796875 0.071875
1 0.29296875 0.2796875 0.07265625 0.09453125
1 0.95859375 0.36875 0.08203125 0.109375
3 0.63671875 0.278125 0.28828125 0.27421875
1 0.79375 0.31796875 0.09140625 0.109375
1 0.58046875 0.40703125 0.11640625 0.11875
2 0.42109375 0.3734375 0.084375 0.13359375
1 0.8734375 0.30546875 0.09453125 0.0984375
1 0.79296875 0.2484375 0.08125 0.09296875
1 0.715625 0.240625 0.06875 0.0890625
1 0.5640625 0.55078125 0.12578125 0.15
1 0.90703125 0.76796875 0.18515625 0.2296875
1 0.71796875 0.18984375 0.059375 0.0703125
1 0.64140625 0.18125 0.05078125 0.06875