1 0.3390625 0.25390625 0.04375 0.07421875
1 0.628125 0.1140625 0.02578125 0.04609375
1 0.67578125 0.12890625 0.028125 0.0515625
1 0.653125 0.15703125 0.03828125 0.06484375
1 0.48984375 0.33125 0.06015625 0.10546875
1 0.71015625 0.1703125 0.03984375 0.05703125
1 0.3734375 0.403125 0.08125 0.1203125
1 0.4640625 0.171875 0.03671875 0.06328125
1 0.52109375 0.24453125 0.046875 0.06875
1 0.696875 0.2703125 0.05546875 0.09296875
1 0.79140625 0.275 0.06640625 0.090625
1 0.51796875 0.16796875 0.03203125 0.05546875
1 0.44921875 0.1453125 0.02890625 0.05
1 0.48671875 0.11875 0.025 0.03671875
1 0.87890625 0.61015625 0.13515625 0.1796875