1 0.29296875 0.04375 0.03203125 0.03671875
1 0.2375 0.06640625 0.03359375 0.03671875
1 0.22421875 0.04140625 0.028125 0.03359375
2 0.54921875 0.428125 0.12421875 0.19609375
1 0.28671875 0.33515625 0.08125 0.109375
1 0.17734375 0.38828125 0.0875 0.121875
1 0.346875 0.06484375 0.0375 0.04453125
1 0.32109375 0.24453125 0.06953125 0.09296875
1 0.2125 0.2296875 0.0625 0.0890625
1 0.3359375 0.1109375 0.04375 0.04453125
1 0.378125 0.1015625 0.05 0.05546875
1 0.48203125 0.090625 0.04609375 0.0484375
1 0.08203125 0.16875 0.04375 0.06640625
1 0.5015625 0.203125 0.08046875 0.06640625
1 0.73671875 0.26484375 0.11171875 0.08671875
1 0.090625 0.10078125 0.03203125 0.04296875
1 0.77734375 0.34375 0.103125 0.09296875