1 0.85625 0.9375 0.203125 0.125
1 0.18671875 0.04140625 0.02578125 0.03359375
1 0.2890625 0.7296875 0.13125 0.25
1 0.3140625 0.06484375 0.03515625 0.0390625
1 0.27109375 0.06640625 0.03046875 0.040625
1 0.26171875 0.0890625 0.03828125 0.04296875
1 0.38203125 0.06328125 0.040625 0.040625
1 0.40859375 0.0984375 0.04765625 0.04296875
2 0.29609375 0.20859375 0.07109375 0.109375
1 0.1984375 0.2265625 0.05234375 0.0796875
2 0.0640625 0.19375 0.05703125 0.1109375
1 0.1859375 0.12578125 0.04609375 0.0703125
1 0.53671875 0.11953125 0.05234375 0.059375
1 0.4203125 0.178125 0.06171875 0.05703125
1 0.08671875 0.11328125 0.0375 0.0609375
1 0.02578125 0.3515625 0.04921875 0.109375
1 0.7828125 0.23984375 0.10234375 0.08671875
1 0.77734375 0.3 0.11484375 0.09609375
1 0.7640625 0.36484375 0.1125 0.10703125