1 0.46015625 0.32890625 0.07734375 0.071875
1 0.52109375 0.290625 0.06640625 0.06328125
1 0.57734375 0.26171875 0.05859375 0.05703125
1 0.61484375 0.24140625 0.04765625 0.05
1 0.38046875 0.3703125 0.090625 0.078125
1 0.24609375 0.3953125 0.10546875 0.0703125
1 0.36015625 0.34609375 0.07890625 0.078125
1 0.44765625 0.30390625 0.06953125 0.059375
2 0.50625 0.265625 0.06171875 0.05703125
1 0.56796875 0.23203125 0.04921875 0.05
1 0.51953125 0.23125 0.05234375 0.04296875
1 0.08671875 0.46015625 0.14375 0.0984375
1 0.28203125 0.4359375 0.11171875 0.090625
1 0.12578125 0.51015625 0.14375 0.109375
1 0.45859375 0.26640625 0.0625 0.05546875
1 0.40078125 0.2984375 0.06796875 0.059375
1 0.203125 0.84296875 0.178125 0.290625
1 0.45703125 0.47109375 0.08671875 0.12578125
1 0.70234375 0.2796875 0.06015625 0.06640625
1 0.81171875 0.2359375 0.05390625 0.05