2 0.62890625 0.27890625 0.0625 0.090625
2 0.69453125 0.328125 0.08125 0.09609375
1 0.90390625 0.43125 0.11953125 0.1109375
1 0.69140625 0.253125 0.05703125 0.05390625
3 0.5296875 0.23515625 0.13203125 0.13671875
1 0.18671875 0.21484375 0.04140625 0.03125
1 0.75625 0.26015625 0.05390625 0.04453125
1 0.7546875 0.22890625 0.05390625 0.04296875
1 0.965625 0.7234375 0.06875 0.14375
1 0.30390625 0.21640625 0.06328125 0.03125
1 0.44453125 0.209375 0.05859375 0.03515625
1 0.5625 0.775 0.25078125 0.16328125
1 0.84140625 0.21875 0.053125 0.04609375
1 0.621875 0.9171875 0.25 0.165625
1 0.2515625 0.409375 0.10625 0.08359375
1 0.646875 0.196875 0.06484375 0.0390625
1 0.95546875 0.89140625 0.08828125 0.1984375
1 0.06171875 0.4984375 0.121875 0.0984375
1 0.071875 0.771875 0.14140625 0.15703125
3 0.04453125 0.8375 0.0890625 0.325