1 0.040625 0.35625 0.07890625 0.0890625
2 0.903125 0.5296875 0.19375 0.2625
1 0.553125 0.43359375 0.16328125 0.14453125
2 0.38984375 0.36328125 0.11875 0.140625
1 0.26640625 0.340625 0.10546875 0.1
3 0.14765625 0.28046875 0.18671875 0.1703125
1 0.06015625 0.2796875 0.05859375 0.06875
1 0.0234375 0.2703125 0.04453125 0.06640625
2 0.83359375 0.409375 0.21953125 0.20390625
1 0.60390625 0.36328125 0.140625 0.13125
1 0.4515625 0.30703125 0.12578125 0.11328125
1 0.32890625 0.28203125 0.10234375 0.09296875
1 0.24609375 0.265625 0.07109375 0.07578125
1 0.1625 0.2390625 0.059375 0.0609375
1 0.9671875 0.36796875 0.065625 0.1203125
1 0.51015625 0.23359375 0.10625 0.0890625
1 0.07265625 0.23203125 0.04453125 0.0609375
1 0.14921875 0.19140625 0.04765625 0.059375
1 0.09765625 0.18203125 0.0375 0.03671875
1 0.0453125 0.21796875 0.040625 0.059375
1 0.9734375 0.20078125 0.053125 0.09609375
1 0.86171875 0.196875 0.12265625 0.090625
1 0.71640625 0.18046875 0.109375 0.07421875
1 0.584375 0.16875 0.09375 0.07578125
3 0.434375 0.13046875 0.19296875 0.121875
1 0.97109375 0.18046875 0.05703125 0.071875
1 0.834375 0.15859375 0.11953125 0.08671875
1 0.67421875 0.14140625 0.10390625 0.07421875
1 0.51796875 0.12890625 0.06328125 0.05703125
1 0.30703125 0.15390625 0.06484375 0.05
1 0.3328125 0.13125 0.05 0.04609375
1 0.2375 0.146875 0.05 0.0484375
1 0.27421875 0.128125 0.04765625 0.04296875
1 0.18828125 0.14375 0.040625 0.04296875
1 0.22734375 0.12109375 0.04921875 0.0484375