1 0.08984375 0.46796875 0.14375 0.109375
1 0.1296875 0.51796875 0.15625 0.1109375
1 0.24765625 0.396875 0.11171875 0.08359375
1 0.284375 0.43828125 0.12109375 0.08359375
1 0.36171875 0.34375 0.08359375 0.07578125
1 0.38203125 0.37421875 0.096875 0.07578125
1 0.39921875 0.296875 0.06640625 0.05546875
1 0.4484375 0.30390625 0.07578125 0.0609375
1 0.4625 0.32890625 0.08203125 0.06640625
1 0.46015625 0.265625 0.06484375 0.05390625
1 0.50703125 0.26484375 0.0625 0.0609375
1 0.5234375 0.2953125 0.071875 0.059375
1 0.52421875 0.2359375 0.05625 0.0515625
1 0.56953125 0.23515625 0.05390625 0.059375
1 0.57890625 0.2640625 0.065625 0.0609375
1 0.61640625 0.24140625 0.05546875 0.05703125
1 0.7828125 0.24609375 0.05859375 0.0609375
1 0.66328125 0.33125 0.07109375 0.08359375
1 0.54921875 0.41484375 0.09453125 0.11484375