1 0.17734375 0.4953125 0.09375 0.1390625
1 0.03515625 0.5484375 0.06875 0.16875
2 0.62890625 0.18828125 0.03359375 0.06640625
1 0.4203125 0.565625 0.08984375 0.15
1 0.28203125 0.60859375 0.09921875 0.159375
1 0.27421875 0.353125 0.05625 0.08359375
1 0.68828125 0.203125 0.03125 0.05
1 0.7484375 0.20390625 0.03671875 0.0515625
1 0.4796875 0.3234375 0.053125 0.1015625
2 0.7125 0.271875 0.046875 0.08515625
1 0.42578125 0.271875 0.040625 0.06328125
1 0.79609375 0.44921875 0.075 0.10390625
1 0.5046875 0.23828125 0.03515625 0.06328125
2 0.46953125 0.1859375 0.03203125 0.05546875
1 0.77109375 0.76171875 0.12109375 0.178125
1 0.4203125 0.17890625 0.03046875 0.04296875