1 0.25390625 0.246875 0.03359375 0.0484375
1 0.30078125 0.24609375 0.034375 0.0484375
1 0.26015625 0.2734375 0.03515625 0.05390625
1 0.95078125 0.43671875 0.09765625 0.08515625
1 0.93125 0.4953125 0.1375 0.121875
1 0.30390625 0.30078125 0.0375 0.06328125
1 0.7921875 0.371875 0.10546875 0.090625
1 0.54140625 0.33046875 0.075 0.07421875
1 0.65078125 0.34609375 0.08984375 0.078125
1 0.4203125 0.384375 0.07734375 0.08515625
1 0.653125 0.296875 0.07734375 0.06875
1 0.47578125 0.2890625 0.05625 0.06328125
1 0.54609375 0.28125 0.059375 0.059375
1 0.60390625 0.590625 0.1375 0.1390625
1 0.56875 0.246875 0.05234375 0.0515625
1 0.38984375 0.23359375 0.03984375 0.0515625
1 0.4640625 0.24453125 0.04296875 0.05390625
1 0.48515625 0.2265625 0.0375 0.04609375