1 0.88125 0.884375 0.2375 0.23125
1 0.53984375 0.5640625 0.19609375 0.190625
1 0.97421875 0.6 0.05078125 0.16484375
2 0.78203125 0.490625 0.196875 0.23125
1 0.54609375 0.4296875 0.16171875 0.14609375
2 0.390625 0.3640625 0.11875 0.14296875
1 0.26796875 0.34140625 0.10625 0.1015625
3 0.14765625 0.28125 0.18515625 0.16875
1 0.06171875 0.28125 0.059375 0.0703125
1 0.02421875 0.2703125 0.046875 0.06328125
2 0.83515625 0.41328125 0.21875 0.2015625
1 0.60546875 0.36640625 0.14140625 0.13125
1 0.45390625 0.309375 0.125 0.1109375
1 0.32265625 0.28359375 0.09921875 0.0890625
1 0.20546875 0.259375 0.0625 0.06640625
1 0.1203125 0.22890625 0.05078125 0.059375
1 0.97421875 0.2015625 0.05078125 0.09609375
1 0.86328125 0.19921875 0.12421875 0.090625
1 0.71796875 0.18125 0.109375 0.07578125
1 0.58515625 0.1703125 0.09375 0.07578125
3 0.434375 0.1296875 0.19296875 0.12578125
1 0.86796875 0.16875 0.11953125 0.06875
1 0.7140625 0.15078125 0.1 0.0703125
1 0.5953125 0.13828125 0.0875 0.06484375
1 0.446875 0.13359375 0.06015625 0.05546875
1 0.31015625 0.1546875 0.06484375 0.05546875
1 0.32578125 0.13203125 0.05390625 0.04609375
1 0.24140625 0.1484375 0.04765625 0.05390625
1 0.25859375 0.1296875 0.04921875 0.04453125
1 0.18828125 0.14609375 0.04375 0.040625
1 0.21796875 0.12109375 0.04296875 0.04296875