1 0.27421875 0.31953125 0.04140625 0.06328125
1 0.2625 0.240625 0.034375 0.0515625
1 0.31953125 0.246875 0.03828125 0.05390625
1 0.946875 0.509375 0.10625 0.109375
1 0.328125 0.29453125 0.046875 0.0609375
1 0.36328125 0.3640625 0.05390625 0.07578125
1 0.79765625 0.39375 0.10625 0.1
1 0.64453125 0.36171875 0.090625 0.08359375
1 0.66640625 0.32578125 0.08046875 0.07421875
1 0.28046875 0.41171875 0.05 0.0984375
1 0.6875 0.29453125 0.06953125 0.08359375
1 0.56484375 0.25078125 0.05 0.0609375
1 0.50546875 0.2515625 0.05234375 0.05546875
1 0.275 0.68359375 0.08671875 0.15390625