1 0.46484375 0.32421875 0.07421875 0.0703125
1 0.52421875 0.28828125 0.06640625 0.06484375
1 0.57734375 0.25859375 0.05625 0.05390625
1 0.61640625 0.23203125 0.04921875 0.0484375
1 0.38203125 0.36484375 0.08984375 0.07421875
1 0.2484375 0.3859375 0.103125 0.07578125
1 0.3625 0.33359375 0.08046875 0.071875
1 0.44921875 0.29140625 0.07109375 0.0609375
2 0.50703125 0.25625 0.059375 0.059375
1 0.56953125 0.22578125 0.04765625 0.05
1 0.51953125 0.22890625 0.05625 0.04609375
1 0.0890625 0.4546875 0.13984375 0.0984375
1 0.28359375 0.42578125 0.10859375 0.08359375
1 0.1296875 0.49609375 0.14375 0.1015625
1 0.459375 0.25859375 0.06171875 0.05390625
1 0.39375 0.29375 0.06640625 0.05703125
1 0.3625 0.48203125 0.10390625 0.11328125
1 0.5 0.4609375 0.09296875 0.11328125
2 0.63203125 0.3 0.06171875 0.0984375
1 0.7671875 0.2546875 0.05 0.059375