1 0.63828125 0.16171875 0.03671875 0.06328125
1 0.75234375 0.25 0.05703125 0.08671875
1 0.8984375 0.671875 0.153125 0.20703125
2 0.76640625 0.90625 0.20625 0.18671875
1 0.24453125 0.709375 0.15703125 0.22421875
1 0.175 0.56796875 0.12734375 0.1609375
1 0.37890625 0.3703125 0.075 0.11640625
2 0.290625 0.3296875 0.08984375 0.17578125
1 0.4359375 0.26015625 0.05625 0.08359375
1 0.51953125 0.2234375 0.04609375 0.08125
1 0.45078125 0.18671875 0.03828125 0.06328125
1 0.51015625 0.13515625 0.03359375 0.05
1 0.47578125 0.11640625 0.02734375 0.04609375
2 0.52265625 0.10703125 0.02890625 0.0515625
1 0.45078125 0.1046875 0.02734375 0.0390625