1 0.83515625 0.6859375 0.28046875 0.259375
1 0.8125 0.52109375 0.23359375 0.2015625
1 0.45546875 0.40625 0.16015625 0.14453125
1 0.25546875 0.33125 0.10234375 0.11484375
1 0.08359375 0.30390625 0.1 0.078125
1 0.0546875 0.278125 0.071875 0.078125
2 0.825 0.3984375 0.21640625 0.20390625
1 0.59921875 0.3546875 0.14296875 0.13671875
1 0.4453125 0.30078125 0.12734375 0.11640625
1 0.32265625 0.2765625 0.10234375 0.09453125
1 0.23671875 0.26328125 0.08359375 0.0796875
1 0.171875 0.2453125 0.06484375 0.071875
1 0.11171875 0.23828125 0.05703125 0.071875
1 0.94140625 0.28203125 0.11640625 0.121875
1 0.915625 0.3546875 0.16875 0.14375
1 0.071875 0.2203125 0.04921875 0.06640625
1 0.721875 0.303125 0.146875 0.128125
1 0.6671875 0.23828125 0.13203125 0.109375
1 0.49921875 0.25625 0.11015625 0.1
1 0.9578125 0.18515625 0.084375 0.0890625
1 0.64609375 0.16484375 0.10234375 0.078125
1 0.44453125 0.14921875 0.07578125 0.0609375
1 0.66171875 0.12578125 0.08984375 0.07578125
1 0.275 0.140625 0.059375 0.0609375
1 0.4828125 0.11875 0.07578125 0.06328125
1 0.2 0.13671875 0.05 0.04453125
2 0.240625 0.11640625 0.05546875 0.05546875