1 0.62734375 0.22421875 0.03359375 0.04453125
1 0.69375 0.22578125 0.03828125 0.05390625
1 0.7484375 0.19921875 0.03203125 0.0515625
1 0.64609375 0.284375 0.040625 0.06328125
1 0.38828125 0.37109375 0.06171875 0.090625
1 0.73125 0.30390625 0.053125 0.07421875
1 0.3890625 0.24453125 0.03515625 0.05546875
1 0.81015625 0.21171875 0.03515625 0.05
1 0.31484375 0.2546875 0.04140625 0.06328125
1 0.50234375 0.2546875 0.034375 0.059375
1 0.41171875 0.20390625 0.03359375 0.0484375
1 0.51875 0.21015625 0.02890625 0.04453125
2 0.46171875 0.20390625 0.0375 0.08359375
1 0.8640625 0.31484375 0.05859375 0.08125
1 0.371875 0.19609375 0.03203125 0.05
1 0.71796875 0.6046875 0.09453125 0.15
1 0.93671875 0.4546875 0.084375 0.1015625
1 0.9875 0.60078125 0.025 0.1203125