1 0.55546875 0.46875 0.10546875 0.14609375
1 0.62578125 0.3734375 0.07734375 0.10390625
1 0.71953125 0.30703125 0.06875 0.0890625
1 0.76796875 0.27109375 0.05078125 0.059375
1 0.809375 0.24140625 0.05 0.05546875
1 0.47734375 0.44140625 0.10078125 0.121875
1 0.55234375 0.37578125 0.07734375 0.090625
1 0.62578125 0.309375 0.071875 0.08515625
1 0.68515625 0.2765625 0.053125 0.06328125
1 0.74296875 0.25546875 0.05703125 0.06328125
1 0.34921875 0.46171875 0.11875 0.1203125
3 0.484375 0.32578125 0.20234375 0.209375
1 0.62578125 0.271875 0.059375 0.06640625
1 0.47265625 0.33828125 0.0875 0.078125
1 0.534375 0.28828125 0.071875 0.06484375
1 0.57890625 0.2515625 0.05859375 0.0515625
1 0.615625 0.22890625 0.04921875 0.05390625
1 0.38046875 0.35859375 0.096875 0.0796875
1 0.2453125 0.38359375 0.10546875 0.0796875
1 0.36328125 0.33125 0.08203125 0.07421875
1 0.45234375 0.29609375 0.08515625 0.06484375
2 0.5078125 0.2546875 0.06875 0.06640625
1 0.56796875 0.225 0.05390625 0.05703125
1 0.51953125 0.225 0.053125 0.05
1 0.95 0.66484375 0.1 0.1359375
1 0.68828125 0.2453125 0.06328125 0.06328125
1 0.08828125 0.44921875 0.13828125 0.10703125
1 0.54765625 0.83203125 0.25234375 0.18125
2 0.68671875 0.64921875 0.21328125 0.1703125
1 0.28203125 0.41640625 0.11640625 0.090625
1 0.75390625 0.21953125 0.05625 0.0609375
1 0.80078125 0.940625 0.28125 0.11875
1 0.22109375 0.68671875 0.196875 0.1484375
1 0.08046875 0.921875 0.159375 0.15546875