2 0.7203125 0.690625 0.14765625 0.36640625
1 0.63515625 0.46953125 0.09609375 0.16484375
1 0.640625 0.31015625 0.078125 0.14609375
1 0.903125 0.6203125 0.14765625 0.27578125
1 0.7796875 0.37109375 0.09609375 0.140625
1 0.61171875 0.18203125 0.04765625 0.08359375
1 0.75078125 0.0453125 0.03046875 0.04296875
1 0.78203125 0.07578125 0.0375 0.0609375
1 0.82265625 0.065625 0.03671875 0.0484375
1 0.70078125 0.171875 0.05 0.08359375
2 0.58984375 0.121875 0.03359375 0.08125
1 0.85 0.109375 0.04609375 0.06484375
1 0.61953125 0.1 0.03515625 0.059375
1 0.81640625 0.1609375 0.05078125 0.07578125
1 0.603125 0.059375 0.02890625 0.0484375
1 0.965625 0.18671875 0.06875 0.08359375
1 0.98125 0.27734375 0.0375 0.1046875
1 0.978125 0.4109375 0.04375 0.14453125
3 0.38203125 0.7296875 0.36484375 0.540625