1 0.25859375 0.4140625 0.07421875 0.10390625
1 0.71953125 0.24140625 0.03828125 0.06484375
1 0.43828125 0.43671875 0.06484375 0.11640625
1 0.37421875 0.34921875 0.0625 0.090625
1 0.26953125 0.2796875 0.05546875 0.0703125
1 0.67265625 0.33984375 0.05859375 0.10703125
1 0.48515625 0.27578125 0.04453125 0.07421875
1 0.41328125 0.25625 0.04375 0.06875
1 0.83828125 0.23828125 0.046875 0.06640625
1 0.8765625 0.35390625 0.059375 0.08359375
1 0.82109375 0.45078125 0.071875 0.1015625
1 0.36484375 0.23671875 0.03984375 0.05703125
1 0.4921875 0.2140625 0.03671875 0.0609375
1 0.9765625 0.559375 0.046875 0.13125