1 0.33359375 0.22578125 0.05 0.06484375
1 0.33203125 0.471875 0.090625 0.1609375
1 0.45546875 0.52109375 0.1 0.17578125
1 0.72265625 0.16953125 0.04296875 0.06484375
1 0.48359375 0.1515625 0.0375 0.06640625
1 0.59765625 0.18046875 0.040625 0.06640625
1 0.49921875 0.2734375 0.04921875 0.1
2 0.44453125 0.13046875 0.03984375 0.078125
1 0.6921875 0.24296875 0.05546875 0.090625
1 0.60859375 0.22890625 0.05390625 0.08515625
1 0.51796875 0.18515625 0.03984375 0.0703125
1 0.7796875 0.378125 0.08828125 0.13515625
1 0.84921875 0.54609375 0.14609375 0.21875
1 0.49140625 0.10078125 0.025 0.03359375
3 0.80625 0.22890625 0.12578125 0.1984375
3 0.6453125 0.13125 0.06640625 0.1390625