1 0.04921875 0.60859375 0.096875 0.14609375
1 0.78125 0.1703125 0.03359375 0.05
1 0.86953125 0.19453125 0.03515625 0.05703125
1 0.40703125 0.384375 0.090625 0.109375
1 0.215625 0.3859375 0.12421875 0.13671875
1 0.46484375 0.26953125 0.05859375 0.071875
1 0.95546875 0.35078125 0.05546875 0.10390625
1 0.7484375 0.35078125 0.06328125 0.09296875
1 0.64296875 0.35390625 0.071875 0.090625
1 0.49921875 0.18359375 0.04453125 0.0484375
1 0.63984375 0.18671875 0.04375 0.05
1 0.62421875 0.15390625 0.04453125 0.0515625