1 0.93125 0.703125 0.1375 0.165625
1 0.74765625 0.56796875 0.12421875 0.19453125
1 0.6953125 0.43671875 0.07734375 0.12578125
0 0.6609375 0.26015625 0.07265625 0.1109375
1 0.74140625 0.33828125 0.06484375 0.11328125
1 0.47109375 0.14921875 0.03125 0.040625
1 0.428125 0.15859375 0.034375 0.0390625
1 0.62421875 0.1296875 0.0375 0.04296875
1 0.575 0.1390625 0.03203125 0.03515625
1 0.44921875 0.13828125 0.02890625 0.03671875
1 0.184375 0.23046875 0.06640625 0.05390625
3 0.49453125 0.23515625 0.16015625 0.22578125
1 0.44453125 0.1953125 0.03984375 0.05
1 0.49140625 0.13359375 0.028125 0.03671875
1 0.28359375 0.18046875 0.05078125 0.04296875
1 0.36484375 0.29296875 0.07578125 0.07578125
1 0.19921875 0.359375 0.096875 0.08125
2 0.18671875 0.55546875 0.165625 0.190625
1 0.47109375 0.1234375 0.02578125 0.03359375
1 0.3890625 0.13828125 0.0375 0.03359375
1 0.07578125 0.48984375 0.12265625 0.1109375