1 0.64296875 0.47109375 0.1125 0.16640625
1 0.69609375 0.89453125 0.16796875 0.1796875
3 0.49921875 0.103125 0.0625 0.2015625
1 0.6046875 0.25078125 0.059375 0.1
1 0.91953125 0.815625 0.16015625 0.31640625
1 0.69375 0.25546875 0.06796875 0.10546875
2 0.66171875 0.159375 0.05390625 0.1
1 0.57890625 0.128125 0.03828125 0.06328125
1 0.70859375 0.05859375 0.03125 0.0484375
1 0.590625 0.08984375 0.034375 0.05
1 0.55625 0.046875 0.025 0.03671875
1 0.83359375 0.190625 0.071875 0.08359375
3 0.43984375 0.56171875 0.20078125 0.65390625