3 0.07109375 0.365625 0.140625 0.14453125
1 0.14296875 0.43515625 0.07734375 0.08515625
3 0.4875 0.6265625 0.53984375 0.51328125
3 0.9546875 0.82421875 0.090625 0.328125
3 0.2953125 0.321875 0.16328125 0.13359375
1 0.4453125 0.396875 0.09921875 0.08671875
1 0.59765625 0.4546875 0.13046875 0.10390625
1 0.771875 0.5140625 0.153125 0.1203125
1 0.73125 0.4390625 0.140625 0.1015625
1 0.521875 0.3796875 0.1 0.08125
3 0.38125 0.30625 0.16875 0.1390625
1 0.2375 0.6203125 0.12421875 0.1484375
1 0.2640625 0.27890625 0.04453125 0.0390625
1 0.32265625 0.25 0.04609375 0.040625
1 0.01875 0.4234375 0.03515625 0.0796875
1 0.95234375 0.57578125 0.09453125 0.11640625