1 0.43828125 0.8 0.09921875 0.22578125
1 0.5 0.21015625 0.03359375 0.05
2 0.28515625 0.82890625 0.11953125 0.23125
1 0.01640625 0.871875 0.03046875 0.1515625
1 0.46640625 0.21484375 0.03203125 0.059375
3 0.03359375 0.51640625 0.06484375 0.228125
2 0.43515625 0.21015625 0.03203125 0.06875
1 0.1453125 0.584375 0.11328125 0.17421875
1 0.6421875 0.2046875 0.03125 0.040625
1 0.56953125 0.190625 0.025 0.040625
3 0.66640625 0.153125 0.05546875 0.09609375
1 0.19609375 0.41796875 0.07734375 0.109375
1 0.29609375 0.3109375 0.04765625 0.071875
1 0.596875 0.24921875 0.03359375 0.0515625
1 0.66640625 0.2796875 0.04609375 0.0609375
3 0.24609375 0.25859375 0.11640625 0.1609375
1 0.63125 0.38125 0.053125 0.08671875
1 0.7609375 0.43359375 0.08046875 0.11640625
1 0.40234375 0.21015625 0.03125 0.05390625
1 0.359375 0.203125 0.034375 0.05
3 0.859375 0.8171875 0.278125 0.365625