1 0.553125 0.465625 0.103125 0.1484375
1 0.625 0.3703125 0.07109375 0.109375
1 0.71875 0.30078125 0.06953125 0.08671875
1 0.7703125 0.26640625 0.05078125 0.06328125
1 0.80859375 0.240625 0.05 0.05390625
1 0.4765625 0.4359375 0.10078125 0.12421875
1 0.553125 0.37421875 0.08046875 0.090625
1 0.62578125 0.3046875 0.07109375 0.08515625
1 0.68359375 0.27421875 0.05546875 0.06875
1 0.7421875 0.25078125 0.05703125 0.06875
1 0.34921875 0.459375 0.11796875 0.12578125
3 0.4828125 0.3234375 0.20234375 0.209375
1 0.6265625 0.26796875 0.06015625 0.06640625
1 0.465625 0.31328125 0.08984375 0.0703125
1 0.5359375 0.28203125 0.07890625 0.0609375
1 0.57734375 0.24453125 0.06015625 0.05546875
1 0.615625 0.22578125 0.05 0.05
1 0.384375 0.3546875 0.10078125 0.078125
1 0.24453125 0.37890625 0.10390625 0.0796875
1 0.36171875 0.325 0.08203125 0.071875
1 0.45078125 0.29609375 0.08203125 0.071875
2 0.5109375 0.25625 0.078125 0.07421875
1 0.56953125 0.21640625 0.059375 0.0515625
1 0.52265625 0.21953125 0.05 0.05
1 0.959375 0.6640625 0.08125 0.13671875
1 0.690625 0.24375 0.06484375 0.06328125
1 0.08828125 0.44609375 0.13984375 0.109375
1 0.6984375 0.81875 0.24765625 0.18359375
2 0.77109375 0.6484375 0.21328125 0.1796875
1 0.28359375 0.4140625 0.11015625 0.0890625
1 0.75 0.21171875 0.05703125 0.0515625
1 0.4296875 0.678125 0.19453125 0.15390625
1 0.52421875 0.95 0.29375 0.1
1 0.8125 0.20546875 0.05625 0.0515625
1 0.03046875 0.53984375 0.059375 0.0796875