2 0.43359375 0.24140625 0.11328125 0.09453125
1 0.5921875 0.3140625 0.05234375 0.0890625
2 0.58671875 0.20390625 0.03359375 0.0890625
1 0.64140625 0.190625 0.0375 0.059375
1 0.8828125 0.2984375 0.06328125 0.08125
1 0.83125 0.18125 0.03984375 0.05703125
1 0.78203125 0.196875 0.04296875 0.05703125
1 0.76875 0.17890625 0.03828125 0.0515625
1 0.77890625 0.15 0.03203125 0.04609375
1 0.7375 0.153125 0.03515625 0.04453125
2 0.71953125 0.128125 0.03046875 0.05546875
1 0.70234375 0.11953125 0.02734375 0.040625
1 0.89453125 0.36328125 0.07734375 0.10546875
1 0.61796875 0.14609375 0.03046875 0.04609375
1 0.56875 0.13125 0.02578125 0.040625
3 0.94375 0.23671875 0.1125 0.20703125