1 0.04921875 0.73828125 0.096875 0.19453125
1 0.6203125 0.171875 0.02734375 0.04453125
1 0.42109375 0.5140625 0.07890625 0.13125
2 0.31796875 0.44609375 0.09453125 0.20546875
2 0.33671875 0.28828125 0.04296875 0.0796875
2 0.38359375 0.34609375 0.05546875 0.10546875
1 0.4875 0.30625 0.04453125 0.07578125
1 0.4109375 0.28203125 0.04296875 0.06484375
1 0.3953125 0.21640625 0.03515625 0.05703125
1 0.33984375 0.21171875 0.03515625 0.06484375
2 0.70234375 0.5109375 0.084375 0.18125
1 0.51640625 0.21015625 0.03359375 0.05390625
1 0.4625 0.21328125 0.03359375 0.0515625
1 0.4171875 0.178125 0.028125 0.0390625