3 0.54609375 0.20625 0.134375 0.13125
1 0.38515625 0.54609375 0.128125 0.15546875
1 0.53515625 0.4109375 0.0875 0.10703125
1 0.43046875 0.28515625 0.065625 0.06328125
1 0.3515625 0.328125 0.08984375 0.07578125
1 0.175 0.65546875 0.16796875 0.1984375
1 0.63203125 0.2234375 0.04609375 0.05703125
1 0.2390625 0.38828125 0.11171875 0.08671875
1 0.103125 0.4453125 0.13515625 0.1
1 0.53515625 0.32421875 0.07421875 0.0796875
2 0.58203125 0.23984375 0.06796875 0.07421875
1 0.47421875 0.61953125 0.11875 0.171875
2 0.52578125 0.2703125 0.06015625 0.0703125
1 0.61171875 0.33046875 0.06953125 0.078125
1 0.74296875 0.38828125 0.05625 0.11640625
2 0.684375 0.25625 0.09375 0.121875
1 0.9328125 0.74140625 0.134375 0.17578125
1 0.76328125 0.23828125 0.06015625 0.05546875
1 0.74921875 0.28359375 0.06328125 0.071875
1 0.4359375 0.325 0.07734375 0.078125
1 0.84765625 0.23125 0.05078125 0.06328125
1 0.6421875 0.253125 0.05078125 0.0515625