0 0.59453125 0.62890625 0.29609375 0.259375
1 0.65859375 0.13359375 0.06796875 0.05390625
1 0.04453125 0.4265625 0.0875 0.121875
2 0.56171875 0.23984375 0.10234375 0.1
1 0.21953125 0.30625 0.125 0.09453125
1 0.421875 0.1515625 0.06953125 0.059375
1 0.40546875 0.36015625 0.14375 0.1203125
3 0.4984375 0.16953125 0.25390625 0.14609375
1 0.6578125 0.2 0.09375 0.06484375
1 0.61875 0.31640625 0.13984375 0.1
1 0.775 0.22578125 0.10078125 0.08125
1 0.23359375 0.18046875 0.09375 0.04453125
1 0.2328125 0.20546875 0.08515625 0.059375
2 0.96796875 0.184375 0.06328125 0.071875
1 0.9765625 0.228125 0.046875 0.06875