1 0.4484375 0.48984375 0.11484375 0.15546875
1 0.34609375 0.65 0.13359375 0.19609375
1 0.25546875 0.06875 0.02734375 0.03359375
1 0.18515625 0.05859375 0.02421875 0.0296875
1 0.57890625 0.46484375 0.12421875 0.1515625
1 0.1859375 0.859375 0.15 0.28125
1 0.22265625 0.07109375 0.03359375 0.03671875
1 0.2875 0.06015625 0.02890625 0.03515625
2 0.25625 0.35078125 0.07421875 0.15546875
1 0.29609375 0.10859375 0.04140625 0.03671875
1 0.4359375 0.1046875 0.03984375 0.0484375
1 0.08828125 0.18984375 0.03515625 0.06640625
2 0.12109375 0.12890625 0.03828125 0.0703125
1 0.15859375 0.1109375 0.03125 0.04609375
1 0.521875 0.22578125 0.06640625 0.06875
1 0.73515625 0.23671875 0.08671875 0.07578125
2 0.03828125 0.0953125 0.02734375 0.05390625
1 0.01328125 0.17890625 0.02421875 0.05546875