1 0.47734375 0.18515625 0.04765625 0.0703125
1 0.6484375 0.15390625 0.04609375 0.0703125
1 0.56953125 0.17578125 0.04609375 0.07421875
3 0.12109375 0.44140625 0.23984375 0.4796875
3 0.8171875 0.228125 0.23828125 0.28125
1 0.3390625 0.3265625 0.084375 0.171875
1 0.09609375 0.25078125 0.08515625 0.1015625
1 0.19375 0.1359375 0.04375 0.06328125
1 0.63046875 0.4390625 0.08984375 0.1609375
0 0.86875 0.609375 0.2625 0.6015625
1 0.33203125 0.1765625 0.053125 0.08515625
3 0.25859375 0.14609375 0.12734375 0.18515625
1 0.365625 0.11875 0.0375 0.05546875