1 0.2375 0.48671875 0.08671875 0.071875
1 0.19765625 0.64375 0.1375 0.11484375
1 0.090625 0.93671875 0.17890625 0.12578125
1 0.37734375 0.815625 0.17109375 0.15
1 0.5890625 0.70546875 0.12421875 0.109375
0 0.38984375 0.58515625 0.10234375 0.1015625
3 0.72109375 0.50546875 0.24765625 0.15390625
1 0.8640625 0.75390625 0.1125 0.10546875
1 0.1375 0.53671875 0.05859375 0.0796875
1 0.04609375 0.4953125 0.06484375 0.071875
3 0.6671875 0.8796875 0.421875 0.240625
1 0.59296875 0.8390625 0.15 0.13515625
1 0.33359375 0.95625 0.19921875 0.08671875