0 0.66484375 0.25703125 0.075 0.109375
1 0.94609375 0.6640625 0.10703125 0.19296875
1 0.72734375 0.5640625 0.10234375 0.159375
1 0.69296875 0.43125 0.06875 0.12578125
1 0.71484375 0.3296875 0.06328125 0.10703125
1 0.753125 0.2765625 0.053125 0.08359375
1 0.79453125 0.23515625 0.04921875 0.06640625
1 0.81796875 0.2 0.04140625 0.05703125
1 0.89921875 0.909375 0.20078125 0.18125
1 0.85703125 0.175 0.0625 0.05703125
1 0.49921875 0.7953125 0.23125 0.2015625
1 0.32578125 0.2609375 0.08671875 0.0609375
2 0.55234375 0.13046875 0.053125 0.04453125
1 0.37265625 0.190625 0.06171875 0.040625
1 0.1546875 0.246875 0.078125 0.0515625