1 0.6984375 0.05703125 0.01953125 0.0390625
1 0.71171875 0.06640625 0.028125 0.03671875
1 0.40859375 0.24296875 0.08828125 0.0796875
1 0.73671875 0.0734375 0.02578125 0.03515625
1 0.75625 0.05 0.02109375 0.02421875
1 0.73671875 0.04296875 0.02109375 0.028125
1 0.77109375 0.03125 0.02109375 0.03359375
1 0.775 0.0734375 0.02578125 0.05
1 0.76015625 0.0953125 0.03203125 0.04609375
1 0.7578125 0.08203125 0.02109375 0.03359375
1 0.60078125 0.28828125 0.05390625 0.10703125
1 0.54921875 0.14921875 0.03125 0.05703125
1 0.67890625 0.24140625 0.05546875 0.08515625
1 0.73671875 0.11796875 0.03203125 0.05
1 0.79296875 0.1234375 0.03359375 0.05
1 0.64140625 0.15 0.04296875 0.0609375
1 0.80859375 0.15078125 0.04453125 0.06484375
2 0.7515625 0.159375 0.04765625 0.0796875
1 0.62421875 0.08515625 0.02578125 0.04453125
1 0.91875 0.27109375 0.08359375 0.1109375
3 0.5453125 0.040625 0.03359375 0.078125