1 0.4734375 0.2046875 0.05390625 0.0796875
1 0.528125 0.27578125 0.06796875 0.13125
1 0.55078125 0.60546875 0.13046875 0.24609375
1 0.6421875 0.29375 0.06640625 0.12421875
1 0.57109375 0.1796875 0.05 0.0796875
1 0.784375 0.078125 0.03828125 0.059375
1 0.74765625 0.11796875 0.046875 0.06640625
1 0.65 0.190625 0.04921875 0.08515625
2 0.590625 0.1015625 0.046875 0.09296875
2 0.8125 0.10546875 0.05 0.08515625
1 0.44765625 0.1796875 0.08046875 0.0703125
1 0.83125 0.18984375 0.06171875 0.08671875
1 0.81875 0.29375 0.08359375 0.1203125
1 0.9734375 0.3125 0.053125 0.128125
3 0.49296875 0.1015625 0.13125 0.16875