1 0.46640625 0.2859375 0.071875 0.07421875
1 0.66171875 0.2046875 0.03046875 0.040625
1 0.54609375 0.2515625 0.05234375 0.05390625
1 0.6 0.21015625 0.03203125 0.04296875
1 0.56171875 0.20703125 0.03671875 0.04453125
1 0.34296875 0.3515625 0.08671875 0.0703125
1 0.6203125 0.24609375 0.046875 0.05546875
1 0.19609375 0.43125 0.12109375 0.09296875
1 0.55859375 0.49375 0.096875 0.12578125
1 0.68359375 0.35546875 0.071875 0.08515625
2 0.78828125 0.23671875 0.05859375 0.078125
2 0.03828125 0.4984375 0.075 0.1
1 0.86953125 0.21328125 0.06328125 0.06328125