2 0.68515625 0.18125 0.028125 0.05
1 0.64609375 0.2234375 0.034375 0.05390625
1 0.7671875 0.171875 0.03125 0.0390625
2 0.36484375 0.69140625 0.090625 0.23671875
1 0.28828125 0.56328125 0.09453125 0.14296875
1 0.71875 0.24609375 0.03828125 0.05703125
1 0.6484375 0.2859375 0.04375 0.06484375
1 0.77578125 0.24140625 0.03828125 0.05
2 0.39453125 0.3296875 0.04921875 0.11484375
1 0.68203125 0.39140625 0.05390625 0.08359375
1 0.76953125 0.3796875 0.06640625 0.11328125
2 0.85390625 0.34453125 0.06015625 0.0984375
2 0.51171875 0.22578125 0.03046875 0.06875
2 0.35546875 0.2109375 0.03125 0.06328125
1 0.89375 0.65703125 0.11640625 0.17578125
1 0.95078125 0.3609375 0.06640625 0.08359375
1 0.89921875 0.2859375 0.06015625 0.08125