1 0.36953125 0.46015625 0.11484375 0.13359375
3 0.54609375 0.20703125 0.134375 0.13125
1 0.484375 0.45078125 0.10078125 0.11875
1 0.47890625 0.3703125 0.08515625 0.08671875
1 0.5953125 0.36328125 0.075 0.0796875
1 0.4296875 0.290625 0.06796875 0.0609375
1 0.35390625 0.33046875 0.08671875 0.06640625
1 0.55390625 0.3140625 0.07890625 0.0796875
1 0.63359375 0.22109375 0.046875 0.04453125
1 0.24140625 0.39453125 0.11015625 0.08125
1 0.1046875 0.45625 0.13203125 0.09609375
1 0.528125 0.51953125 0.1125 0.13671875
1 0.62734375 0.265625 0.06171875 0.0609375
2 0.56484375 0.25078125 0.06796875 0.0703125
1 0.61640625 0.41796875 0.09609375 0.11640625
1 0.9453125 0.696875 0.109375 0.15546875
3 0.51484375 0.909375 0.80234375 0.18125
1 0.703125 0.31484375 0.059375 0.0796875
2 0.43359375 0.3265625 0.075 0.08515625
1 0.52265625 0.80703125 0.24453125 0.121875
1 0.75234375 0.24140625 0.05546875 0.059375
1 0.11171875 0.83671875 0.22109375 0.17421875
1 0.8625 0.2109375 0.053125 0.04609375
1 0.0453125 0.65 0.08828125 0.1390625