0 0.6671875 0.284375 0.07734375 0.1015625
1 0.36484375 0.6546875 0.12734375 0.2109375
1 0.38984375 0.35390625 0.04140625 0.08671875
1 0.66015625 0.765625 0.21484375 0.259375
1 0.303125 0.41171875 0.053125 0.1
1 0.9390625 0.79921875 0.121875 0.21875
1 0.57734375 0.5484375 0.13359375 0.14453125
1 0.36796875 0.28125 0.03671875 0.071875
3 0.31875 0.24453125 0.08203125 0.178125
3 0.23359375 0.2546875 0.13046875 0.178125
3 0.265625 0.18046875 0.084375 0.06875
1 0.47734375 0.38984375 0.05859375 0.13125
1 0.41640625 0.2359375 0.03515625 0.05703125
1 0.47109375 0.23984375 0.03359375 0.0609375
1 0.48046875 0.19921875 0.034375 0.04296875
1 0.43671875 0.184375 0.028125 0.04453125
3 0.3765625 0.16328125 0.053125 0.109375
3 0.14765625 0.25390625 0.15078125 0.140625
1 0.15703125 0.37421875 0.065625 0.078125
1 0.4234375 0.296875 0.03515625 0.06875
1 0.47421875 0.1515625 0.03125 0.0515625
1 0.50546875 0.16171875 0.03515625 0.04296875
1 0.41015625 0.14609375 0.01796875 0.03125
1 0.034375 0.35625 0.06640625 0.071875
3 0.08671875 0.49453125 0.17109375 0.34609375