1 0.434375 0.7953125 0.09375 0.221875
1 0.5015625 0.203125 0.03046875 0.04453125
2 0.284375 0.82578125 0.10625 0.22578125
1 0.04765625 0.78125 0.09296875 0.23125
1 0.265625 0.4703125 0.0625 0.1109375
1 0.03984375 0.578125 0.07734375 0.1515625
1 0.19453125 0.43125 0.08515625 0.128125
1 0.58828125 0.209375 0.03046875 0.0515625
3 0.6859375 0.1796875 0.06953125 0.0984375
1 0.33203125 0.34296875 0.04921875 0.08125
1 0.21328125 0.3296875 0.06015625 0.06640625
1 0.665625 0.26796875 0.04453125 0.0609375
1 0.60703125 0.2734375 0.040625 0.06484375
1 0.27734375 0.32890625 0.046875 0.078125
1 0.37265625 0.26953125 0.0375 0.0609375
2 0.32578125 0.2359375 0.03828125 0.0890625
1 0.27265625 0.253125 0.040625 0.06328125
1 0.65390625 0.46484375 0.0625 0.10390625
1 0.77890625 0.32578125 0.06171875 0.06640625
1 0.82734375 0.59921875 0.10703125 0.12421875
1 0.39765625 0.21171875 0.03046875 0.05
1 0.459375 0.2 0.025 0.04453125
1 0.37109375 0.18671875 0.02890625 0.04453125