1 0.08984375 0.46015625 0.13984375 0.09609375
1 0.1296875 0.50625 0.13984375 0.08515625
1 0.2484375 0.3953125 0.10546875 0.06875
1 0.28359375 0.43203125 0.11328125 0.07421875
1 0.36796875 0.34296875 0.078125 0.071875
1 0.38125 0.371875 0.090625 0.06640625
1 0.39921875 0.29375 0.0625 0.0484375
1 0.44765625 0.30390625 0.06640625 0.05703125
1 0.46171875 0.3265625 0.07265625 0.05546875
1 0.459375 0.26171875 0.05703125 0.04609375
1 0.50859375 0.26328125 0.059375 0.05546875
1 0.5203125 0.29375 0.06796875 0.05390625
1 0.528125 0.23046875 0.05078125 0.04453125
1 0.56875 0.234375 0.05234375 0.05546875
1 0.60234375 0.24609375 0.053125 0.05
1 0.64765625 0.22421875 0.04453125 0.0484375
1 0.625 0.36015625 0.07265625 0.08359375