1 0.628125 0.2 0.025 0.040625
1 0.65 0.25625 0.03828125 0.06875
1 0.7359375 0.18671875 0.03125 0.04453125
1 0.28359375 0.8953125 0.15 0.18125
2 0.3203125 0.4484375 0.09375 0.19453125
1 0.75078125 0.25625 0.04453125 0.06328125
1 0.72265625 0.30546875 0.04140625 0.0703125
1 0.79140625 0.19921875 0.03046875 0.04453125
1 0.2484375 0.42421875 0.07109375 0.0984375
1 0.5 0.29375 0.04453125 0.0609375
1 0.7109375 0.53125 0.08046875 0.121875
1 0.90859375 0.659375 0.128125 0.18671875
1 0.91328125 0.43984375 0.078125 0.1
1 0.409375 0.209375 0.02890625 0.04296875
1 0.7671875 0.76953125 0.11328125 0.19296875
1 0.97421875 0.39921875 0.040625 0.08671875