1 0.47265625 0.18671875 0.059375 0.07421875
2 0.640625 0.40546875 0.09921875 0.2109375
1 0.67109375 0.79609375 0.134375 0.290625
1 0.61484375 0.29140625 0.0625 0.1015625
1 0.9234375 0.76015625 0.153125 0.3796875
1 0.546875 0.14921875 0.03828125 0.06640625
1 0.79765625 0.084375 0.03828125 0.05703125
1 0.65703125 0.18046875 0.059375 0.09453125
1 0.5671875 0.1046875 0.03046875 0.0515625
1 0.61015625 0.08671875 0.03203125 0.05
1 0.65078125 0.1015625 0.03671875 0.05703125
1 0.8984375 0.25390625 0.07734375 0.1
3 0.45546875 0.4796875 0.17890625 0.46875