1 0.90546875 0.37109375 0.14140625 0.1109375
1 0.71796875 0.2953125 0.11171875 0.10390625
2 0.59921875 0.253125 0.09453125 0.08671875
1 0.48203125 0.22109375 0.06640625 0.06640625
1 0.41171875 0.1984375 0.05078125 0.05390625
1 0.65078125 0.3265625 0.10703125 0.0984375
2 0.81171875 0.73203125 0.27265625 0.32421875
1 0.57734375 0.5703125 0.15703125 0.16640625
3 0.38671875 0.296875 0.18046875 0.20703125
1 0.94296875 0.54296875 0.11328125 0.17578125
1 0.634375 0.490625 0.16484375 0.140625
1 0.42109375 0.4546875 0.11328125 0.12578125
2 0.81796875 0.553125 0.178125 0.1984375
1 0.95625 0.709375 0.0875 0.1609375
1 0.7609375 0.4484375 0.15546875 0.121875
1 0.615625 0.3765625 0.121875 0.1015625
1 0.28671875 0.33046875 0.06484375 0.09609375
1 0.34765625 0.38828125 0.078125 0.09296875
1 0.50234375 0.31875 0.08203125 0.10390625
1 0.2875 0.2734375 0.03984375 0.05703125
1 0.24765625 0.253125 0.040625 0.05546875
1 0.23671875 0.3 0.04453125 0.06640625