1 0.6109375 0.3734375 0.07421875 0.121875
1 0.875 0.83671875 0.18359375 0.2515625
1 0.69765625 0.084375 0.025 0.03359375
1 0.73046875 0.08203125 0.02421875 0.03359375
1 0.69453125 0.13359375 0.03671875 0.0484375
1 0.60078125 0.20859375 0.040625 0.06640625
1 0.659375 0.19375 0.04296875 0.071875
1 0.53203125 0.17578125 0.03515625 0.0609375
2 0.75234375 0.13828125 0.04140625 0.0609375
0 0.5765625 0.10625 0.03515625 0.0890625
1 0.62734375 0.12421875 0.02890625 0.05
1 0.85078125 0.26640625 0.06875 0.08359375
1 0.59921875 0.07578125 0.01875 0.0390625