1 0.91875 0.70078125 0.1625 0.19609375
1 0.7484375 0.56328125 0.12265625 0.19296875
1 0.6984375 0.43125 0.07734375 0.128125
0 0.66328125 0.25703125 0.07421875 0.10703125
1 0.7453125 0.33046875 0.06328125 0.109375
1 0.47265625 0.146875 0.03203125 0.040625
3 0.6640625 0.11328125 0.08515625 0.10703125
1 0.61953125 0.12578125 0.028125 0.03359375
1 0.42890625 0.15546875 0.03359375 0.040625
1 0.57265625 0.16015625 0.04375 0.05
1 0.01796875 0.33359375 0.03359375 0.06328125
1 0.04296875 0.28125 0.08359375 0.07578125
1 0.50703125 0.16953125 0.05 0.04296875
1 0.45078125 0.1359375 0.03125 0.03671875
1 0.29140625 0.1796875 0.05390625 0.0484375
3 0.3125 0.396875 0.28671875 0.390625
1 0.3171875 0.29453125 0.090625 0.09296875
1 0.49296875 0.12890625 0.03203125 0.0390625
1 0.37734375 0.14140625 0.03984375 0.04296875
1 0.1390625 0.44453125 0.10859375 0.10390625