2 0.13515625 0.63203125 0.125 0.278125
1 0.45546875 0.53359375 0.134375 0.178125
1 0.38046875 0.11015625 0.04765625 0.05390625
1 0.51015625 0.1015625 0.05 0.0515625
1 0.5625 0.44609375 0.12421875 0.1515625
1 0.29609375 0.55390625 0.11328125 0.17578125
1 0.4828125 0.11875 0.05 0.05390625
1 0.3390625 0.353125 0.08828125 0.1203125
1 0.40703125 0.15546875 0.06171875 0.0609375
1 0.44609375 0.13515625 0.053125 0.059375
1 0.16953125 0.36171875 0.08828125 0.1484375
1 0.15234375 0.26875 0.05859375 0.078125
1 0.2828125 0.2109375 0.05703125 0.0796875
1 0.7421875 0.259375 0.1 0.08515625
1 0.73828125 0.33203125 0.11953125 0.10390625