1 0.40859375 0.51484375 0.04765625 0.06328125
1 0.46171875 0.5109375 0.05234375 0.0703125
1 0.35625 0.578125 0.05234375 0.078125
1 0.54609375 0.9578125 0.1109375 0.084375
3 0.2234375 0.82578125 0.41796875 0.3484375
1 0.41953125 0.5546875 0.0625 0.06640625
1 0.58125 0.83125 0.08984375 0.171875
3 0.34140625 0.64609375 0.17421875 0.21328125
1 0.72265625 0.79921875 0.10390625 0.2015625
1 0.51953125 0.51875 0.053125 0.06875
1 0.36171875 0.49296875 0.08125 0.05
1 0.51796875 0.4640625 0.05703125 0.05
1 0.59296875 0.5203125 0.04296875 0.06328125
1 0.659375 0.496875 0.03828125 0.06640625
1 0.60234375 0.44453125 0.040625 0.04609375
1 0.65859375 0.45625 0.0375 0.0484375
1 0.64609375 0.43046875 0.03125 0.04453125
1 0.54140625 0.5640625 0.05078125 0.07578125
1 0.84140625 0.72109375 0.15859375 0.12421875