3 0.071875 0.36484375 0.14140625 0.1390625
1 0.14296875 0.43515625 0.078125 0.0890625
3 0.47578125 0.61875 0.525 0.5
3 0.9515625 0.82109375 0.096875 0.3109375
3 0.2953125 0.3203125 0.165625 0.140625
1 0.4453125 0.3984375 0.09453125 0.0796875
1 0.596875 0.45546875 0.12734375 0.10703125
1 0.771875 0.515625 0.15390625 0.12578125
3 0.97109375 0.44921875 0.05703125 0.1484375
1 0.72109375 0.43046875 0.1375 0.0890625
1 0.5140625 0.3765625 0.09296875 0.078125
3 0.38359375 0.30546875 0.165625 0.13671875
1 0.19140625 0.575 0.109375 0.1296875
1 0.2484375 0.28515625 0.04765625 0.040625
1 0.953125 0.575 0.09375 0.11875