1 0.2375 0.51796875 0.11953125 0.20390625
1 0.06484375 0.24296875 0.05390625 0.08359375
1 0.63984375 0.5203125 0.16171875 0.21640625
1 0.31015625 0.24921875 0.07421875 0.09609375
1 0.07421875 0.103125 0.040625 0.05390625
1 0.4828125 0.20703125 0.07578125 0.06640625
1 0.575 0.16953125 0.07578125 0.08515625
1 0.38125 0.11796875 0.04765625 0.05390625
1 0.44609375 0.08203125 0.04453125 0.04453125
1 0.44140625 0.10859375 0.053125 0.05390625
1 0.3546875 0.075 0.04140625 0.04609375
1 0.21015625 0.059375 0.03359375 0.03671875
1 0.26484375 0.04296875 0.03125 0.040625