1 0.40703125 0.43828125 0.10390625 0.1015625
3 0.54453125 0.21953125 0.134375 0.13125
1 0.65234375 0.315625 0.06875 0.07421875
1 0.5546875 0.325 0.07421875 0.07578125
1 0.73203125 0.26796875 0.05859375 0.0609375
1 0.42734375 0.30078125 0.06640625 0.06328125
1 0.31796875 0.3640625 0.09453125 0.078125
1 0.671875 0.2546875 0.06484375 0.05390625
1 0.584375 0.2609375 0.05859375 0.05703125
1 0.18828125 0.42890625 0.11875 0.1
3 0.8390625 0.79453125 0.321875 0.4109375
1 0.79765625 0.753125 0.17890625 0.178125
1 0.0546875 0.49375 0.10703125 0.109375
3 0.4078125 0.9078125 0.815625 0.184375
1 0.82578125 0.234375 0.04296875 0.05546875
1 0.0984375 0.7296875 0.19453125 0.1484375
1 0.88359375 0.203125 0.05625 0.0484375
1 0.4078125 0.7515625 0.23125 0.16328125
1 0.28671875 0.653125 0.17109375 0.13125