1 0.9828125 0.33984375 0.034375 0.1234375
2 0.809375 0.265625 0.13203125 0.12421875
1 0.5765625 0.19921875 0.084375 0.07421875
1 0.46328125 0.1640625 0.05546875 0.059375
1 0.51484375 0.225 0.06953125 0.0796875
2 0.82734375 0.68828125 0.271875 0.33671875
1 0.5921875 0.525 0.15703125 0.17421875
3 0.39609375 0.253125 0.18359375 0.20546875
1 0.95234375 0.49296875 0.09453125 0.17578125
1 0.64765625 0.44140625 0.1625 0.14453125
1 0.43515625 0.40546875 0.10625 0.12421875
2 0.8328125 0.50390625 0.17421875 0.1984375
1 0.9640625 0.64921875 0.071875 0.1421875
1 0.80546875 0.4140625 0.16484375 0.13671875
1 0.62890625 0.325 0.12265625 0.10390625
1 0.30078125 0.284375 0.06953125 0.0984375
1 0.36015625 0.34296875 0.078125 0.09609375
1 0.51796875 0.26953125 0.08203125 0.10390625
1 0.29921875 0.22421875 0.03984375 0.05703125
1 0.259375 0.203125 0.040625 0.05703125
1 0.25078125 0.2546875 0.04453125 0.06640625