3 0.78203125 0.5859375 0.43515625 0.60703125
1 0.07578125 0.3609375 0.09375 0.0890625
1 0.01953125 0.325 0.0375 0.07578125
1 0.975 0.5953125 0.05 0.159375
2 0.78671875 0.49140625 0.203125 0.23359375
1 0.54921875 0.4296875 0.16171875 0.14453125
2 0.39453125 0.36796875 0.11796875 0.15
1 0.27109375 0.34375 0.10625 0.1015625
3 0.15 0.28359375 0.18046875 0.16875
1 0.065625 0.284375 0.0625 0.0703125
1 0.92578125 0.35703125 0.09453125 0.0984375
1 0.56015625 0.28203125 0.1375 0.1203125
1 0.45546875 0.22578125 0.09140625 0.07578125
1 0.290625 0.24375 0.078125 0.0703125
1 0.19765625 0.2359375 0.075 0.0609375
1 0.15703125 0.18828125 0.05625 0.05546875
1 0.9765625 0.20390625 0.046875 0.0953125
1 0.86640625 0.203125 0.12421875 0.09296875
1 0.69609375 0.184375 0.10625 0.08671875
1 0.528125 0.16875 0.08671875 0.06640625
3 0.3421875 0.128125 0.15703125 0.11328125
1 0.89609375 0.1703125 0.13359375 0.0890625
1 0.73984375 0.15859375 0.09921875 0.071875
1 0.60703125 0.14609375 0.0875 0.06640625
1 0.45703125 0.134375 0.07265625 0.05703125
1 0.2375 0.1265625 0.04453125 0.0484375
1 0.18671875 0.14921875 0.04375 0.04609375