1 0.28203125 0.871875 0.23828125 0.22578125
1 0.74453125 0.89921875 0.30390625 0.2015625
0 0.59765625 0.59140625 0.29375 0.25703125
1 0.73359375 0.1859375 0.10546875 0.08125
1 0.93046875 0.23359375 0.13828125 0.09453125
1 0.8234375 0.175 0.10625 0.0796875
1 0.66640625 0.13359375 0.0875 0.08359375
1 0.56171875 0.115625 0.08203125 0.06640625
1 0.46015625 0.09140625 0.06796875 0.059375
1 0.3921875 0.0765625 0.05625 0.06328125
1 0.35390625 0.05859375 0.03984375 0.05390625
1 0.22578125 0.14609375 0.07890625 0.071875
1 0.59453125 0.28671875 0.13046875 0.10390625