1 0.82734375 0.8859375 0.25 0.228125
1 0.30234375 0.03671875 0.021875 0.028125
2 0.2828125 0.046875 0.02578125 0.0390625
1 0.2078125 0.28125 0.07109375 0.121875
1 0.31484375 0.253125 0.06953125 0.09453125
1 0.3046875 0.08203125 0.034375 0.03671875
1 0.3078125 0.11875 0.04140625 0.040625
2 0.365625 0.06328125 0.04375 0.0484375
1 0.07109375 0.20390625 0.05078125 0.071875
1 0.35703125 0.10625 0.05078125 0.059375
2 0.50234375 0.13125 0.05234375 0.071875
1 0.13203125 0.16328125 0.046875 0.05703125
1 0.07421875 0.1234375 0.03359375 0.05
1 0.15 0.10703125 0.04296875 0.05703125
1 0.6765625 0.17109375 0.07734375 0.06640625
1 0.578125 0.21171875 0.07890625 0.08515625
1 0.71796875 0.32578125 0.11953125 0.1109375
1 0.01484375 0.10703125 0.028125 0.04296875
1 0.01640625 0.3234375 0.03046875 0.109375