2 0.38203125 0.6234375 0.10859375 0.240625
1 0.25859375 0.57421875 0.10546875 0.18359375
2 0.65703125 0.26796875 0.04140625 0.090625
1 0.18984375 0.353125 0.07109375 0.08515625
2 0.34921875 0.2796875 0.03984375 0.08671875
1 0.37734375 0.33515625 0.05703125 0.0796875
1 0.42734375 0.25703125 0.040625 0.06484375
1 0.5 0.23984375 0.03984375 0.071875
2 0.32578125 0.20859375 0.04140625 0.08359375
1 0.72265625 0.60546875 0.09140625 0.14453125
1 0.5234375 0.18515625 0.02890625 0.0484375
1 0.46484375 0.1796875 0.02734375 0.04609375