1 0.59765625 0.08984375 0.025 0.03671875
2 0.37578125 0.37890625 0.08515625 0.1703125
1 0.61796875 0.225 0.05 0.07421875
1 0.646875 0.396875 0.08671875 0.11640625
1 0.42890625 0.13671875 0.03046875 0.04609375
1 0.484375 0.103125 0.02578125 0.040625
1 0.52734375 0.08046875 0.025 0.040625
1 0.69140625 0.615625 0.13046875 0.20546875
1 0.91015625 0.7703125 0.14296875 0.26640625
3 0.93359375 0.4484375 0.13203125 0.390625
3 0.79296875 0.390625 0.18671875 0.38125
3 0.37578125 0.20625 0.08203125 0.17421875