1 0.47265625 0.21953125 0.05546875 0.08125
1 0.2859375 0.90703125 0.20234375 0.18515625
1 0.65859375 0.3203125 0.07109375 0.12421875
1 0.59296875 0.1359375 0.03515625 0.06484375
1 0.7109375 0.0546875 0.028125 0.04296875
1 0.75234375 0.059375 0.03046875 0.0484375
1 0.790625 0.04921875 0.03515625 0.05
1 0.48125 0.4796875 0.103125 0.19296875
2 0.55703125 0.1890625 0.04296875 0.10546875
1 0.73828125 0.14375 0.04765625 0.06875
1 0.65234375 0.13359375 0.0375 0.06484375
1 0.86015625 0.196875 0.06015625 0.08359375
1 0.82421875 0.31015625 0.078125 0.11484375
1 0.5703125 0.1046875 0.03984375 0.06328125
1 0.628125 0.09140625 0.03515625 0.05390625
3 0.49140625 0.11796875 0.12890625 0.15390625