2 0.63828125 0.68671875 0.10703125 0.29453125
1 0.81015625 0.23125 0.04296875 0.0515625
1 0.753125 0.14140625 0.02890625 0.040625
1 0.77265625 0.165625 0.03515625 0.04609375
1 0.728125 0.16328125 0.02890625 0.04453125
1 0.7078125 0.14609375 0.02890625 0.0390625
1 0.8125 0.265625 0.05390625 0.071875
1 0.71171875 0.39296875 0.06796875 0.11328125
1 0.58671875 0.30625 0.05 0.08515625
1 0.596875 0.23984375 0.03984375 0.06875
1 0.52890625 0.21640625 0.03359375 0.0609375
1 0.578125 0.1859375 0.028125 0.05
1 0.57109375 0.16015625 0.025 0.040625
3 0.828125 0.16875 0.08125 0.1296875
3 0.94453125 0.240625 0.11015625 0.23515625