1 0.4390625 0.79609375 0.090625 0.21640625
1 0.50078125 0.20859375 0.03359375 0.05
2 0.28515625 0.82890625 0.12109375 0.23515625
1 0.46640625 0.21484375 0.03359375 0.05546875
2 0.434375 0.209375 0.03125 0.06328125
1 0.02578125 0.79453125 0.05 0.18125
1 0.03828125 0.61875 0.07421875 0.1390625
1 0.20234375 0.43359375 0.078125 0.10390625
1 0.57421875 0.18046875 0.02734375 0.040625
1 0.61640625 0.19609375 0.03046875 0.040625
3 0.11171875 0.38828125 0.221875 0.290625
1 0.59140625 0.2359375 0.03125 0.05
1 0.67265625 0.25625 0.04765625 0.06328125
1 0.40078125 0.225 0.028125 0.0484375
1 0.31328125 0.2609375 0.04140625 0.059375
3 0.66953125 0.38046875 0.09375 0.21484375
1 0.8515625 0.37109375 0.0875 0.09453125
1 0.36796875 0.21328125 0.034375 0.04296875
1 0.82734375 0.5890625 0.10703125 0.1390625
1 0.84453125 0.92421875 0.140625 0.1515625