1 0.53671875 0.16328125 0.05546875 0.04453125
2 0.4984375 0.146875 0.06640625 0.0609375
1 0.4328125 0.17890625 0.07890625 0.05703125
2 0.38984375 0.1703125 0.06796875 0.0609375
1 0.3484375 0.20390625 0.07421875 0.059375
1 0.29296875 0.196875 0.06796875 0.05546875
1 0.26171875 0.2234375 0.075 0.0515625
1 0.2078125 0.22421875 0.0625 0.04453125
1 0.09765625 0.25859375 0.08359375 0.059375
0 0.6671875 0.25859375 0.07734375 0.11484375
1 0.93984375 0.6859375 0.11953125 0.18125
1 0.73828125 0.52578125 0.10234375 0.171875
1 0.71953125 0.37890625 0.06328125 0.121875
1 0.7578125 0.29453125 0.05703125 0.08125
1 0.79140625 0.240625 0.05234375 0.06875
1 0.80859375 0.20078125 0.053125 0.0609375
1 0.828125 0.17578125 0.040625 0.059375
1 0.63359375 0.790625 0.24140625 0.18515625
3 0.4078125 0.19375 0.19140625 0.128125
1 0.17421875 0.790625 0.23515625 0.178125
1 0.70078125 0.1609375 0.06796875 0.04453125