1 0.9796875 0.590625 0.040625 0.140625
2 0.78046875 0.490625 0.19609375 0.23125
1 0.54609375 0.4296875 0.1625 0.1484375
2 0.38984375 0.36328125 0.11875 0.140625
1 0.26640625 0.340625 0.10546875 0.1
3 0.14765625 0.28125 0.18671875 0.16875
1 0.0609375 0.28046875 0.05859375 0.06875
1 0.02421875 0.2703125 0.04609375 0.06484375
2 0.834375 0.4109375 0.21953125 0.2015625
1 0.60390625 0.3640625 0.14140625 0.13125
1 0.45234375 0.30859375 0.12578125 0.11328125
1 0.32890625 0.28359375 0.103125 0.09453125
1 0.24765625 0.265625 0.06875 0.07578125
1 0.1609375 0.23828125 0.059375 0.0609375
1 0.4328125 0.253125 0.09921875 0.07421875
1 0.16015625 0.19453125 0.05625 0.05
1 0.05078125 0.22578125 0.04453125 0.05
1 0.9734375 0.2 0.053125 0.096875
1 0.8625 0.1984375 0.12421875 0.090625
1 0.7171875 0.18125 0.109375 0.07421875
1 0.58515625 0.16953125 0.09375 0.07578125
3 0.434375 0.13046875 0.19296875 0.12421875
1 0.953125 0.1734375 0.09375 0.08125
1 0.74921875 0.15390625 0.11640625 0.0796875
1 0.60078125 0.13515625 0.08828125 0.071875
1 0.48671875 0.13125 0.065625 0.05703125
1 0.30546875 0.1546875 0.06328125 0.05390625
1 0.33828125 0.1359375 0.05625 0.05546875
1 0.2375 0.1453125 0.05078125 0.04453125
1 0.271875 0.128125 0.040625 0.03671875
1 0.18671875 0.14375 0.04609375 0.04453125
1 0.225 0.121875 0.04765625 0.04296875