1 0.55703125 0.575 0.203125 0.18671875
1 0.95234375 0.5640625 0.09453125 0.16640625
2 0.62734375 0.43203125 0.16171875 0.18671875
1 0.31328125 0.35546875 0.11328125 0.11328125
3 0.15703125 0.28125 0.18984375 0.1703125
1 0.05859375 0.2796875 0.059375 0.0703125
1 0.021875 0.26796875 0.04140625 0.06328125
2 0.83203125 0.40703125 0.22109375 0.20390625
1 0.60234375 0.36015625 0.140625 0.13125
1 0.45078125 0.30703125 0.12578125 0.11484375
1 0.32734375 0.28046875 0.10234375 0.090625
1 0.24296875 0.26484375 0.07265625 0.07578125
1 0.16484375 0.240625 0.05859375 0.0609375
1 0.08515625 0.23515625 0.04921875 0.06328125
1 0.57109375 0.2359375 0.10625 0.08671875
1 0.55078125 0.28359375 0.12265625 0.0984375
1 0.06640625 0.2265625 0.04296875 0.05390625
1 0.26640625 0.215625 0.07109375 0.071875
1 0.903125 0.19609375 0.13359375 0.09609375
1 0.74765625 0.18515625 0.11328125 0.08125
1 0.60234375 0.17109375 0.09453125 0.07421875
3 0.43984375 0.1234375 0.19453125 0.128125
1 0.94765625 0.16796875 0.10390625 0.08125
1 0.77421875 0.14453125 0.11171875 0.078125
1 0.62578125 0.13984375 0.08828125 0.06484375
1 0.30859375 0.14921875 0.06328125 0.05546875
1 0.51640625 0.13125 0.075 0.0703125
1 0.2390625 0.146875 0.05390625 0.04609375
1 0.31015625 0.1296875 0.04609375 0.04296875
1 0.1890625 0.14140625 0.04140625 0.04453125
1 0.24453125 0.1203125 0.04609375 0.05