1 0.68125 0.16328125 0.03359375 0.05
2 0.09140625 0.86484375 0.15625 0.2703125
1 0.41015625 0.56953125 0.08984375 0.17421875
1 0.6296875 0.21171875 0.034375 0.05546875
1 0.27421875 0.371875 0.065625 0.0890625
1 0.36875 0.38984375 0.0625 0.09609375
1 0.48515625 0.325 0.04609375 0.0796875
1 0.7546875 0.159375 0.02890625 0.040625
1 0.33203125 0.2984375 0.04921875 0.06640625
1 0.39609375 0.30625 0.04453125 0.07421875
1 0.65078125 0.30078125 0.046875 0.08125
1 0.74765625 0.33203125 0.05390625 0.09609375
1 0.49921875 0.23828125 0.034375 0.05703125
1 0.728125 0.625 0.10703125 0.19296875
1 0.90390625 0.4203125 0.07578125 0.1015625
1 0.49765625 0.19140625 0.028125 0.04609375
0 0.45 0.18671875 0.03671875 0.0984375
1 0.40859375 0.18359375 0.03359375 0.04609375