3 0.0453125 0.63359375 0.08828125 0.4
1 0.31171875 0.2484375 0.05234375 0.078125
1 0.25546875 0.5703125 0.11640625 0.209375
1 0.30078125 0.4 0.07109375 0.12421875
1 0.35546875 0.88359375 0.15625 0.2
1 0.38515625 0.28125 0.05078125 0.08125
1 0.440625 0.421875 0.07265625 0.128125
3 0.37890625 0.16875 0.05703125 0.13671875
1 0.44765625 0.215625 0.03984375 0.06640625
1 0.4640625 0.2734375 0.046875 0.07421875
3 0.91484375 0.5484375 0.16953125 0.52421875
1 0.490625 0.18046875 0.03984375 0.06328125
2 0.4453125 0.14296875 0.03828125 0.090625