0 0.63359375 0.50625 0.29921875 0.3609375
1 0.253125 0.415625 0.11328125 0.1203125
1 0.10078125 0.34296875 0.08359375 0.08515625
3 0.03671875 0.28125 0.07109375 0.14453125
1 0.81171875 0.34375 0.18203125 0.1390625
3 0.52734375 0.240625 0.29765625 0.1984375
3 0.81640625 0.22890625 0.36640625 0.2484375
1 0.28515625 0.234375 0.06953125 0.06875
3 0.33359375 0.1796875 0.1875 0.1390625
1 0.215625 0.22421875 0.06875 0.06484375
3 0.16796875 0.15859375 0.15625 0.09453125
2 0.78671875 0.4890625 0.2 0.228125
1 0.55078125 0.42890625 0.1625 0.14609375
2 0.396875 0.36015625 0.11796875 0.140625
1 0.27265625 0.33984375 0.10546875 0.1015625
3 0.15078125 0.27578125 0.184375 0.171875