1 0.64453125 0.12890625 0.03984375 0.0609375
1 0.71171875 0.15 0.04453125 0.0609375
1 0.60546875 0.17578125 0.04296875 0.06484375
2 0.68046875 0.2140625 0.04921875 0.08359375
1 0.79921875 0.26015625 0.071875 0.1
1 0.7359375 0.33671875 0.07890625 0.11484375
1 0.68515625 0.46875 0.09375 0.1609375
1 0.28515625 0.37578125 0.07109375 0.121875
1 0.21171875 0.72890625 0.15625 0.24453125
1 0.45703125 0.490625 0.09609375 0.1609375
1 0.4359375 0.17890625 0.04609375 0.06875
1 0.50625 0.19921875 0.04765625 0.090625