1 0.33046875 0.8109375 0.14375 0.30390625
1 0.275 0.56640625 0.09453125 0.14453125
1 0.7125 0.24921875 0.04140625 0.059375
1 0.4421875 0.44140625 0.06640625 0.11484375
2 0.40390625 0.31484375 0.053125 0.1015625
1 0.65234375 0.29453125 0.04296875 0.06484375
1 0.34765625 0.2703125 0.046875 0.06484375
1 0.8 0.315625 0.05625 0.0796875
2 0.87890625 0.26328125 0.05625 0.08359375
1 0.734375 0.60546875 0.08984375 0.14453125
1 0.46171875 0.20546875 0.03359375 0.05390625
1 0.87734375 0.55625 0.10546875 0.13359375