1 0.63515625 0.88046875 0.128125 0.2390625
1 0.58046875 0.11953125 0.028125 0.05
1 0.59296875 0.2234375 0.046875 0.078125
1 0.3734375 0.28046875 0.10859375 0.0890625
1 0.709375 0.08203125 0.02734375 0.040625
1 0.740625 0.103125 0.03359375 0.05
1 0.74765625 0.06796875 0.02578125 0.04296875
1 0.77890625 0.13359375 0.03984375 0.05703125
1 0.82421875 0.171875 0.04765625 0.0703125
1 0.565625 0.06015625 0.01953125 0.03671875
1 0.82109375 0.25625 0.07265625 0.0890625
1 0.8875 0.2265625 0.06484375 0.08359375
1 0.60078125 0.03828125 0.01796875 0.0296875
1 0.58828125 0.02890625 0.01796875 0.0296875
1 0.56015625 0.03046875 0.01796875 0.028125