1 0.6703125 0.17890625 0.028125 0.03671875
1 0.63671875 0.20703125 0.03359375 0.0484375
1 0.04921875 0.70390625 0.09609375 0.221875
1 0.71484375 0.175 0.02734375 0.05390625
1 0.69765625 0.22890625 0.0375 0.05546875
1 0.64453125 0.23515625 0.0375 0.059375
1 0.27109375 0.5 0.08203125 0.11875
1 0.440625 0.49921875 0.071875 0.12421875
1 0.05625 0.51328125 0.11015625 0.1515625
1 0.77265625 0.23828125 0.03828125 0.05390625
2 0.7703125 0.1796875 0.03203125 0.0515625
1 0.65234375 0.321875 0.04921875 0.07421875
1 0.8015625 0.28671875 0.05 0.071875
2 0.48828125 0.2703125 0.04375 0.08359375
1 0.45703125 0.225 0.03359375 0.05546875
1 0.78203125 0.43359375 0.07734375 0.128125
2 0.40390625 0.21640625 0.03046875 0.0609375
1 0.9609375 0.51953125 0.078125 0.11484375
1 0.43515625 0.18359375 0.025 0.0390625