1 0.41953125 0.49609375 0.159375 0.15390625
3 0.09296875 0.328125 0.184375 0.209375
3 0.9359375 0.3234375 0.128125 0.271875
1 0.4859375 0.2734375 0.09921875 0.0890625
3 0.50546875 0.19375 0.25703125 0.16484375
1 0.31328125 0.24921875 0.08046875 0.078125
3 0.22265625 0.16796875 0.18046875 0.11328125
2 0.78671875 0.4890625 0.2 0.228125
1 0.55078125 0.42890625 0.1625 0.14609375
2 0.396875 0.36015625 0.11796875 0.140625
1 0.27265625 0.33984375 0.10546875 0.1015625
3 0.15078125 0.27578125 0.184375 0.171875