1 0.33515625 0.2296875 0.04453125 0.07421875
1 0.4109375 0.88515625 0.165625 0.2296875
2 0.12109375 0.790625 0.21015625 0.38515625
1 0.6359375 0.1234375 0.02890625 0.0515625
1 0.57578125 0.08984375 0.025 0.04453125
1 0.68828125 0.15078125 0.03828125 0.059375
1 0.67734375 0.196875 0.04921875 0.078125
1 0.37109375 0.43359375 0.084375 0.128125
1 0.2875 0.396875 0.08125 0.1109375
1 0.5078125 0.20703125 0.04296875 0.06640625
1 0.7453125 0.23828125 0.05546875 0.08359375
1 0.4390625 0.20625 0.04609375 0.06640625
1 0.48203125 0.1234375 0.025 0.0484375
1 0.5296875 0.15703125 0.03828125 0.05390625
1 0.76796875 0.41484375 0.09140625 0.1390625
1 0.93671875 0.49921875 0.08515625 0.1609375
1 0.50625 0.1109375 0.02421875 0.03515625
3 0.6796875 0.09921875 0.05546875 0.08671875