1 0.025 0.20390625 0.04765625 0.05390625
1 0.08046875 0.2140625 0.08515625 0.05390625
1 0.33671875 0.18515625 0.07734375 0.05703125
1 0.49296875 0.1890625 0.08671875 0.05390625
1 0.28671875 0.203125 0.08671875 0.0515625
1 0.43125 0.2140625 0.09296875 0.059375
1 0.121875 0.26796875 0.12109375 0.06875
1 0.26875 0.2453125 0.109375 0.06328125
1 0.91796875 0.71328125 0.16328125 0.19609375
1 0.62734375 0.221875 0.08828125 0.06484375
1 0.73125 0.24296875 0.10390625 0.06875
1 0.9046875 0.2109375 0.08671875 0.059375