1 0.51171875 0.4203125 0.109375 0.13671875
1 0.42265625 0.140625 0.046875 0.05
2 0.55078125 0.14921875 0.06875 0.078125
1 0.2234375 0.43515625 0.09375 0.13671875
1 0.4390625 0.18203125 0.07265625 0.071875
1 0.60625 0.1484375 0.053125 0.0609375
1 0.3046875 0.24296875 0.06640625 0.08359375
1 0.546875 0.24609375 0.08046875 0.078125
1 0.16328125 0.19453125 0.04140625 0.06484375
1 0.6828125 0.26015625 0.09375 0.08515625
1 0.73828125 0.240625 0.0875 0.08125
1 0.79140625 0.21484375 0.08046875 0.0703125
1 0.8625 0.4140625 0.13984375 0.109375