1 0.184375 0.23359375 0.059375 0.0515625
1 0.2625 0.24140625 0.05078125 0.05390625
1 0.86015625 0.54296875 0.13515625 0.12578125
1 0.9765625 0.55703125 0.046875 0.0984375
1 0.88984375 0.46171875 0.12109375 0.10546875
1 0.84140625 0.38359375 0.10078125 0.0890625
2 0.71796875 0.3640625 0.11484375 0.14609375
1 0.328125 0.28203125 0.04453125 0.06328125
1 0.72109375 0.3515625 0.06953125 0.090625
1 0.65234375 0.425 0.10234375 0.10390625
1 0.61640625 0.33125 0.06171875 0.078125
1 0.30390625 0.3390625 0.046875 0.07578125
1 0.38359375 0.35703125 0.046875 0.07578125
2 0.38828125 0.2765625 0.04296875 0.078125
1 0.29375 0.44921875 0.065625 0.1203125
1 0.52109375 0.28359375 0.05234375 0.06640625
1 0.61015625 0.28203125 0.06796875 0.0796875
1 0.396875 0.4609375 0.05703125 0.10390625
1 0.53984375 0.246875 0.04375 0.0609375
1 0.38984375 0.63203125 0.08046875 0.1703125
1 0.25390625 0.6890625 0.09765625 0.17421875
1 0.4515625 0.2359375 0.040625 0.05546875
1 0.484375 0.221875 0.03828125 0.05
1 0.53671875 0.22421875 0.040625 0.05546875