1 0.5578125 0.46875 0.10234375 0.14609375
1 0.62734375 0.3703125 0.07265625 0.10390625
1 0.71953125 0.30390625 0.06796875 0.090625
1 0.76953125 0.2703125 0.05 0.06328125
1 0.80859375 0.240625 0.05 0.05546875
1 0.4765625 0.43984375 0.1 0.1203125
1 0.55390625 0.375 0.08046875 0.090625
1 0.62578125 0.3015625 0.07109375 0.08359375
1 0.68515625 0.271875 0.05390625 0.059375
1 0.74140625 0.25 0.05390625 0.05703125
1 0.34921875 0.45859375 0.11328125 0.1015625
3 0.48359375 0.32421875 0.203125 0.20546875
1 0.62578125 0.26875 0.05703125 0.06640625
1 0.46484375 0.31875 0.065625 0.059375
1 0.52578125 0.2859375 0.071875 0.059375
1 0.56953125 0.2484375 0.05703125 0.04453125
1 0.615625 0.22890625 0.053125 0.0515625
1 0.36171875 0.35703125 0.06796875 0.06640625
1 0.24921875 0.3796875 0.10234375 0.07421875
1 0.36015625 0.3265625 0.07890625 0.078125
1 0.4375 0.2984375 0.07109375 0.0703125
2 0.50703125 0.25859375 0.07734375 0.06640625
1 0.56953125 0.21796875 0.05 0.0484375
1 0.50625 0.2265625 0.05 0.05546875
1 0.85625 0.66875 0.19453125 0.13671875
1 0.9328125 0.8453125 0.134375 0.18125
1 0.690625 0.24296875 0.06328125 0.06328125
1 0.5265625 0.72890625 0.20625 0.14609375
1 0.08515625 0.43984375 0.1375 0.10390625
1 0.24296875 0.84140625 0.25390625 0.178125
2 0.20859375 0.66171875 0.22734375 0.16640625
1 0.20546875 0.45078125 0.12734375 0.0890625
1 0.80234375 0.209375 0.06015625 0.059375