1 0.55390625 0.84921875 0.096875 0.2109375
1 0.39296875 0.86953125 0.10234375 0.2203125
1 0.43984375 0.621875 0.084375 0.16640625
1 0.2515625 0.82890625 0.11484375 0.1984375
1 0.046875 0.96015625 0.09140625 0.0796875
1 0.32734375 0.60546875 0.07734375 0.12578125
1 0.15546875 0.74453125 0.10546875 0.1609375
1 0.3671875 0.4984375 0.06171875 0.090625
1 0.2453125 0.56796875 0.07734375 0.1109375
1 0.38203125 0.42109375 0.05 0.078125
1 0.31796875 0.42109375 0.05234375 0.0796875
1 0.34375 0.36796875 0.04453125 0.06640625
1 0.36875 0.31875 0.03125 0.059375
3 0.4140625 0.30859375 0.06796875 0.13671875
3 0.0703125 0.66484375 0.13828125 0.37421875
3 0.2359375 0.37421875 0.11328125 0.17421875
3 0.32890625 0.265625 0.09375 0.1390625
3 0.42734375 0.246875 0.04609375 0.08359375
1 0.9609375 0.31328125 0.078125 0.0515625
0 0.43984375 0.22890625 0.04296875 0.078125
1 0.6109375 0.253125 0.03203125 0.0390625
1 0.6875 0.3265625 0.05 0.05546875
1 0.40234375 0.20625 0.02421875 0.03515625
1 0.45546875 0.2046875 0.01640625 0.028125