1 0.47265625 0.21328125 0.05625 0.08515625
1 0.66328125 0.44921875 0.090625 0.171875
1 0.58828125 0.15 0.04140625 0.071875
1 0.3953125 0.740625 0.1625 0.31328125
2 0.54765625 0.2234375 0.05 0.12421875
1 0.72734375 0.10625 0.04140625 0.06328125
1 0.65390625 0.16015625 0.04453125 0.078125
1 0.82734375 0.14609375 0.053125 0.07421875
1 0.78984375 0.23046875 0.0625 0.09609375
1 0.5765625 0.10703125 0.04140625 0.06875
1 0.63828125 0.09453125 0.03984375 0.05546875
1 0.90859375 0.29609375 0.08828125 0.11640625
3 0.48984375 0.1140625 0.12734375 0.16640625