1 0.26484375 0.23828125 0.046875 0.05546875
1 0.97265625 0.571875 0.05390625 0.109375
1 0.29140625 0.25703125 0.04140625 0.05390625
1 0.9328125 0.43828125 0.134375 0.109375
1 0.71640625 0.46171875 0.115625 0.10703125
1 0.82421875 0.46796875 0.12109375 0.1
1 0.77578125 0.39296875 0.10078125 0.08359375
1 0.76484375 0.3484375 0.09140625 0.0796875
2 0.64296875 0.32109375 0.09453125 0.121875
1 0.35234375 0.33359375 0.046875 0.07578125
1 0.659375 0.31015625 0.06953125 0.078125
1 0.55859375 0.36171875 0.08046875 0.08125
1 0.5671875 0.3 0.05390625 0.06875
1 0.28671875 0.39609375 0.065625 0.08671875
1 0.39765625 0.43984375 0.05703125 0.1
2 0.47265625 0.37578125 0.06328125 0.1015625
1 0.27578125 0.553125 0.07890625 0.1515625
1 0.48359375 0.25390625 0.040625 0.059375
1 0.56015625 0.25078125 0.05703125 0.06640625
1 0.38046875 0.6109375 0.07734375 0.1484375
1 0.51015625 0.23046875 0.03828125 0.05703125
1 0.375 0.871875 0.10546875 0.25546875