1 0.19140625 0.23359375 0.05546875 0.0390625
1 0.2703125 0.2265625 0.03828125 0.0390625
1 0.25859375 0.2484375 0.034375 0.05703125
1 0.303125 0.253125 0.03359375 0.05546875
1 0.96171875 0.45546875 0.07578125 0.08515625
1 0.72421875 0.43671875 0.11875 0.11328125
1 0.8671875 0.4640625 0.134375 0.1109375
1 0.34296875 0.3015625 0.046875 0.059375
1 0.79609375 0.371875 0.10078125 0.09296875
1 0.59609375 0.365625 0.08359375 0.08359375
1 0.69765625 0.36171875 0.08984375 0.071875
1 0.37265625 0.36484375 0.06484375 0.078125
1 0.6625 0.30546875 0.071875 0.071875
1 0.45703125 0.29453125 0.05234375 0.06640625
1 0.55390625 0.30703125 0.06640625 0.06484375
1 0.57734375 0.2859375 0.05234375 0.059375
1 0.5921875 0.26171875 0.04921875 0.0609375
2 0.49296875 0.23671875 0.05234375 0.0796875
1 0.36796875 0.7140625 0.090625 0.1796875
1 0.53125 0.22890625 0.03984375 0.05546875
1 0.38046875 0.228125 0.0375 0.05
1 0.4515625 0.225 0.03203125 0.0515625
1 0.21171875 0.88203125 0.128125 0.23515625