1 0.596875 0.88515625 0.253125 0.2296875
1 0.27421875 0.64375 0.13828125 0.16640625
1 0.15390625 0.534375 0.090625 0.12421875
1 0.0921875 0.48359375 0.07109375 0.1
1 0.03359375 0.43515625 0.065625 0.0890625
3 0.07109375 0.3546875 0.13984375 0.140625
1 0.1390625 0.434375 0.06953125 0.08359375
3 0.36640625 0.546875 0.4125 0.4109375
3 0.80546875 0.784375 0.38828125 0.43125
1 0.90859375 0.671875 0.18203125 0.1796875
1 0.43046875 0.44453125 0.090625 0.0796875
1 0.3265625 0.4109375 0.0875 0.08359375
3 0.29375 0.3296875 0.16328125 0.1609375
1 0.44296875 0.40546875 0.09453125 0.09296875
1 0.58828125 0.46015625 0.12265625 0.11484375
1 0.77265625 0.528125 0.153125 0.1390625
3 0.909375 0.45703125 0.18125 0.2109375
1 0.66953125 0.43125 0.121875 0.10390625
1 0.50390625 0.38046875 0.090625 0.09296875
3 0.38203125 0.31328125 0.16796875 0.1484375
1 0.95 0.5953125 0.1 0.1