1 0.43359375 0.5140625 0.17734375 0.18515625
1 0.2 0.3984375 0.10234375 0.12578125
3 0.05 0.31171875 0.09765625 0.16875
1 0.975 0.59609375 0.05 0.1609375
2 0.78671875 0.49140625 0.20234375 0.23359375
1 0.54921875 0.4296875 0.16171875 0.14453125
2 0.39453125 0.36640625 0.11796875 0.15
1 0.27109375 0.34375 0.10625 0.1015625
3 0.15 0.28359375 0.18046875 0.16875
1 0.06484375 0.284375 0.06171875 0.0703125
1 0.8125 0.34375 0.17265625 0.13515625
1 0.50546875 0.3296875 0.14765625 0.1203125
1 0.51953125 0.22890625 0.11015625 0.0984375
1 0.18359375 0.190625 0.05390625 0.05
2 0.14453125 0.23125 0.06640625 0.06484375
1 0.9765625 0.20390625 0.046875 0.09609375
1 0.86640625 0.20390625 0.125 0.09296875
1 0.72109375 0.184375 0.1125 0.08515625
1 0.5875 0.17421875 0.09609375 0.0703125
3 0.43359375 0.1296875 0.19140625 0.13125
1 0.92734375 0.17109375 0.14453125 0.08359375
1 0.7734375 0.1609375 0.10390625 0.07421875
1 0.64765625 0.1453125 0.096875 0.06875
1 0.53828125 0.134375 0.075 0.06640625
1 0.26875 0.12890625 0.046875 0.04609375
1 0.24453125 0.15 0.05078125 0.04453125
1 0.1984375 0.12890625 0.04765625 0.040625