1 0.41171875 0.4984375 0.05234375 0.06640625
1 0.46015625 0.49140625 0.05625 0.06640625
1 0.35390625 0.5546875 0.05078125 0.07421875
1 0.4296875 0.6140625 0.06953125 0.09453125
3 0.32265625 0.84453125 0.28828125 0.3109375
3 0.46328125 0.6546875 0.20546875 0.31328125
1 0.56796875 0.55625 0.046875 0.07578125
1 0.603125 0.5046875 0.04453125 0.0609375
1 0.7453125 0.94609375 0.134375 0.10703125
1 0.43359375 0.5390625 0.06875 0.0609375
1 0.62890625 0.4765625 0.03828125 0.05546875
3 0.55859375 0.45703125 0.08828125 0.1203125
1 0.6546875 0.45625 0.0375 0.05546875