1 0.40546875 0.5140625 0.05 0.06640625
1 0.46015625 0.5109375 0.05390625 0.07421875
1 0.35625 0.578125 0.05234375 0.078125
3 0.2140625 0.825 0.42578125 0.35
1 0.41953125 0.5546875 0.0625 0.06640625
1 0.57734375 0.91171875 0.09765625 0.17578125
3 0.3421875 0.671875 0.175 0.259375
1 0.503125 0.52890625 0.05546875 0.06875
1 0.51484375 0.4640625 0.05703125 0.05546875
1 0.56015625 0.6 0.05078125 0.08359375
1 0.64609375 0.5609375 0.05 0.078125
1 0.53359375 0.465625 0.06015625 0.05546875
1 0.5890625 0.52421875 0.04453125 0.06875
1 0.61953125 0.4546875 0.0375 0.05
1 0.55546875 0.68828125 0.071875 0.11640625
1 0.72578125 0.81953125 0.11328125 0.16640625
2 0.6375 0.4265625 0.034375 0.05546875