0 0.59296875 0.64609375 0.29375 0.2515625
1 0.7984375 0.14921875 0.08046875 0.05703125
1 0.82109375 0.13671875 0.06875 0.059375
3 0.26484375 0.259375 0.40078125 0.18125
3 0.09609375 0.38046875 0.18984375 0.2515625
1 0.77265625 0.14296875 0.071875 0.05546875
1 0.71328125 0.16484375 0.06640625 0.06484375
1 0.65546875 0.1609375 0.06796875 0.05390625
1 0.56796875 0.171875 0.06796875 0.05546875
1 0.54921875 0.190625 0.08359375 0.0609375
1 0.58359375 0.159375 0.07109375 0.059375
1 0.40546875 0.17421875 0.07734375 0.0515625
1 0.42890625 0.196875 0.08984375 0.0703125
1 0.15703125 0.51484375 0.16875 0.140625
1 0.86796875 0.1265625 0.065625 0.04609375
1 0.203125 0.41875 0.10859375 0.10703125
1 0.42421875 0.2140625 0.05859375 0.0703125
1 0.27265625 0.2 0.0875 0.06484375
1 0.44453125 0.43203125 0.153125 0.11484375
1 0.215625 0.19375 0.0875 0.06875
3 0.696875 0.19375 0.29453125 0.15390625