1 0.35234375 0.65078125 0.13515625 0.22421875
1 0.49140625 0.328125 0.07109375 0.10546875
2 0.53359375 0.20859375 0.06015625 0.11328125
1 0.66328125 0.31484375 0.071875 0.1484375
1 0.7625 0.0953125 0.0375 0.05546875
1 0.64453125 0.1859375 0.04375 0.08125
1 0.853125 0.2296875 0.06796875 0.090625
1 0.5828125 0.13984375 0.040625 0.06328125
1 0.8546875 0.38828125 0.10390625 0.15546875
1 0.61171875 0.10546875 0.03359375 0.05390625
1 0.57109375 0.10546875 0.03125 0.05390625
1 0.65625 0.096875 0.03046875 0.0515625
3 0.48984375 0.125 0.12890625 0.159375