0 0.66953125 0.2859375 0.07421875 0.10546875
1 0.79375 0.825 0.22734375 0.2515625
1 0.38203125 0.64453125 0.140625 0.21328125
1 0.27578125 0.3984375 0.05 0.10390625
1 0.31171875 0.15859375 0.028125 0.0390625
1 0.38359375 0.2734375 0.03515625 0.06875
1 0.37890625 0.41875 0.0625 0.11875
1 0.69140625 0.6 0.184375 0.2
1 0.32421875 0.2734375 0.04375 0.06875
1 0.303125 0.17421875 0.03359375 0.0296875
1 0.29609375 0.2046875 0.03359375 0.04296875
1 0.49765625 0.41796875 0.071875 0.13359375
1 0.42265625 0.33828125 0.04375 0.08359375
1 0.39453125 0.21796875 0.03359375 0.06328125
3 0.34921875 0.18515625 0.06015625 0.1296875
3 0.1890625 0.30703125 0.16640625 0.2109375
3 0.2171875 0.209375 0.10078125 0.09609375
1 0.47109375 0.26875 0.03828125 0.08515625
1 0.4390625 0.18984375 0.03203125 0.0484375
1 0.49609375 0.18828125 0.03203125 0.04453125
1 0.5171875 0.15625 0.02890625 0.03671875
1 0.47578125 0.14921875 0.02890625 0.040625
3 0.39609375 0.13359375 0.04921875 0.0796875
3 0.07265625 0.31796875 0.14296875 0.17578125
1 0.06484375 0.48203125 0.10078125 0.121875
1 0.42890625 0.23671875 0.03046875 0.0609375