1 0.52109375 0.33984375 0.07265625 0.090625
1 0.71796875 0.35625 0.06796875 0.1015625
2 0.80546875 0.3453125 0.05546875 0.10546875
1 0.6234375 0.32109375 0.05546875 0.08125
1 0.14375 0.553125 0.10625 0.16875
1 0.18984375 0.415625 0.071875 0.10703125
1 0.77578125 0.49140625 0.0875 0.13125
1 0.3578125 0.43515625 0.08125 0.13359375
1 0.21484375 0.77890625 0.16875 0.26875
1 0.32734375 0.3359375 0.06484375 0.10390625
3 0.22890625 0.2734375 0.12890625 0.18671875
1 0.41796875 0.32421875 0.05625 0.09296875
1 0.97578125 0.73515625 0.04765625 0.1703125