1 0.8 0.28828125 0.12578125 0.11484375
2 0.62578125 0.228125 0.09921875 0.09296875
1 0.51796875 0.19921875 0.07265625 0.0703125
1 0.45 0.18046875 0.05390625 0.05703125
1 0.51015625 0.23984375 0.07109375 0.078125
2 0.82109375 0.70078125 0.27265625 0.3296875
1 0.58671875 0.540625 0.15703125 0.171875
3 0.39296875 0.2703125 0.18125 0.209375
1 0.9484375 0.50703125 0.103125 0.17421875
1 0.64296875 0.46015625 0.165625 0.14296875
1 0.43046875 0.4265625 0.11484375 0.128125
2 0.82734375 0.5234375 0.17734375 0.19609375
1 0.9609375 0.66875 0.078125 0.15
1 0.76953125 0.4140625 0.15546875 0.12421875
1 0.62421875 0.3453125 0.12421875 0.10703125
1 0.29453125 0.303125 0.06640625 0.09609375
1 0.35546875 0.36015625 0.07890625 0.09609375
1 0.51171875 0.28984375 0.08671875 0.10703125
1 0.29765625 0.24453125 0.046875 0.05546875
1 0.2546875 0.22421875 0.040625 0.05390625
1 0.2453125 0.2734375 0.04609375 0.06640625