2 0.053125 0.6640625 0.10390625 0.20546875
1 0.3140625 0.89140625 0.15234375 0.21640625
1 0.1578125 0.76171875 0.13359375 0.20546875
1 0.265625 0.3859375 0.06875 0.10390625
1 0.1515625 0.40390625 0.07734375 0.12421875
2 0.63671875 0.221875 0.03828125 0.078125
1 0.46328125 0.40625 0.0625 0.1015625
1 0.36171875 0.43203125 0.0625 0.10703125
1 0.3265625 0.2890625 0.04453125 0.06875
1 0.7140625 0.25 0.03671875 0.0609375
1 0.77890625 0.24296875 0.046875 0.06640625
1 0.49765625 0.26171875 0.04140625 0.08515625
2 0.73515625 0.35 0.053125 0.1109375
1 0.44921875 0.22421875 0.03515625 0.05390625
1 0.86484375 0.60546875 0.11328125 0.1484375
1 0.5140625 0.19921875 0.03046875 0.0515625