2 0.61171875 0.203125 0.03671875 0.0609375
2 0.1765625 0.35078125 0.08359375 0.1609375
1 0.6359375 0.2890625 0.04140625 0.0703125
1 0.3609375 0.365625 0.05546875 0.08125
1 0.7109375 0.28046875 0.046875 0.06875
1 0.78046875 0.28359375 0.05078125 0.06640625
2 0.25703125 0.275 0.06328125 0.11484375
1 0.82578125 0.2390625 0.04609375 0.059375
1 0.66015625 0.4109375 0.06640625 0.11328125
1 0.4 0.2015625 0.03359375 0.04609375
1 0.3578125 0.196875 0.03203125 0.04453125
1 0.959375 0.46875 0.08125 0.109375
1 0.934375 0.86640625 0.13125 0.2203125
1 0.46328125 0.16484375 0.02890625 0.05