1 0.69765625 0.65703125 0.13828125 0.24609375
2 0.6609375 0.3703125 0.08828125 0.2
1 0.596875 0.30390625 0.06875 0.11875
1 0.625 0.215625 0.06328125 0.10546875
2 0.86484375 0.528125 0.134375 0.2796875
1 0.75390625 0.28671875 0.07734375 0.13671875
1 0.74453125 0.025 0.03203125 0.04609375
1 0.71796875 0.20859375 0.06328125 0.0890625
1 0.6078125 0.1296875 0.04375 0.071875
1 0.79140625 0.0734375 0.03984375 0.0515625
1 0.81171875 0.11953125 0.04921875 0.07578125
1 0.87734375 0.10078125 0.04453125 0.059375
1 0.66953125 0.09140625 0.03984375 0.059375
2 0.58359375 0.07421875 0.028125 0.06640625
1 0.91015625 0.16484375 0.06484375 0.0796875
1 0.60703125 0.05625 0.03046875 0.0484375
1 0.94609375 0.3390625 0.10703125 0.1296875
3 0.4359375 0.64765625 0.26875 0.7046875