1 0.28515625 0.36875 0.06484375 0.08125
1 0.72421875 0.18046875 0.02890625 0.04296875
1 0.73359375 0.27421875 0.046875 0.06328125
1 0.46328125 0.36875 0.05625 0.08671875
1 0.39765625 0.30546875 0.05234375 0.078125
1 0.29609375 0.25625 0.053125 0.06640625
1 0.6875 0.40859375 0.071875 0.12578125
1 0.49765625 0.2453125 0.04296875 0.06328125
1 0.428125 0.23203125 0.04140625 0.06640625
1 0.87265625 0.26953125 0.05078125 0.0609375
1 0.90703125 0.40078125 0.06875 0.09296875
1 0.8671875 0.5484375 0.090625 0.13671875
1 0.38046875 0.215625 0.0375 0.05546875
1 0.49921875 0.19296875 0.03515625 0.059375