1 0.36640625 0.46015625 0.1125 0.11875
3 0.54453125 0.21015625 0.134375 0.13515625
1 0.48125 0.45546875 0.103125 0.12421875
1 0.47265625 0.37578125 0.0875 0.090625
1 0.58203125 0.371875 0.08046875 0.09296875
1 0.43046875 0.290625 0.06796875 0.06328125
1 0.3515625 0.33515625 0.08828125 0.07578125
1 0.5515625 0.3140625 0.08046875 0.07421875
1 0.63125 0.22421875 0.04453125 0.05546875
1 0.23828125 0.39375 0.11015625 0.0890625
1 0.10390625 0.45078125 0.13359375 0.1
1 0.509375 0.54296875 0.12265625 0.13671875
1 0.62578125 0.26328125 0.0625 0.0609375
2 0.58125 0.24296875 0.06484375 0.0703125
1 0.61171875 0.421875 0.09609375 0.11875
1 0.67734375 0.34609375 0.06640625 0.0890625
2 0.52265625 0.2765625 0.06015625 0.071875
1 0.64765625 0.30546875 0.06484375 0.071875
1 0.74921875 0.2953125 0.05859375 0.071875
1 0.9578125 0.7890625 0.084375 0.115625
3 0.7140625 0.90546875 0.571875 0.1890625
2 0.8421875 0.6453125 0.16484375 0.178125
2 0.70546875 0.24453125 0.08828125 0.1
1 0.65546875 0.76640625 0.21640625 0.140625
1 0.53046875 0.7015625 0.21640625 0.14609375
1 0.80234375 0.2296875 0.05703125 0.05390625
1 0.88515625 0.2109375 0.05078125 0.04609375