1 0.40234375 0.525 0.04765625 0.06328125
1 0.45234375 0.515625 0.04765625 0.07421875
1 0.35625 0.578125 0.05234375 0.078125
3 0.13828125 0.959375 0.225 0.08125
1 0.41953125 0.5546875 0.0625 0.06640625
1 0.57265625 0.91953125 0.10234375 0.1609375
3 0.33125 0.7109375 0.175 0.3109375
1 0.5015625 0.52890625 0.05390625 0.071875
1 0.51484375 0.4640625 0.05703125 0.05546875
1 0.54765625 0.79296875 0.08203125 0.14453125
1 0.71484375 0.81484375 0.10390625 0.16875
1 0.53984375 0.7015625 0.06640625 0.10390625
1 0.55390625 0.59453125 0.053125 0.08671875
2 0.56796875 0.49375 0.03671875 0.07421875
1 0.62578125 0.55 0.04765625 0.078125
1 0.6453125 0.49609375 0.03984375 0.071875
1 0.66640625 0.471875 0.03828125 0.06328125