1 0.43828125 0.79921875 0.08828125 0.22421875
1 0.50078125 0.209375 0.03203125 0.0515625
2 0.284375 0.8296875 0.12265625 0.24453125
1 0.465625 0.21875 0.03125 0.05390625
2 0.43203125 0.2109375 0.03203125 0.059375
1 0.41953125 0.24296875 0.0375 0.05390625
1 0.59296875 0.18125 0.02578125 0.04296875
1 0.69921875 0.2484375 0.046875 0.05703125
1 0.39140625 0.21875 0.028125 0.05
1 0.27578125 0.27578125 0.040625 0.0515625
3 0.9109375 0.41015625 0.178125 0.2703125
1 0.3421875 0.21171875 0.03046875 0.0484375