1 0.959375 0.4 0.08125 0.125
1 0.75703125 0.33203125 0.11484375 0.09296875
1 0.61015625 0.2765625 0.090625 0.090625
2 0.5015625 0.23671875 0.07421875 0.07421875
1 0.425 0.21640625 0.05859375 0.05703125
1 0.3640625 0.19921875 0.04765625 0.0484375
1 0.8578125 0.43125 0.1625 0.128125
2 0.80859375 0.7484375 0.271875 0.328125
1 0.575 0.58203125 0.15859375 0.1703125
3 0.38203125 0.309375 0.18125 0.20703125
1 0.92734375 0.546875 0.14453125 0.190625
1 0.63046875 0.50625 0.165625 0.1484375
1 0.41796875 0.46484375 0.11484375 0.128125
2 0.81328125 0.56796875 0.175 0.20390625
1 0.9546875 0.72578125 0.090625 0.16875
1 0.75546875 0.4609375 0.153125 0.13125
1 0.6109375 0.3859375 0.121875 0.109375
1 0.28203125 0.34296875 0.06953125 0.1
1 0.34453125 0.4 0.078125 0.1
1 0.48515625 0.321875 0.06875 0.09453125
1 0.28359375 0.28203125 0.0375 0.059375
1 0.24453125 0.2640625 0.04140625 0.0609375
1 0.20390625 0.284375 0.04140625 0.06328125