1 0.6171875 0.13984375 0.05234375 0.0390625
2 0.59375 0.1203125 0.053125 0.05
1 0.49765625 0.1640625 0.06953125 0.05
2 0.40859375 0.16875 0.07109375 0.0515625
1 0.35390625 0.20625 0.06875 0.04609375
1 0.29296875 0.196875 0.06796875 0.05546875
1 0.2625 0.2234375 0.075 0.05
1 0.2078125 0.22421875 0.0625 0.04453125
1 0.1109375 0.25859375 0.08046875 0.05546875
0 0.66640625 0.25859375 0.07265625 0.11484375
1 0.85859375 0.6390625 0.19921875 0.21484375
1 0.728125 0.471875 0.06640625 0.1609375
1 0.7234375 0.3515625 0.06796875 0.09609375
1 0.7765625 0.259375 0.05546875 0.07578125
1 0.7984375 0.2046875 0.053125 0.06328125
1 0.81875 0.178125 0.04609375 0.05390625
1 0.9671875 0.86484375 0.065625 0.1765625
3 0.09921875 0.29609375 0.19609375 0.1703125
1 0.45390625 0.7796875 0.23828125 0.1796875
1 0.41484375 0.2234375 0.07578125 0.05546875
1 0.06953125 0.92578125 0.13671875 0.1484375