1 0.41171875 0.52578125 0.046875 0.06640625
1 0.4640625 0.52421875 0.05390625 0.078125
1 0.35625 0.578125 0.05234375 0.078125
1 0.48203125 0.76171875 0.08203125 0.140625
3 0.2234375 0.82734375 0.415625 0.3453125
1 0.64140625 0.75625 0.09140625 0.14296875
1 0.42890625 0.55546875 0.06015625 0.06484375
1 0.57734375 0.615625 0.05390625 0.09296875
3 0.41640625 0.58203125 0.15390625 0.2015625
1 0.64609375 0.55625 0.05 0.09453125
1 0.5203125 0.48359375 0.06171875 0.05390625
1 0.6078125 0.46328125 0.04140625 0.0484375
1 0.5421875 0.4640625 0.05078125 0.040625
1 0.6203125 0.43984375 0.04140625 0.0390625
1 0.70234375 0.43125 0.034375 0.04296875
1 0.36875 0.54609375 0.07890625 0.06328125