0 0.66484375 0.2703125 0.07421875 0.10703125
1 0.47265625 0.15859375 0.03359375 0.040625
1 0.43125 0.16484375 0.03359375 0.0390625
1 0.45078125 0.14453125 0.03046875 0.03671875
1 0.49140625 0.140625 0.03125 0.0390625
1 0.4703125 0.13046875 0.03046875 0.03359375
2 0.40078125 0.159375 0.034375 0.0484375
1 0.62109375 0.1296875 0.02578125 0.03671875
1 0.64453125 0.134375 0.03046875 0.03671875
3 0.69140625 0.121875 0.09140625 0.0984375
1 0.56796875 0.14609375 0.03828125 0.0390625
2 0.36953125 0.1765625 0.03203125 0.05703125
1 0.60546875 0.1515625 0.03984375 0.040625
1 0.05234375 0.28984375 0.078125 0.0703125
1 0.54921875 0.1890625 0.04921875 0.05
1 0.48515625 0.18984375 0.05390625 0.04609375
1 0.20625 0.21875 0.06171875 0.0515625
1 0.41484375 0.27109375 0.075 0.06484375
1 0.31875 0.16796875 0.04765625 0.04296875
1 0.43125 0.13515625 0.034375 0.03671875
1 0.22578125 0.421875 0.11015625 0.0890625
3 0.39375 0.1140625 0.12265625 0.08671875