1 0.78984375 0.2359375 0.040625 0.0390625
1 0.55859375 0.9140625 0.11328125 0.171875
1 0.396875 0.9265625 0.11953125 0.14609375
1 0.553125 0.72421875 0.08515625 0.16484375
1 0.41171875 0.76015625 0.090625 0.1796875
1 0.25859375 0.81953125 0.11484375 0.2015625
1 0.053125 0.940625 0.10390625 0.11875
1 0.44921875 0.571875 0.075 0.14453125
1 0.32109375 0.64609375 0.08359375 0.14296875
1 0.165625 0.70703125 0.10859375 0.19296875
1 0.35390625 0.54609375 0.06875 0.10546875
1 0.253125 0.55546875 0.07890625 0.109375
1 0.36953125 0.4796875 0.06015625 0.09296875
1 0.3015625 0.465625 0.06015625 0.08515625
1 0.39765625 0.428125 0.05078125 0.078125
1 0.321875 0.41875 0.046875 0.07421875
1 0.39609375 0.38046875 0.040625 0.06484375
1 0.33515625 0.38046875 0.040625 0.06484375
1 0.35703125 0.35 0.0375 0.06328125
1 0.37265625 0.321875 0.03359375 0.05546875
3 0.41640625 0.30703125 0.06640625 0.13515625
3 0.10546875 0.59375 0.209375 0.38671875
3 0.23359375 0.38515625 0.10625 0.171875
3 0.2953125 0.31015625 0.084375 0.12578125
3 0.34765625 0.25859375 0.08359375 0.12578125
3 0.42734375 0.24921875 0.04921875 0.08125
1 0.93828125 0.32421875 0.06640625 0.05390625
0 0.38203125 0.21953125 0.071875 0.06328125