0 0.36640625 0.18125 0.14375 0.159375
2 0.196875 0.19296875 0.078125 0.08671875
1 0.38515625 0.28828125 0.08359375 0.08515625
1 0.27890625 0.2640625 0.06875 0.08515625
1 0.9703125 0.3703125 0.059375 0.08125
3 0.59765625 0.24609375 0.26796875 0.25
1 0.815625 0.3359375 0.10546875 0.10703125
1 0.55 0.3765625 0.109375 0.109375
2 0.40078125 0.3484375 0.08046875 0.12578125
1 0.89296875 0.31796875 0.09765625 0.1
1 0.809375 0.25546875 0.0875 0.08671875
1 0.721875 0.24140625 0.06328125 0.0796875
1 0.5265625 0.49921875 0.11875 0.1390625
1 0.85234375 0.6890625 0.18125 0.190625
1 0.72734375 0.19609375 0.06484375 0.0703125
1 0.65 0.1890625 0.05625 0.06875
3 0.95625 0.50625 0.0875 0.275
1 0.78828125 0.92578125 0.18203125 0.1484375