1 0.35703125 0.1140625 0.040625 0.04453125
1 0.65078125 0.81328125 0.24375 0.33515625
1 0.43984375 0.35703125 0.09296875 0.11875
1 0.46015625 0.159375 0.053125 0.05703125
2 0.59375 0.16484375 0.07421875 0.0890625
1 0.18359375 0.36171875 0.07734375 0.11484375
1 0.4921875 0.20390625 0.084375 0.07421875
1 0.66484375 0.16796875 0.065625 0.06484375
1 0.271875 0.21328125 0.05859375 0.07578125
1 0.62265625 0.2859375 0.09453125 0.09609375
1 0.14921875 0.1765625 0.040625 0.059375
1 0.78203125 0.30625 0.11015625 0.09609375
1 0.8234375 0.278125 0.11015625 0.08671875
1 0.89140625 0.25 0.09375 0.0796875