1 0.36015625 0.4640625 0.1125 0.1203125
3 0.54453125 0.21015625 0.134375 0.13359375
1 0.48125 0.45546875 0.103125 0.12578125
1 0.47265625 0.37578125 0.0875 0.090625
1 0.58046875 0.3734375 0.08046875 0.09453125
1 0.43046875 0.28984375 0.06796875 0.06328125
1 0.3515625 0.33515625 0.08828125 0.07578125
1 0.5515625 0.3140625 0.08046875 0.071875
1 0.63125 0.22421875 0.04453125 0.05546875
1 0.23828125 0.39296875 0.11015625 0.0890625
1 0.10390625 0.45078125 0.13359375 0.1
1 0.49140625 0.55078125 0.128125 0.14296875
1 0.62578125 0.26328125 0.06328125 0.0609375
2 0.58125 0.24296875 0.065625 0.0703125
1 0.61171875 0.421875 0.09609375 0.1203125
1 0.67734375 0.34609375 0.06640625 0.0890625
2 0.5234375 0.2765625 0.06015625 0.071875
1 0.64609375 0.30625 0.065625 0.071875
1 0.74921875 0.2953125 0.059375 0.071875
3 0.7640625 0.909375 0.471875 0.18125
2 0.84140625 0.64296875 0.16796875 0.171875
2 0.70546875 0.2453125 0.08828125 0.1
1 0.65390625 0.76875 0.21796875 0.1390625
1 0.54453125 0.69921875 0.21953125 0.1515625
1 0.790625 0.23046875 0.05625 0.05
1 0.87265625 0.21796875 0.05 0.04609375