1 0.4390625 0.79609375 0.090625 0.2015625
1 0.50078125 0.209375 0.03046875 0.0390625
2 0.28203125 0.8296875 0.11953125 0.2296875
1 0.14609375 0.621875 0.11875 0.17421875
1 0.46484375 0.21875 0.025 0.05390625
3 0.10546875 0.4265625 0.209375 0.32421875
2 0.43203125 0.2109375 0.03203125 0.059375
1 0.2578125 0.41875 0.06875 0.1109375
1 0.63046875 0.225 0.03125 0.0515625
1 0.68671875 0.27109375 0.040625 0.05703125
1 0.59296875 0.26796875 0.0375 0.0609375
3 0.73359375 0.209375 0.09375 0.15
1 0.29921875 0.2953125 0.04765625 0.06875
1 0.35078125 0.23671875 0.03359375 0.0515625
1 0.65078125 0.41015625 0.05859375 0.0890625
1 0.77578125 0.48125 0.07890625 0.0984375
3 0.32109375 0.1890625 0.075 0.10390625
1 0.7703125 0.8765625 0.134375 0.24609375
1 0.96640625 0.934375 0.06640625 0.13125