1 0.77578125 0.6515625 0.24453125 0.25703125
3 0.24765625 0.4046875 0.3625 0.3109375
1 0.975 0.59609375 0.05 0.1609375
2 0.7859375 0.49140625 0.20234375 0.23359375
1 0.54921875 0.4296875 0.16171875 0.14453125
2 0.39375 0.36640625 0.11796875 0.1484375
1 0.2703125 0.34375 0.10625 0.1015625
3 0.14921875 0.28359375 0.18125 0.16875
1 0.06484375 0.28359375 0.06171875 0.0703125
1 0.903125 0.44296875 0.19375 0.1703125
1 0.51015625 0.23125 0.10546875 0.0796875
2 0.44453125 0.31171875 0.13671875 0.12578125
1 0.15703125 0.234375 0.07421875 0.071875
1 0.9765625 0.20390625 0.046875 0.09609375
1 0.86640625 0.203125 0.125 0.09296875
1 0.72109375 0.184375 0.11171875 0.08359375
1 0.5875 0.1734375 0.09453125 0.071875
3 0.43359375 0.1296875 0.19296875 0.13125
1 0.95 0.17109375 0.1 0.0703125
1 0.80234375 0.1609375 0.12265625 0.078125
1 0.66640625 0.14609375 0.1 0.0703125
1 0.5546875 0.12890625 0.078125 0.06328125
1 0.32421875 0.12890625 0.05078125 0.05703125
1 0.28828125 0.153125 0.059375 0.05
1 0.2484375 0.12890625 0.05546875 0.04453125
1 0.20546875 0.14609375 0.04609375 0.040625