1 0.04609375 0.93515625 0.08984375 0.1296875
1 0.09921875 0.76953125 0.13515625 0.2109375
1 0.178125 0.63515625 0.08125 0.15546875
1 0.59140625 0.8953125 0.12734375 0.209375
1 0.428125 0.83203125 0.10078125 0.228125
1 0.21953125 0.88984375 0.14140625 0.2203125
1 0.4359375 0.63359375 0.08984375 0.16328125
1 0.58046875 0.71796875 0.09140625 0.18359375
1 0.24453125 0.4890625 0.08359375 0.13671875
3 0.14609375 0.40546875 0.16953125 0.2703125
1 0.571875 0.24296875 0.040625 0.05546875
3 0.2890625 0.2203125 0.11171875 0.140625