1 0.61484375 0.7859375 0.16484375 0.2390625
1 0.1859375 0.41875 0.06015625 0.10390625
1 0.42109375 0.58515625 0.10546875 0.1703125
1 0.915625 0.828125 0.16875 0.2609375
1 0.5953125 0.571875 0.13828125 0.190625
1 0.37421875 0.43984375 0.06953125 0.10546875
1 0.64296875 0.515625 0.10390625 0.128125
1 0.7609375 0.38203125 0.07421875 0.0890625
1 0.69609375 0.38359375 0.07734375 0.08125
1 0.48828125 0.43984375 0.08203125 0.10390625
1 0.153125 0.540625 0.08203125 0.1515625
1 0.9453125 0.48984375 0.109375 0.0984375
1 0.46953125 0.3390625 0.05703125 0.08125
3 0.75546875 0.29140625 0.15078125 0.17421875