1 0.6359375 0.171875 0.02265625 0.03671875
1 0.7265625 0.1765625 0.028125 0.04609375
1 0.62578125 0.20859375 0.03125 0.05390625
1 0.6828125 0.18828125 0.02734375 0.04296875
1 0.65546875 0.265625 0.03984375 0.07421875
1 0.73359375 0.3015625 0.04921875 0.0703125
2 0.79140625 0.26953125 0.04375 0.07578125
1 0.81171875 0.21171875 0.0375 0.05546875
1 0.68359375 0.38671875 0.05625 0.090625
1 0.36171875 0.26640625 0.04296875 0.07421875
1 0.28046875 0.30078125 0.04921875 0.0703125
1 0.84296875 0.25546875 0.04375 0.06484375
1 0.81640625 0.44921875 0.07734375 0.109375
1 0.71796875 0.51015625 0.084375 0.14296875
1 0.4171875 0.21796875 0.03515625 0.0484375
1 0.52109375 0.2140625 0.03125 0.05
1 0.35234375 0.209375 0.03671875 0.059375
1 0.91015625 0.31875 0.05390625 0.0703125
1 0.95078125 0.459375 0.09765625 0.0984375
2 0.9578125 0.35859375 0.084375 0.1046875
1 0.82421875 0.9453125 0.15859375 0.109375