1 0.625 0.19921875 0.03046875 0.0515625
1 0.39375 0.65703125 0.10078125 0.1984375
1 0.20859375 0.6890625 0.128125 0.19296875
1 0.75859375 0.21328125 0.0375 0.059375
1 0.73046875 0.28359375 0.05234375 0.07578125
0 0.81328125 0.18515625 0.04140625 0.07421875
1 0.41875 0.2859375 0.046875 0.08359375
1 0.67421875 0.359375 0.05390625 0.08671875
1 0.8390625 0.3234375 0.05546875 0.078125
1 0.71953125 0.5109375 0.08515625 0.14609375
1 0.51015625 0.21875 0.03125 0.0609375
2 0.934375 0.71640625 0.13125 0.21640625
1 0.9640625 0.33984375 0.071875 0.0703125