1 0.41171875 0.496875 0.04765625 0.06875
1 0.46171875 0.49296875 0.05078125 0.06875
1 0.35546875 0.55390625 0.04765625 0.07578125
1 0.4296875 0.6140625 0.06953125 0.09453125
3 0.4625 0.64140625 0.15546875 0.2890625
3 0.55078125 0.5296875 0.090625 0.20546875
1 0.7171875 0.78125 0.10390625 0.16640625
1 0.59609375 0.49609375 0.034375 0.059375
1 0.61640625 0.4703125 0.04375 0.059375
1 0.3625 0.478125 0.071875 0.05546875
1 0.6484375 0.5453125 0.05078125 0.08359375
1 0.58046875 0.46796875 0.03984375 0.05703125
1 0.6828125 0.428125 0.03359375 0.05
3 0.64296875 0.39453125 0.06484375 0.08515625