0 0.59296875 0.684375 0.290625 0.26328125
1 0.58359375 0.21171875 0.08125 0.06640625
1 0.72734375 0.24921875 0.103125 0.08671875
2 0.93046875 0.29453125 0.13828125 0.16328125
1 0.01484375 0.91171875 0.028125 0.1484375
1 0.65234375 0.25859375 0.09296875 0.078125
1 0.5296875 0.88046875 0.24765625 0.21640625
1 0.23828125 0.92578125 0.23671875 0.1484375
1 0.80546875 0.95625 0.29453125 0.08671875
1 0.23203125 0.25703125 0.08515625 0.06328125
1 0.46328125 0.315625 0.10625 0.078125
3 0.346875 0.11640625 0.08828125 0.13515625
1 0.88125 0.4953125 0.16796875 0.121875
1 0.9765625 0.846875 0.046875 0.13671875
1 0.9546875 0.2953125 0.090625 0.07578125