0 0.59296875 0.64921875 0.29375 0.25390625
3 0.78984375 0.1234375 0.24765625 0.10703125
1 0.73203125 0.1765625 0.08203125 0.0515625
1 0.07109375 0.46796875 0.140625 0.12578125
1 0.0875 0.40390625 0.134375 0.0984375
1 0.28125 0.30703125 0.11875 0.11328125
1 0.3234375 0.3765625 0.13046875 0.090625
1 0.24453125 0.48203125 0.15625 0.13515625
1 0.6484375 0.1453125 0.084375 0.05546875
1 0.57890625 0.165625 0.07890625 0.05390625
1 0.5484375 0.1953125 0.08984375 0.0609375
1 0.49609375 0.2734375 0.11640625 0.07578125
1 0.48828125 0.32578125 0.12734375 0.09609375
1 0.5171875 0.38203125 0.13828125 0.10390625
1 0.515625 0.15 0.07421875 0.06328125
1 0.40390625 0.19296875 0.09375 0.05703125
2 0.70546875 0.20703125 0.10234375 0.08515625
1 0.68359375 0.278125 0.11171875 0.071875
1 0.3703125 0.1703125 0.07734375 0.0609375
1 0.79765625 0.3109375 0.10859375 0.090625
3 0.903125 0.1484375 0.19375 0.11875
3 0.91171875 0.17578125 0.17578125 0.13125
1 0.2125 0.19140625 0.08828125 0.05390625
1 0.1234375 0.28125 0.125 0.08671875
1 0.91328125 0.2484375 0.09296875 0.07421875
1 0.13984375 0.2265625 0.09453125 0.0609375
1 0.971875 0.26875 0.05625 0.084375