1 0.259375 0.578125 0.10546875 0.16328125
1 0.371875 0.609375 0.1125 0.178125
1 0.728125 0.253125 0.05 0.06875
1 0.65859375 0.23125 0.04140625 0.0609375
1 0.76796875 0.2046875 0.04453125 0.05703125
1 0.66171875 0.309375 0.05546875 0.08671875
2 0.25390625 0.403125 0.09296875 0.14609375
2 0.21796875 0.296875 0.06796875 0.10390625
1 0.31484375 0.28828125 0.06015625 0.078125
1 0.78515625 0.31796875 0.05546875 0.08359375
1 0.47109375 0.29609375 0.05234375 0.09453125
1 0.8296875 0.26796875 0.06171875 0.08515625
1 0.41875 0.24375 0.04140625 0.071875
1 0.815625 0.46171875 0.084375 0.1296875
1 0.88359375 0.23125 0.05390625 0.06328125
1 0.4984375 0.21015625 0.03515625 0.06640625
2 0.7390625 0.61875 0.10625 0.21875
1 0.34921875 0.175 0.0375 0.05