0 0.66484375 0.2703125 0.07421875 0.10703125
1 0.47265625 0.15859375 0.03359375 0.040625
1 0.43125 0.16484375 0.03359375 0.0390625
1 0.45078125 0.14453125 0.03046875 0.03671875
1 0.49140625 0.140625 0.03125 0.0390625
1 0.4703125 0.13046875 0.03046875 0.03359375
2 0.40078125 0.159375 0.034375 0.0484375
1 0.61796875 0.13203125 0.02890625 0.0390625
1 0.63984375 0.13828125 0.03046875 0.0390625
3 0.68046875 0.1296875 0.096875 0.1
1 0.56171875 0.1484375 0.04140625 0.0390625
2 0.36875 0.1765625 0.03203125 0.05703125
1 0.6 0.1546875 0.03984375 0.040625
1 0.08515625 0.271875 0.078125 0.06640625
1 0.53828125 0.1953125 0.05 0.0515625
1 0.47265625 0.19609375 0.05703125 0.05
1 0.22890625 0.20703125 0.05859375 0.0515625
1 0.39140625 0.2859375 0.08046875 0.06640625
1 0.33359375 0.1609375 0.04609375 0.040625
1 0.43203125 0.13515625 0.034375 0.03671875
1 0.16875 0.459375 0.121875 0.09609375
3 0.40703125 0.1109375 0.12109375 0.08515625