1 0.46171875 0.32578125 0.07734375 0.06640625
1 0.52109375 0.28984375 0.06640625 0.06484375
1 0.575 0.259375 0.05625 0.0515625
1 0.615625 0.2359375 0.04765625 0.05
1 0.38046875 0.36875 0.09375 0.07421875
1 0.24609375 0.39296875 0.10546875 0.078125
1 0.36171875 0.33984375 0.08046875 0.06875
1 0.44609375 0.3 0.06875 0.05703125
2 0.50546875 0.26015625 0.06015625 0.05703125
1 0.56796875 0.23203125 0.05234375 0.05
1 0.51875 0.23359375 0.05078125 0.05
1 0.0890625 0.459375 0.140625 0.09609375
1 0.2828125 0.4296875 0.10859375 0.08515625
1 0.128125 0.5046875 0.14296875 0.1015625
1 0.459375 0.25859375 0.05625 0.05
1 0.396875 0.290625 0.06171875 0.05703125
1 0.7390625 0.26015625 0.05859375 0.059375
1 0.8171875 0.21796875 0.05 0.0484375