1 0.63203125 0.19296875 0.028125 0.0484375
2 0.69609375 0.20546875 0.03125 0.059375
1 0.17421875 0.52578125 0.08984375 0.12578125
1 0.65625 0.2609375 0.03828125 0.0609375
1 0.78515625 0.19921875 0.0375 0.059375
2 0.43984375 0.4390625 0.05546875 0.13671875
1 0.37109375 0.39296875 0.06328125 0.09296875
1 0.746875 0.3 0.04765625 0.071875
1 0.66328125 0.35703125 0.05390625 0.08671875
1 0.81015625 0.29140625 0.04453125 0.06328125
2 0.43125 0.25546875 0.03515625 0.08125
1 0.71171875 0.52578125 0.07265625 0.11875
1 0.83359375 0.515625 0.09296875 0.15390625
2 0.93359375 0.45078125 0.07890625 0.1296875
2 0.52109375 0.1890625 0.02421875 0.059375
2 0.3828125 0.17578125 0.02734375 0.04609375