1 0.63203125 0.18671875 0.02421875 0.040625
1 0.68125 0.18125 0.03046875 0.0515625
2 0.7265625 0.1734375 0.025 0.04609375
2 0.38359375 0.659375 0.08828125 0.23125
2 0.03828125 0.56328125 0.075 0.171875
1 0.70546875 0.23515625 0.03515625 0.05703125
2 0.6640625 0.303125 0.059375 0.13359375
1 0.7359375 0.296875 0.046875 0.0703125
1 0.7828125 0.23515625 0.04140625 0.0609375
1 0.3625 0.4015625 0.0625 0.0984375
1 0.46484375 0.38359375 0.05625 0.09453125
1 0.29140625 0.36171875 0.06171875 0.08125
1 0.3609375 0.2734375 0.05 0.06328125
1 0.8390625 0.52578125 0.09453125 0.13671875
1 0.459375 0.20859375 0.03671875 0.0609375
1 0.415625 0.19453125 0.03046875 0.040625
1 0.51796875 0.20078125 0.03359375 0.05