1 0.78671875 0.23515625 0.03984375 0.040625
1 0.5578125 0.9125 0.1125 0.175
1 0.396875 0.925 0.11640625 0.15
1 0.55234375 0.7234375 0.084375 0.16484375
1 0.41171875 0.76171875 0.08984375 0.1796875
1 0.25625 0.821875 0.11484375 0.2015625
1 0.05078125 0.9453125 0.09921875 0.109375
1 0.44921875 0.56953125 0.07265625 0.140625
1 0.3203125 0.6484375 0.08359375 0.140625
1 0.16328125 0.709375 0.11015625 0.1890625
1 0.353125 0.54609375 0.06875 0.10703125
1 0.25234375 0.55703125 0.07734375 0.1109375
1 0.36953125 0.48046875 0.06015625 0.09296875
1 0.30078125 0.465625 0.06015625 0.090625
1 0.396875 0.428125 0.05234375 0.078125
1 0.32109375 0.41875 0.04765625 0.071875
1 0.39453125 0.3796875 0.040625 0.0609375
1 0.334375 0.38046875 0.040625 0.06484375
1 0.35703125 0.35 0.03828125 0.0609375
1 0.37265625 0.32109375 0.03515625 0.05546875
3 0.41640625 0.30625 0.06796875 0.13515625
3 0.10546875 0.59609375 0.209375 0.39296875
3 0.23359375 0.38671875 0.11171875 0.17578125
3 0.2953125 0.309375 0.08515625 0.12578125
3 0.34765625 0.25625 0.08203125 0.12421875
3 0.42734375 0.24609375 0.04765625 0.078125
1 0.93828125 0.3234375 0.06796875 0.0515625
0 0.38359375 0.21953125 0.07421875 0.0609375