1 0.25234375 0.89140625 0.115625 0.21640625
1 0.31015625 0.52109375 0.065625 0.12421875
1 0.0515625 0.6734375 0.10078125 0.19296875
1 0.15859375 0.66015625 0.11328125 0.190625
1 0.40859375 0.44921875 0.06015625 0.109375
1 0.68671875 0.396875 0.11015625 0.1015625
1 0.50859375 0.3359375 0.07734375 0.0890625
2 0.51953125 0.271875 0.075 0.08515625
1 0.6140625 0.28359375 0.06640625 0.071875
1 0.44296875 0.24296875 0.04296875 0.05703125
1 0.85703125 0.71015625 0.20625 0.18125
1 0.43359375 0.928125 0.1140625 0.14375