1 0.3375 0.23359375 0.04921875 0.06875
1 0.6609375 0.08984375 0.02109375 0.04453125
1 0.49375 0.38125 0.084375 0.1609375
1 0.58515625 0.096875 0.02890625 0.040625
2 0.35859375 0.325 0.08359375 0.178125
1 0.64921875 0.14453125 0.0375 0.05703125
1 0.5828125 0.12421875 0.034375 0.0515625
1 0.7046875 0.20546875 0.05 0.0703125
1 0.709375 0.259375 0.06328125 0.09453125
1 0.45 0.2296875 0.046875 0.071875
1 0.40234375 0.209375 0.04296875 0.0609375
1 0.51953125 0.15078125 0.03125 0.0515625
1 0.77734375 0.35859375 0.07890625 0.1203125
1 0.459375 0.134375 0.028125 0.04453125
1 0.4984375 0.0953125 0.02265625 0.040625
1 0.53359375 0.11171875 0.028125 0.0390625
1 0.9234375 0.81640625 0.11328125 0.2703125
3 0.71328125 0.12578125 0.071875 0.11875
3 0.62890625 0.09375 0.04609375 0.10703125