1 0.41796875 0.4296875 0.103125 0.09296875
3 0.5453125 0.21796875 0.13125 0.11875
1 0.65546875 0.31015625 0.06328125 0.06328125
1 0.56171875 0.3203125 0.071875 0.07421875
1 0.7375 0.265625 0.05546875 0.0609375
1 0.43046875 0.3015625 0.06875 0.05546875
1 0.3125 0.36953125 0.09453125 0.0796875
1 0.68203125 0.2515625 0.065625 0.05390625
1 0.57890625 0.26328125 0.05625 0.0484375
1 0.190625 0.43125 0.11640625 0.09296875
3 0.803125 0.7953125 0.39375 0.409375
1 0.77421875 0.7515625 0.18203125 0.178125
1 0.05390625 0.49296875 0.10546875 0.10390625
3 0.3625 0.90625 0.72265625 0.18671875
1 0.83046875 0.22890625 0.03984375 0.05546875
1 0.0828125 0.728125 0.16328125 0.1515625
1 0.89453125 0.19921875 0.06015625 0.0484375
1 0.37578125 0.746875 0.228125 0.16875
1 0.21640625 0.6546875 0.16796875 0.13671875