1 0.41484375 0.49609375 0.05234375 0.06875
1 0.46328125 0.49140625 0.053125 0.0703125
1 0.35546875 0.55078125 0.046875 0.07578125
1 0.42890625 0.61484375 0.06875 0.09609375
3 0.49609375 0.60078125 0.11640625 0.24453125
3 0.55703125 0.51171875 0.084375 0.18671875
1 0.66484375 0.5984375 0.065625 0.1
1 0.60234375 0.48515625 0.03984375 0.0609375
1 0.62578125 0.46484375 0.03984375 0.05
1 0.46171875 0.4640625 0.0625 0.0484375
1 0.67265625 0.4765625 0.04375 0.06328125
1 0.62578125 0.43046875 0.03828125 0.04609375