1 0.55703125 0.1546875 0.05390625 0.0390625
2 0.54140625 0.13359375 0.06484375 0.05390625
1 0.4515625 0.178125 0.07265625 0.0515625
2 0.3921875 0.17109375 0.065625 0.05546875
1 0.3484375 0.20390625 0.07421875 0.059375
1 0.29296875 0.196875 0.06796875 0.05546875
1 0.26171875 0.2234375 0.075 0.0515625
1 0.2078125 0.22421875 0.0625 0.04453125
1 0.1078125 0.26015625 0.08359375 0.05390625
0 0.6671875 0.25859375 0.07734375 0.11484375
1 0.765625 0.56484375 0.13125 0.18671875
1 0.71328125 0.409375 0.05703125 0.13359375
1 0.74765625 0.3109375 0.0625 0.08515625
1 0.78828125 0.24453125 0.05390625 0.06640625
1 0.80703125 0.19921875 0.05390625 0.059375
1 0.828125 0.17578125 0.040625 0.059375
1 0.78046875 0.8140625 0.25078125 0.2015625
3 0.29765625 0.221875 0.20546875 0.1484375
1 0.2640625 0.778125 0.23671875 0.1796875
1 0.60546875 0.1765625 0.07109375 0.0484375