1 0.31484375 0.8890625 0.1125 0.221875
1 0.36640625 0.57421875 0.06640625 0.11328125
1 0.50703125 0.67421875 0.08671875 0.14453125
1 0.3859375 0.45078125 0.04609375 0.078125
1 0.40390625 0.40546875 0.03671875 0.06484375
1 0.48203125 0.4734375 0.05 0.08125
1 0.53671875 0.33828125 0.028125 0.0484375
1 0.64921875 0.44609375 0.053125 0.0703125
2 0.41171875 0.3390625 0.03203125 0.071875
1 0.46796875 0.38046875 0.03671875 0.05703125
1 0.46484375 0.328125 0.028125 0.03515625
2 0.76953125 0.41796875 0.04609375 0.08125