1 0.4890625 0.36875 0.08046875 0.1515625
1 0.52421875 0.6359375 0.11875 0.27578125
1 0.48984375 0.9109375 0.16796875 0.178125
1 0.4640625 0.08046875 0.05390625 0.07421875
1 0.61015625 0.0546875 0.04140625 0.05546875
1 0.55234375 0.046875 0.03671875 0.0484375
1 0.021875 0.46328125 0.04140625 0.1484375
1 0.52734375 0.084375 0.04140625 0.059375
1 0.60703125 0.11953125 0.04765625 0.0703125
3 0.1953125 0.17109375 0.14375 0.2203125
3 0.25234375 0.3859375 0.25859375 0.55390625
1 0.60078125 0.28671875 0.071875 0.11640625
1 0.06953125 0.24296875 0.065625 0.090625
3 0.81171875 0.325 0.29296875 0.5484375