1 0.4890625 0.371875 0.07578125 0.1484375
1 0.52265625 0.6359375 0.11484375 0.2703125
1 0.959375 0.28125 0.08125 0.134375
1 0.490625 0.9140625 0.15546875 0.171875
1 0.0734375 0.24453125 0.071875 0.0984375
1 0.54609375 0.115625 0.05078125 0.07578125
1 0.61484375 0.10078125 0.04453125 0.06328125
1 0.128125 0.9078125 0.178125 0.184375
1 0.16640625 0.16640625 0.05703125 0.0703125
1 0.09296875 0.60859375 0.14375 0.25703125
1 0.8171875 0.2734375 0.10078125 0.13359375
1 0.69296875 0.25859375 0.08359375 0.128125
1 0.190625 0.10703125 0.04296875 0.05703125
1 0.32578125 0.26015625 0.0625 0.11875
1 0.61796875 0.38359375 0.09296875 0.1609375
3 0.28203125 0.14609375 0.11640625 0.2
1 0.953125 0.55390625 0.09375 0.18671875
1 0.95625 0.8359375 0.0875 0.325