0 0.68515625 0.53359375 0.31484375 0.390625
1 0.27109375 0.42578125 0.12109375 0.121875
1 0.10234375 0.34140625 0.08359375 0.08515625
3 0.03671875 0.28515625 0.071875 0.14453125
1 0.83671875 0.35078125 0.18515625 0.14453125
3 0.540625 0.24140625 0.30234375 0.20546875
3 0.83125 0.2296875 0.3375 0.25703125
1 0.28828125 0.23671875 0.06953125 0.071875
3 0.334375 0.178125 0.18671875 0.13671875
1 0.215625 0.22421875 0.06875 0.06484375
3 0.16796875 0.15859375 0.15625 0.09453125
2 0.78671875 0.4890625 0.2 0.228125
1 0.55078125 0.42890625 0.1625 0.14609375
2 0.396875 0.36015625 0.11796875 0.140625
1 0.27265625 0.33984375 0.10546875 0.1015625
3 0.15078125 0.27578125 0.184375 0.171875