3 0.54609375 0.20625 0.134375 0.13125
1 0.25703125 0.6859375 0.16953125 0.228125
1 0.45859375 0.4890625 0.11640625 0.12421875
1 0.43046875 0.284375 0.06484375 0.06328125
1 0.3515625 0.32578125 0.08984375 0.07578125
1 0.63203125 0.221875 0.04609375 0.05703125
1 0.2390625 0.38671875 0.11171875 0.08671875
1 0.103125 0.44453125 0.13671875 0.1
1 0.41171875 0.409375 0.08984375 0.0984375
2 0.58203125 0.23984375 0.06796875 0.07421875
2 0.52734375 0.26953125 0.06015625 0.0703125
1 0.57421875 0.36171875 0.07265625 0.0890625
1 0.80546875 0.53203125 0.121875 0.171875
2 0.65859375 0.2734375 0.09765625 0.1203125
1 0.74609375 0.24453125 0.059375 0.059375
1 0.63671875 0.403125 0.08671875 0.10703125
1 0.4375 0.32421875 0.08046875 0.0703125
1 0.815625 0.25703125 0.04921875 0.0609375
1 0.575 0.290625 0.071875 0.0703125