1 0.28671875 0.04140625 0.02734375 0.028125
1 0.50859375 0.40703125 0.11953125 0.16328125
1 0.22421875 0.071875 0.03046875 0.03359375
1 0.26171875 0.06484375 0.03046875 0.0390625
1 0.31015625 0.059375 0.02421875 0.03125
2 0.3625 0.390625 0.09453125 0.15703125
1 0.1703125 0.36796875 0.071875 0.11484375
1 0.3140625 0.6859375 0.13046875 0.23515625
2 0.3140625 0.084375 0.040625 0.0609375
1 0.28515625 0.10859375 0.03671875 0.0390625
1 0.421875 0.08125 0.034375 0.040625
1 0.22890625 0.16875 0.04609375 0.05703125
2 0.43203125 0.14453125 0.05625 0.0515625
1 0.47421875 0.1234375 0.04453125 0.05390625
1 0.55 0.19921875 0.06640625 0.06328125
1 0.46875 0.20390625 0.06484375 0.06640625
1 0.06640625 0.2046875 0.04765625 0.06484375
1 0.03203125 0.1203125 0.03125 0.04296875
1 0.12890625 0.09609375 0.03125 0.04296875
1 0.76953125 0.30078125 0.11875 0.0890625
1 0.88046875 0.29140625 0.11875 0.09296875