0 0.66484375 0.259375 0.078125 0.11640625
1 0.86875 0.62421875 0.16484375 0.22578125
1 0.71484375 0.5453125 0.08359375 0.16328125
1 0.69765625 0.41640625 0.06875 0.11875
1 0.71875 0.32421875 0.0625 0.1015625
1 0.7578125 0.27578125 0.04921875 0.08125
1 0.79765625 0.23046875 0.046875 0.06328125
1 0.921875 0.8875 0.153125 0.225
1 0.82421875 0.1953125 0.046875 0.05546875
1 0.53515625 0.8359375 0.24765625 0.20546875
2 0.40546875 0.16640625 0.05 0.04609375
1 0.6234375 0.1859375 0.06875 0.05
1 0.16796875 0.81328125 0.25703125 0.18125
1 0.87421875 0.17421875 0.06796875 0.05390625
1 0.78671875 0.15703125 0.06953125 0.04609375
3 0.08828125 0.2265625 0.17421875 0.14609375