1 0.61171875 0.1953125 0.03125 0.05390625
1 0.71953125 0.18984375 0.03203125 0.04453125
1 0.65625 0.190625 0.03046875 0.04609375
2 0.62421875 0.25390625 0.040625 0.071875
1 0.76484375 0.18203125 0.03203125 0.04453125
2 0.271875 0.25703125 0.05703125 0.11484375
1 0.65703125 0.38828125 0.05546875 0.0890625
1 0.41796875 0.2609375 0.04140625 0.06328125
1 0.76015625 0.39453125 0.06328125 0.0984375
1 0.83984375 0.375 0.06796875 0.08671875
2 0.31953125 0.215625 0.046875 0.090625
1 0.89296875 0.30703125 0.06171875 0.06875
1 0.7015625 0.63359375 0.10078125 0.1703125
1 0.42265625 0.175 0.02734375 0.04296875