1 0.41171875 0.4984375 0.046875 0.06640625
1 0.46171875 0.49375 0.05078125 0.0703125
1 0.35546875 0.55390625 0.05 0.07421875
1 0.4296875 0.6140625 0.06953125 0.09453125
3 0.440625 0.678125 0.15859375 0.3296875
3 0.540625 0.54375 0.09453125 0.2109375
1 0.753125 0.89140625 0.13203125 0.19609375
1 0.590625 0.50390625 0.03828125 0.06328125
1 0.61171875 0.478125 0.04296875 0.06328125
1 0.33984375 0.484375 0.08046875 0.06328125
1 0.64765625 0.5953125 0.05703125 0.09609375
1 0.5390625 0.49375 0.07109375 0.07578125
1 0.66015625 0.440625 0.03671875 0.05
3 0.62109375 0.41171875 0.06796875 0.0984375
1 0.69140625 0.41171875 0.03515625 0.0484375