0 0.59296875 0.64140625 0.29140625 0.26484375
1 0.88359375 0.10625 0.05546875 0.0484375
1 0.0296875 0.44296875 0.05703125 0.0984375
1 0.06171875 0.52890625 0.12109375 0.140625
1 0.74609375 0.12578125 0.07421875 0.0515625
1 0.73203125 0.14609375 0.06875 0.059375
2 0.3125 0.33515625 0.10703125 0.12421875
1 0.321875 0.41171875 0.14765625 0.1203125
3 0.47109375 0.153125 0.30625 0.140625
1 0.58046875 0.2296875 0.0875 0.0609375
1 0.49453125 0.33203125 0.10078125 0.11328125
2 0.53515625 0.27421875 0.10859375 0.1015625
1 0.55546875 0.13203125 0.07421875 0.0515625
1 0.72890625 0.1984375 0.08359375 0.071875
1 0.67421875 0.29296875 0.11171875 0.0984375
1 0.22578125 0.2515625 0.11953125 0.06484375
1 0.871875 0.171875 0.071875 0.059375
3 0.09296875 0.19296875 0.18359375 0.13125
1 0.92890625 0.24609375 0.10234375 0.078125
2 0.93046875 0.19140625 0.09375 0.07421875