1 0.521875 0.33359375 0.06953125 0.09453125
1 0.0921875 0.65546875 0.13359375 0.20546875
1 0.69140625 0.309375 0.05234375 0.08515625
1 0.10859375 0.95625 0.175 0.08671875
1 0.25078125 0.4890625 0.09765625 0.16328125
3 0.15078125 0.34609375 0.17890625 0.25546875
1 0.36796875 0.5484375 0.10078125 0.17578125
1 0.825 0.4046875 0.08125 0.1109375
1 0.6734375 0.4953125 0.08046875 0.1390625
1 0.28828125 0.3890625 0.06328125 0.1015625
1 0.85859375 0.6296875 0.115625 0.17421875
1 0.40234375 0.3453125 0.05625 0.0984375