1 0.02578125 0.746875 0.05 0.16875
1 0.71328125 0.23125 0.03984375 0.06875
1 0.29296875 0.51875 0.10078125 0.2
1 0.284375 0.359375 0.06171875 0.078125
1 0.44921875 0.41796875 0.06484375 0.09609375
1 0.78671875 0.24453125 0.04375 0.05703125
1 0.67109375 0.34609375 0.05234375 0.0890625
1 0.83984375 0.22109375 0.04453125 0.05703125
1 0.39921875 0.31796875 0.05 0.071875
1 0.77109375 0.32109375 0.04921875 0.08125
1 0.28828125 0.2703125 0.05234375 0.0609375
2 0.5046875 0.2234375 0.03828125 0.07421875
1 0.45234375 0.215625 0.034375 0.059375
2 0.821875 0.84375 0.15703125 0.2703125