1 0.09296875 0.46875 0.13828125 0.10546875
1 0.13203125 0.5109375 0.14453125 0.10390625
1 0.24765625 0.396875 0.10859375 0.078125
1 0.28359375 0.434375 0.11328125 0.0796875
1 0.36171875 0.34375 0.08203125 0.06875
1 0.38125 0.3703125 0.09375 0.06640625
1 0.3984375 0.296875 0.06015625 0.0609375
1 0.4484375 0.30546875 0.065625 0.0609375
1 0.46171875 0.32890625 0.06796875 0.0703125
1 0.46015625 0.26484375 0.059375 0.05546875
1 0.50703125 0.2609375 0.05703125 0.05
1 0.52109375 0.29453125 0.06640625 0.05546875
1 0.52109375 0.23828125 0.05390625 0.0484375
1 0.56953125 0.23515625 0.05546875 0.05390625
1 0.57734375 0.2640625 0.06015625 0.05546875
1 0.6171875 0.24140625 0.05234375 0.05546875
1 0.16796875 0.8859375 0.18515625 0.18671875
1 0.565625 0.359375 0.071875 0.0796875
1 0.7078125 0.32421875 0.0625 0.06484375
1 0.83828125 0.22578125 0.05859375 0.0609375