1 0.26171875 0.32109375 0.090625 0.078125
3 0.06875 0.6234375 0.13515625 0.46484375
1 0.24140625 0.43984375 0.084375 0.121875
1 0.36796875 0.4640625 0.07890625 0.1296875
1 0.35859375 0.696875 0.1375 0.2203125
1 0.3140625 0.2484375 0.053125 0.071875
1 0.36953125 0.20859375 0.04296875 0.06484375
1 0.584375 0.26171875 0.04453125 0.06875
1 0.43203125 0.2109375 0.03515625 0.05390625
1 0.46015625 0.16953125 0.028125 0.0484375
1 0.659375 0.4546875 0.084375 0.13671875
1 0.40234375 0.1640625 0.028125 0.04453125