1 0.22734375 0.228125 0.05390625 0.03515625
1 0.56796875 0.29609375 0.05859375 0.06875
2 0.59375 0.25546875 0.05390625 0.08359375
2 0.6421875 0.29609375 0.065625 0.08125
1 0.71328125 0.4140625 0.10390625 0.11875
1 0.74296875 0.3484375 0.0875 0.08359375
1 0.86171875 0.396875 0.115625 0.10703125
1 0.9375 0.5203125 0.125 0.140625
1 0.971875 0.465625 0.05625 0.084375
1 0.35078125 0.9296875 0.28125 0.140625
1 0.5578125 0.1765625 0.05625 0.04453125
1 0.85078125 0.19375 0.06015625 0.04296875
1 0.90625 0.20546875 0.05546875 0.04296875