1 0.55390625 0.4609375 0.09921875 0.15
1 0.62578125 0.36640625 0.07421875 0.109375
1 0.72109375 0.2984375 0.06640625 0.08359375
1 0.7703125 0.26484375 0.04765625 0.0609375
1 0.809375 0.23828125 0.04921875 0.059375
1 0.478125 0.43125 0.096875 0.11875
1 0.55390625 0.36640625 0.08046875 0.0890625
1 0.6265625 0.3015625 0.07109375 0.08125
1 0.68515625 0.26640625 0.05703125 0.06328125
1 0.740625 0.24375 0.05703125 0.0609375
1 0.35078125 0.45 0.11484375 0.109375
3 0.48203125 0.31875 0.19453125 0.20703125
1 0.62734375 0.26328125 0.059375 0.0609375
1 0.40390625 0.33359375 0.07109375 0.06640625
1 0.53828125 0.27109375 0.07109375 0.06328125
1 0.57578125 0.240625 0.05703125 0.0484375
1 0.6140625 0.22421875 0.05 0.0515625
1 0.18203125 0.4265625 0.13203125 0.08515625
1 0.24765625 0.36875 0.10078125 0.06875
1 0.35703125 0.32109375 0.07109375 0.06875
1 0.4546875 0.28671875 0.06875 0.071875
2 0.5046875 0.24609375 0.06640625 0.06640625
1 0.56796875 0.2140625 0.05625 0.05546875
1 0.38359375 0.2703125 0.07265625 0.05703125
1 0.40390625 0.69140625 0.20390625 0.14609375
1 0.72734375 0.8140625 0.21796875 0.16484375
2 0.9203125 0.68671875 0.159375 0.15390625
1 0.34296875 0.83671875 0.24453125 0.17421875
1 0.75234375 0.21796875 0.06328125 0.0515625
1 0.0375 0.72578125 0.07265625 0.13125
1 0.01171875 0.4796875 0.02109375 0.07421875