2 0.734375 0.59140625 0.21171875 0.259375
1 0.21171875 0.059375 0.02890625 0.03125
1 0.38828125 0.090625 0.04375 0.04296875
1 0.33515625 0.12109375 0.046875 0.03671875
1 0.32578125 0.09140625 0.04140625 0.040625
2 0.26171875 0.1953125 0.05625 0.090625
1 0.14765625 0.18203125 0.046875 0.06484375
1 0.07265625 0.20859375 0.04921875 0.071875
1 0.49609375 0.12890625 0.05625 0.05546875
1 0.18203125 0.13359375 0.03984375 0.05
1 0.11484375 0.1296875 0.03828125 0.05
1 0.515625 0.21171875 0.07265625 0.05703125
1 0.58984375 0.20859375 0.08828125 0.071875
1 0.76796875 0.1984375 0.0875 0.078125
1 0.0328125 0.103125 0.028125 0.04296875
1 0.928125 0.44296875 0.14375 0.11875