1 0.47421875 0.2046875 0.05546875 0.08671875
1 0.52109375 0.440625 0.09296875 0.16875
1 0.55625 0.1796875 0.05078125 0.0984375
1 0.63359375 0.28828125 0.065625 0.11875
1 0.64609375 0.16171875 0.04375 0.078125
1 0.58828125 0.128125 0.040625 0.06328125
1 0.84609375 0.165625 0.0625 0.078125
1 0.81015625 0.253125 0.07265625 0.1
1 0.6484375 0.11015625 0.03828125 0.06328125
2 0.59765625 0.0703125 0.03828125 0.07421875
2 0.91953125 0.23828125 0.0875 0.1390625
1 0.42421875 0.1734375 0.07421875 0.0703125
1 0.9609375 0.45625 0.078125 0.16875
3 0.48984375 0.0984375 0.12421875 0.159375