1 0.51953125 0.21484375 0.05546875 0.090625
1 0.70703125 0.8515625 0.15703125 0.2609375
2 0.609375 0.3484375 0.09609375 0.18515625
1 0.58984375 0.246875 0.053125 0.078125
1 0.9109375 0.8078125 0.178125 0.346875
1 0.64921875 0.18203125 0.05859375 0.08515625
3 0.509375 0.0640625 0.046875 0.12421875
1 0.5671875 0.08515625 0.03125 0.04609375
1 0.6328125 0.109375 0.03984375 0.0484375
1 0.73203125 0.13828125 0.06328125 0.07421875
1 0.60234375 0.06875 0.03359375 0.05390625
3 0.45234375 0.47109375 0.171875 0.5109375