1 0.41171875 0.4984375 0.05234375 0.06640625
1 0.46015625 0.49140625 0.05625 0.06640625
1 0.35390625 0.5546875 0.05078125 0.07421875
1 0.4296875 0.6140625 0.06953125 0.09453125
3 0.346875 0.82578125 0.26484375 0.3484375
3 0.48359375 0.61953125 0.17421875 0.28671875
1 0.56953125 0.53515625 0.04921875 0.0703125
1 0.60390625 0.49140625 0.04375 0.06328125
1 0.7171875 0.89765625 0.134375 0.2046875
1 0.43828125 0.52890625 0.06953125 0.06484375
1 0.63046875 0.471875 0.03828125 0.05546875
3 0.56796875 0.4390625 0.08359375 0.0984375
1 0.64921875 0.44375 0.03671875 0.05390625