1 0.51015625 0.190625 0.04296875 0.07578125
1 0.61953125 0.390625 0.075 0.14296875
2 0.55078125 0.25546875 0.08046875 0.13515625
1 0.58515625 0.21015625 0.04921875 0.09453125
1 0.65234375 0.04375 0.028125 0.04609375
1 0.69375 0.26328125 0.07734375 0.12421875
1 0.70078125 0.05703125 0.03203125 0.04296875
1 0.59609375 0.109375 0.04140625 0.06484375
3 0.515625 0.05390625 0.04140625 0.10390625
1 0.778125 0.1 0.04296875 0.05546875
1 0.55859375 0.05859375 0.021875 0.04296875
1 0.60703125 0.06484375 0.03125 0.04609375
1 0.91796875 0.36484375 0.11796875 0.15546875
3 0.45390625 0.4734375 0.17109375 0.51484375