1 0.25234375 0.04296875 0.028125 0.03671875
1 0.29140625 0.521875 0.10859375 0.16875
1 0.48046875 0.54375 0.12734375 0.171875
2 0.31953125 0.046875 0.028125 0.04296875
1 0.2953125 0.0546875 0.02578125 0.040625
1 0.23671875 0.05859375 0.02890625 0.03125
1 0.31796875 0.36875 0.08671875 0.13671875
1 0.4359375 0.33203125 0.096875 0.12578125
1 0.21953125 0.22578125 0.05078125 0.07421875
1 0.1234375 0.25703125 0.05234375 0.08125
1 0.35234375 0.10625 0.0375 0.04296875
1 0.26796875 0.096875 0.03671875 0.03671875
1 0.259375 0.18828125 0.05 0.0609375
1 0.02578125 0.25703125 0.05 0.078125
1 0.340625 0.1265625 0.04453125 0.05
1 0.428125 0.11484375 0.046875 0.04453125
2 0.14609375 0.15546875 0.04609375 0.078125
1 0.475 0.19921875 0.06796875 0.059375
1 0.73203125 0.21640625 0.08359375 0.0796875
1 0.03359375 0.09921875 0.02578125 0.04296875