1 0.23125 0.215625 0.07421875 0.07578125
0 0.6828125 0.39140625 0.225 0.28125
1 0.409375 0.3265625 0.09296875 0.1203125
3 0.41171875 0.1890625 0.20390625 0.17421875
1 0.89375 0.371875 0.12890625 0.11328125
1 0.884375 0.30546875 0.11796875 0.0984375
2 0.49375 0.415625 0.11796875 0.16328125
1 0.79453125 0.2453125 0.07578125 0.08515625
1 0.75546875 0.2796875 0.08125 0.09296875
1 0.81015625 0.66328125 0.18359375 0.1796875
2 0.69140625 0.303125 0.07734375 0.09609375
1 0.62265625 0.72890625 0.14765625 0.20546875
1 0.71953125 0.1953125 0.06640625 0.07421875
1 0.609375 0.2140625 0.06875 0.0890625
1 0.54453125 0.18828125 0.06640625 0.07421875
3 0.95625 0.48359375 0.0875 0.2796875
1 0.62265625 0.16875 0.05390625 0.0703125