1 0.096875 0.8828125 0.19375 0.234375
1 0.4515625 0.884375 0.24453125 0.23125
1 0.8765625 0.89609375 0.246875 0.20703125
0 0.596875 0.59921875 0.29921875 0.2515625
1 0.790625 0.33203125 0.15546875 0.13359375
1 0.2390625 0.18828125 0.09296875 0.07578125
1 0.39296875 0.17578125 0.09375 0.06640625
1 0.74140625 0.23203125 0.121875 0.08515625
1 0.45390625 0.153125 0.08671875 0.078125
1 0.73984375 0.17578125 0.10703125 0.07578125
1 0.87734375 0.21484375 0.12578125 0.10390625
1 0.94921875 0.1953125 0.10078125 0.08125
1 0.8078125 0.16328125 0.103125 0.08671875
1 0.67265625 0.128125 0.08984375 0.0890625
1 0.56953125 0.11640625 0.08515625 0.078125
1 0.4671875 0.08984375 0.07265625 0.0609375
1 0.39609375 0.0765625 0.05625 0.07421875
1 0.35546875 0.06171875 0.03515625 0.05