1 0.2234375 0.059375 0.028125 0.03359375
1 0.25703125 0.05078125 0.028125 0.03359375
1 0.18515625 0.05703125 0.02421875 0.02578125
1 0.23203125 0.084375 0.034375 0.03359375
1 0.39765625 0.47890625 0.115625 0.14296875
2 0.16953125 0.346875 0.075 0.1390625
2 0.32109375 0.0734375 0.03671875 0.0484375
1 0.3328125 0.059375 0.028125 0.03125
1 0.1984375 0.240625 0.05546875 0.078125
2 0.41328125 0.109375 0.04609375 0.05
1 0.14140625 0.1703125 0.04375 0.05703125
2 0.44765625 0.0953125 0.04375 0.05
1 0.4265625 0.1484375 0.05 0.05390625
1 0.10078125 0.5890625 0.10546875 0.2109375
1 0.134375 0.0953125 0.03125 0.0390625
2 0.03203125 0.28203125 0.06171875 0.1203125
1 0.56796875 0.259375 0.09296875 0.08515625
1 0.72734375 0.2359375 0.096875 0.0796875
2 0.0703125 0.078125 0.02578125 0.0515625