1 0.08125 0.825 0.16015625 0.27421875
1 0.81328125 0.85390625 0.20859375 0.26328125
1 0.51796875 0.6140625 0.11171875 0.17421875
1 0.1921875 0.48828125 0.075 0.1296875
1 0.39921875 0.47890625 0.08515625 0.15390625
1 0.72421875 0.3890625 0.07578125 0.0796875
1 0.47265625 0.44921875 0.08203125 0.11328125
1 0.53046875 0.4265625 0.078125 0.10390625
1 0.7984375 0.39296875 0.08203125 0.078125
1 0.3125 0.3859375 0.06640625 0.11328125
1 0.48828125 0.36484375 0.0625 0.0796875
1 0.36953125 0.3515625 0.05625 0.078125
1 0.88515625 0.51484375 0.13046875 0.109375
1 0.1921875 0.36171875 0.06953125 0.0984375