1 0.17421875 0.91640625 0.290625 0.16640625
1 0.63671875 0.9078125 0.2984375 0.184375
1 0.925 0.9171875 0.15 0.165625
0 0.596875 0.65625 0.29375 0.26640625
1 0.2890625 0.225 0.090625 0.07421875
1 0.41328125 0.24921875 0.09296875 0.06640625
1 0.57421875 0.290625 0.10703125 0.08515625
0 0.73515625 0.27578125 0.14921875 0.1203125
1 0.5734375 0.2515625 0.09921875 0.0796875
1 0.4578125 0.2296875 0.090625 0.06328125
1 0.3375 0.2046875 0.06875 0.06328125
1 0.5828125 0.184375 0.07734375 0.05703125
1 0.6890625 0.21015625 0.10234375 0.08125
2 0.83671875 0.24140625 0.1375 0.1484375
1 0.97109375 0.27421875 0.05703125 0.06640625
1 0.975 0.31796875 0.05 0.07421875
1 0.23984375 0.253125 0.08046875 0.06640625
1 0.43515625 0.3046875 0.11171875 0.078125
1 0.89375 0.4703125 0.15546875 0.13125