0 0.9703125 0.60703125 0.059375 0.33359375
1 0.45625 0.515625 0.16796875 0.1703125
1 0.15703125 0.36875 0.09375 0.09609375
3 0.04453125 0.29296875 0.08671875 0.15390625
3 0.6734375 0.26875 0.36640625 0.240625
3 0.9828125 0.23515625 0.034375 0.22578125
1 0.3328125 0.24453125 0.07890625 0.07421875
3 0.36015625 0.17578125 0.20546875 0.13359375
1 0.2265625 0.221875 0.06640625 0.06484375
3 0.16796875 0.16015625 0.15703125 0.090625
2 0.78671875 0.4890625 0.2 0.228125
1 0.55078125 0.42890625 0.1625 0.14609375
2 0.396875 0.36015625 0.11796875 0.140625
1 0.27265625 0.33984375 0.10546875 0.1015625
3 0.15078125 0.27578125 0.184375 0.171875