1 0.165625 0.9125 0.2875 0.175
1 0.6015625 0.909375 0.29921875 0.18125
1 0.9078125 0.91484375 0.184375 0.1703125
0 0.596875 0.65625 0.29375 0.26640625
1 0.240625 0.21484375 0.08203125 0.0703125
1 0.36953125 0.24375 0.090625 0.06328125
1 0.53515625 0.27890625 0.10859375 0.07578125
0 0.73515625 0.27890625 0.15234375 0.11640625
1 0.5484375 0.24453125 0.09609375 0.071875
1 0.41953125 0.22421875 0.0875 0.0609375
1 0.27265625 0.19609375 0.06875 0.0515625
1 0.5828125 0.184375 0.07734375 0.05703125
1 0.6890625 0.21015625 0.10234375 0.08125
2 0.83671875 0.24140625 0.1375 0.1484375
1 0.97109375 0.27421875 0.05703125 0.06640625
1 0.975 0.31796875 0.05 0.07421875
1 0.29453125 0.265625 0.09453125 0.06640625
1 0.57265625 0.35 0.115625 0.09296875