1 0.36953125 0.459375 0.11484375 0.11640625
3 0.54453125 0.21796875 0.13359375 0.13359375
1 0.60625 0.34609375 0.07421875 0.08515625
1 0.48125 0.37421875 0.084375 0.09296875
1 0.6890625 0.28671875 0.05546875 0.0609375
1 0.42890625 0.30078125 0.06640625 0.05703125
1 0.3515625 0.34375 0.08984375 0.0703125
1 0.6 0.29140625 0.07265625 0.0609375
1 0.62578125 0.23359375 0.05 0.05546875
1 0.2359375 0.4046875 0.1125 0.08671875
1 0.05625 0.48359375 0.11015625 0.09609375
3 0.8625 0.8953125 0.275 0.209375
1 0.73046875 0.31171875 0.06484375 0.0796875
1 0.47578125 0.69140625 0.21015625 0.15390625
1 0.76328125 0.21953125 0.05703125 0.0515625
1 0.5875 0.89921875 0.26875 0.2015625
1 0.11953125 0.72421875 0.20703125 0.1484375
1 0.15546875 0.88359375 0.24375 0.16640625
1 0.7375 0.746875 0.23359375 0.18359375
1 0.93125 0.6265625 0.1375 0.14453125