1 0.08828125 0.46796875 0.13828125 0.0984375
1 0.128125 0.50859375 0.14140625 0.09296875
1 0.24765625 0.396875 0.1 0.0703125
1 0.2828125 0.434375 0.109375 0.0796875
1 0.36015625 0.34296875 0.07734375 0.06875
1 0.38046875 0.37421875 0.08984375 0.06875
1 0.39609375 0.2984375 0.06015625 0.05546875
1 0.44765625 0.30390625 0.06875 0.06328125
1 0.46328125 0.3296875 0.07421875 0.06640625
1 0.45859375 0.26484375 0.05859375 0.05546875
1 0.50546875 0.26484375 0.06015625 0.05390625
1 0.5203125 0.2953125 0.065625 0.05546875
1 0.52265625 0.234375 0.04375 0.040625
1 0.56953125 0.234375 0.04765625 0.04609375
1 0.57578125 0.26640625 0.05859375 0.05390625
1 0.615625 0.24375 0.04609375 0.04609375
1 0.340625 0.640625 0.12421875 0.16484375
1 0.61171875 0.31796875 0.0625 0.06875
1 0.74921875 0.28984375 0.05390625 0.06328125
1 0.87578125 0.215625 0.0625 0.05546875