1 0.8890625 0.165625 0.028125 0.04609375
1 0.834375 0.1859375 0.03046875 0.05
1 0.95078125 0.20625 0.03515625 0.05703125
1 0.2203125 0.38828125 0.07578125 0.090625
1 0.5296875 0.2984375 0.07578125 0.08359375
2 0.51171875 0.2390625 0.06640625 0.09296875
1 0.65390625 0.34453125 0.078125 0.10546875
1 0.75 0.38046875 0.06640625 0.09609375
2 0.5109375 0.2 0.04296875 0.05546875
2 0.45390625 0.2140625 0.05625 0.0703125
2 0.64765625 0.184375 0.0375 0.06328125
1 0.60625 0.175 0.03515625 0.04453125
1 0.46328125 0.92265625 0.1671875 0.1546875