1 0.525 0.55625 0.09609375 0.2109375
1 0.6359375 0.39921875 0.07421875 0.13125
1 0.684375 0.11171875 0.03359375 0.04453125
1 0.71796875 0.340625 0.075 0.10390625
1 0.59375 0.20546875 0.03984375 0.06484375
1 0.66015625 0.271875 0.053125 0.09296875
1 0.74453125 0.1453125 0.03515625 0.05390625
1 0.7984375 0.15703125 0.03984375 0.04609375
1 0.77265625 0.2390625 0.05546875 0.07578125
1 0.59296875 0.140625 0.02734375 0.05
1 0.63125 0.128125 0.03125 0.0515625
1 0.54140625 0.125 0.02890625 0.0484375
2 0.88203125 0.27578125 0.08125 0.11875
0 0.578125 0.084375 0.02734375 0.06328125
1 0.61015625 0.08203125 0.02265625 0.03359375