3 0.05234375 0.63203125 0.10234375 0.428125
1 0.31171875 0.2484375 0.05234375 0.078125
1 0.3421875 0.36640625 0.071875 0.11875
1 0.18671875 0.75859375 0.15234375 0.240625
1 0.3890625 0.8265625 0.1375 0.25546875
1 0.35546875 0.29453125 0.05859375 0.08515625
1 0.4421875 0.4515625 0.075 0.1296875
1 0.409375 0.234375 0.04296875 0.06640625
1 0.47265625 0.28046875 0.04921875 0.0796875
3 0.3796875 0.15546875 0.0625 0.128125
1 0.44140625 0.18359375 0.03359375 0.06328125
1 0.47578125 0.20859375 0.03984375 0.06484375
3 0.9203125 0.55703125 0.159375 0.5109375