1 0.3078125 0.90078125 0.11953125 0.1984375
1 0.3203125 0.57890625 0.08828125 0.11640625
1 0.39296875 0.49921875 0.053125 0.09609375
1 0.54921875 0.846875 0.1125 0.2109375
1 0.584375 0.36640625 0.034375 0.05390625
2 0.4015625 0.40546875 0.04453125 0.1
1 0.48828125 0.49296875 0.05234375 0.08359375
1 0.47734375 0.3984375 0.03984375 0.0609375
1 0.4640625 0.34609375 0.02578125 0.04609375
1 0.40625 0.36015625 0.028125 0.03515625
1 0.41171875 0.33046875 0.025 0.03515625
1 0.46015625 0.31484375 0.02265625 0.03671875
2 0.7390625 0.39140625 0.03515625 0.0703125