1 0.64140625 0.33046875 0.07265625 0.13125
1 0.57421875 0.26875 0.05703125 0.1015625
2 0.615625 0.209375 0.05 0.10390625
1 0.81640625 0.5140625 0.125 0.19609375
1 0.78359375 0.04453125 0.03046875 0.04296875
1 0.55546875 0.18828125 0.05 0.078125
1 0.75078125 0.296875 0.08515625 0.1484375
1 0.60703125 0.1453125 0.04765625 0.0796875
2 0.6875 0.15625 0.04609375 0.1
1 0.79296875 0.07421875 0.034375 0.0515625
1 0.64921875 0.11484375 0.03671875 0.06484375
1 0.8625 0.09296875 0.04453125 0.059375
1 0.83046875 0.13671875 0.05390625 0.06328125
1 0.65390625 0.0859375 0.03359375 0.04296875
1 0.59453125 0.05625 0.02890625 0.04609375
1 0.95390625 0.24296875 0.07890625 0.1015625
3 0.45625 0.584375 0.22734375 0.66640625