1 0.43828125 0.79140625 0.09609375 0.21875
1 0.50078125 0.20625 0.02890625 0.0484375
2 0.28359375 0.82421875 0.11796875 0.2390625
1 0.46484375 0.2109375 0.03046875 0.05703125
2 0.4328125 0.20625 0.03046875 0.059375
1 0.41875 0.2390625 0.0375 0.0515625
1 0.034375 0.675 0.06640625 0.15
1 0.02578125 0.56796875 0.05 0.08671875
1 0.57421875 0.178125 0.02734375 0.04296875
1 0.61015625 0.2265625 0.03359375 0.05390625
1 0.65546875 0.18984375 0.03125 0.04453125
1 0.803125 0.33359375 0.07421875 0.08125
1 0.390625 0.21171875 0.028125 0.0484375
1 0.31484375 0.21953125 0.034375 0.0484375