1 0.45078125 0.0859375 0.03984375 0.0484375
1 0.2515625 0.4734375 0.09765625 0.171875
2 0.62265625 0.64921875 0.20546875 0.31875
1 0.4859375 0.11015625 0.04375 0.0484375
1 0.41796875 0.1296875 0.05078125 0.05390625
1 0.5734375 0.1546875 0.05625 0.06328125
1 0.4390625 0.17421875 0.05546875 0.05703125
1 0.4 0.29453125 0.07421875 0.0984375
2 0.29375 0.28359375 0.08359375 0.1609375
1 0.175 0.175 0.03984375 0.06328125
1 0.23515625 0.15390625 0.04140625 0.059375
1 0.8640625 0.2515625 0.11796875 0.109375