1 0.64140625 0.1453125 0.03671875 0.059375
2 0.67265625 0.18671875 0.04765625 0.0890625
1 0.74609375 0.33046875 0.06640625 0.1109375
1 0.18671875 0.9015625 0.20234375 0.19609375
1 0.17578125 0.56875 0.10859375 0.159375
1 0.22890625 0.6953125 0.13984375 0.20703125
1 0.39921875 0.34296875 0.06640625 0.10703125
1 0.3640625 0.27578125 0.06484375 0.08515625
1 0.44609375 0.225 0.04453125 0.0703125
1 0.49375 0.40859375 0.07578125 0.1390625
1 0.40625 0.18515625 0.04140625 0.06328125
1 0.475 0.146875 0.03359375 0.05
1 0.52109375 0.16640625 0.03203125 0.05703125
2 0.44140625 0.11875 0.034375 0.07578125
1 0.49296875 0.11171875 0.02578125 0.04296875