1 0.71953125 0.20859375 0.04453125 0.06640625
1 0.68203125 0.24921875 0.040625 0.0703125
2 0.33046875 0.41640625 0.071875 0.1484375
1 0.80703125 0.16875 0.03828125 0.04453125
1 0.8125 0.23828125 0.05 0.07421875
1 0.28359375 0.284375 0.05703125 0.0703125
1 0.771875 0.38046875 0.0625 0.09609375
2 0.33046875 0.2390625 0.03515625 0.078125
1 0.88203125 0.23671875 0.053125 0.06875
1 0.43671875 0.209375 0.03828125 0.0703125
1 0.50234375 0.221875 0.040625 0.06484375
2 0.328125 0.1953125 0.03515625 0.06875
3 0.91875 0.59453125 0.1625 0.5