1 0.41640625 0.43125 0.10234375 0.09453125
3 0.5453125 0.21875 0.13203125 0.121875
1 0.6546875 0.31171875 0.06484375 0.06484375
1 0.56015625 0.32109375 0.071875 0.07421875
1 0.73671875 0.265625 0.05703125 0.0609375
1 0.42890625 0.3015625 0.06796875 0.05703125
1 0.3140625 0.36796875 0.09453125 0.08359375
1 0.67890625 0.25390625 0.06328125 0.05390625
1 0.5796875 0.26171875 0.05859375 0.05390625
1 0.18984375 0.4296875 0.11875 0.09296875
3 0.8125 0.7953125 0.375 0.409375
1 0.78046875 0.7515625 0.18203125 0.178125
1 0.0546875 0.49296875 0.10703125 0.1109375
3 0.3734375 0.9078125 0.746875 0.184375
1 0.82890625 0.23046875 0.04140625 0.05546875
1 0.08671875 0.73046875 0.171875 0.1515625
1 0.8921875 0.19921875 0.059375 0.0484375
1 0.38359375 0.74921875 0.22890625 0.16640625
1 0.23359375 0.65546875 0.16953125 0.13359375