1 0.49921875 0.20625 0.015625 0.021875
1 0.52265625 0.2140625 0.015625 0.0203125
1 0.53125 0.23125 0.01796875 0.028125
2 0.54140625 0.29375 0.03046875 0.0609375
1 0.50078125 0.51953125 0.07421875 0.13125
1 0.4765625 0.35859375 0.03984375 0.0703125
1 0.42109375 0.271875 0.02734375 0.0484375
1 0.4609375 0.2390625 0.02109375 0.03359375
1 0.43046875 0.2296875 0.021875 0.03515625
1 0.6046875 0.40078125 0.05 0.0796875
1 0.45859375 0.209375 0.01796875 0.0296875
1 0.8765625 0.65546875 0.11953125 0.1515625