0 0.59609375 0.63984375 0.29609375 0.2609375
1 0.02734375 0.44296875 0.05234375 0.11875
1 0.84609375 0.1390625 0.06484375 0.0484375
1 0.15859375 0.365625 0.11953125 0.10546875
3 0.60703125 0.134375 0.28671875 0.1203125
1 0.07265625 0.55078125 0.14375 0.16875
2 0.19921875 0.38203125 0.13828125 0.14296875
1 0.7359375 0.12421875 0.06953125 0.0515625
1 0.66640625 0.1734375 0.08125 0.05390625
1 0.37109375 0.32890625 0.12109375 0.08359375
1 0.39453125 0.28359375 0.1125 0.071875
1 0.40234375 0.4015625 0.14375 0.11640625
1 0.553125 0.2265625 0.10703125 0.09296875
1 0.57421875 0.296875 0.1125 0.0796875
1 0.6734375 0.31875 0.11484375 0.09296875
1 0.47734375 0.15 0.07109375 0.05
1 0.34609375 0.18203125 0.08359375 0.05703125
1 0.31171875 0.234375 0.103125 0.05703125
1 0.74140625 0.21328125 0.10390625 0.05703125
1 0.73671875 0.25390625 0.10390625 0.06640625
1 0.84765625 0.2890625 0.10859375 0.08359375
1 0.26796875 0.16953125 0.075 0.0609375
1 0.153125 0.21640625 0.09609375 0.06484375
2 0.87578125 0.16640625 0.090625 0.071875
1 0.9609375 0.2203125 0.078125 0.0625
1 0.0984375 0.1953125 0.08984375 0.0703125