1 0.375 0.9453125 0.11015625 0.109375
1 0.43984375 0.7609375 0.08046875 0.140625
1 0.41484375 0.48984375 0.05234375 0.06328125
1 0.46484375 0.48515625 0.05390625 0.078125
1 0.359375 0.5453125 0.05234375 0.07421875
1 0.590625 0.97734375 0.090625 0.0453125
1 0.43125 0.6140625 0.06796875 0.09296875
1 0.58359375 0.71953125 0.075 0.128125
1 0.784375 0.97109375 0.11796875 0.05703125
3 0.53203125 0.490625 0.071875 0.15703125
1 0.7 0.71875 0.09296875 0.171875
1 0.62734375 0.5296875 0.04453125 0.078125
3 0.59296875 0.43984375 0.05859375 0.12421875
1 0.690625 0.4359375 0.03828125 0.0609375
1 0.65859375 0.425 0.02734375 0.04609375
1 0.690625 0.415625 0.03046875 0.04296875