1 0.18046875 0.2796875 0.12109375 0.11328125
1 0.45546875 0.17890625 0.084375 0.0796875
1 0.19921875 0.38046875 0.16796875 0.1390625
1 0.04921875 0.53046875 0.096875 0.13515625
1 0.959375 0.203125 0.08125 0.109375
1 0.2171875 0.328125 0.15703125 0.11484375
1 0.5828125 0.16875 0.09375 0.078125
2 0.61796875 0.11015625 0.08046875 0.0796875
2 0.70390625 0.18125 0.10625 0.10546875
1 0.96484375 0.45390625 0.06953125 0.15546875
2 0.71484375 0.103125 0.07421875 0.07578125
1 0.81015625 0.11953125 0.07890625 0.071875
1 0.2953125 0.85390625 0.29375 0.27421875