3 0.47265625 0.49609375 0.071875 0.25546875
1 0.58203125 0.59296875 0.05390625 0.1109375
2 0.5890625 0.43046875 0.03125 0.06640625
1 0.76328125 0.8203125 0.12734375 0.21484375
3 0.54296875 0.39140625 0.04609375 0.10390625
1 0.57890625 0.4046875 0.02109375 0.03515625
1 0.63984375 0.43671875 0.0375 0.05390625
1 0.565625 0.371875 0.01953125 0.03359375
1 0.596875 0.384375 0.02421875 0.0296875
3 0.5 0.3296875 0.02734375 0.059375
1 0.5453125 0.3296875 0.01328125 0.0203125
1 0.475 0.31875 0.0125 0.01328125
1 0.51484375 0.321875 0.01328125 0.02421875