0 0.59296875 0.64609375 0.29375 0.2515625
1 0.81875 0.153125 0.06640625 0.0484375
1 0.828125 0.1265625 0.05625 0.05
1 0.69375 0.15 0.05234375 0.0484375
1 0.73046875 0.14609375 0.05234375 0.05390625
3 0.61953125 0.196875 0.31796875 0.16640625
3 0.3078125 0.3046875 0.32265625 0.24296875
1 0.5734375 0.15625 0.07734375 0.05390625
1 0.57890625 0.17890625 0.07578125 0.06328125
1 0.20234375 0.45390625 0.14140625 0.1296875
1 0.53125 0.17890625 0.06484375 0.0609375
1 0.0359375 0.59296875 0.06953125 0.12421875
1 0.4046875 0.19453125 0.06953125 0.0484375
1 0.4015625 0.21484375 0.07578125 0.06328125
1 0.43203125 0.16953125 0.071875 0.05390625
1 0.28984375 0.4953125 0.17734375 0.13515625
1 0.2609375 0.18828125 0.071875 0.0390625
1 0.24921875 0.2140625 0.09453125 0.0609375
1 0.53671875 0.3765625 0.12890625 0.10546875
1 0.73828125 0.1296875 0.06875 0.0484375
1 0.57578125 0.30390625 0.08828125 0.08515625
1 0.253125 0.25625 0.06328125 0.071875
1 0.14140625 0.21328125 0.09453125 0.05546875
1 0.82421875 0.321875 0.11875 0.08125
1 0.10546875 0.19609375 0.07890625 0.06328125
3 0.928125 0.1453125 0.14375 0.11875