1 0.14609375 0.19609375 0.07421875 0.0609375
1 0.1953125 0.18359375 0.065625 0.05546875
2 0.21953125 0.21015625 0.06328125 0.08125
1 0.28125 0.2640625 0.07421875 0.078125
1 0.37734375 0.25703125 0.08125 0.078125
3 0.45703125 0.18125 0.17578125 0.15703125
1 0.35 0.32890625 0.08125 0.09453125
1 0.496875 0.346875 0.09375 0.09609375
1 0.9578125 0.36875 0.084375 0.109375
1 0.9375 0.43125 0.125 0.15703125
1 0.85546875 0.30390625 0.09140625 0.09609375
1 0.43984375 0.40859375 0.09765625 0.1109375
1 0.61484375 0.43828125 0.115625 0.11875
1 0.54453125 0.5265625 0.115625 0.1390625
1 0.74140625 0.590625 0.14375 0.1515625
1 0.7671875 0.234375 0.065625 0.078125
2 0.68359375 0.35078125 0.121875 0.1296875
1 0.71015625 0.26484375 0.07265625 0.08515625
1 0.84140625 0.8140625 0.17890625 0.21875
1 0.65 0.81875 0.17265625 0.23671875
1 0.71484375 0.18984375 0.05 0.0703125