0 0.6640625 0.26796875 0.07265625 0.10703125
1 0.471875 0.15625 0.03203125 0.040625
1 0.43046875 0.16328125 0.03359375 0.0390625
1 0.45078125 0.14375 0.03046875 0.03671875
1 0.49140625 0.1390625 0.03046875 0.0390625
1 0.47109375 0.1296875 0.02890625 0.03359375
2 0.40234375 0.15703125 0.034375 0.0484375
2 0.615625 0.1640625 0.03515625 0.0515625
1 0.56171875 0.146875 0.040625 0.0484375
2 0.58203125 0.15546875 0.04765625 0.0515625
1 0.1671875 0.2390625 0.06875 0.05390625
3 0.0828125 0.2265625 0.16328125 0.1703125
1 0.4921875 0.19609375 0.04921875 0.05546875
1 0.45234375 0.24375 0.06015625 0.06640625
1 0.28515625 0.18125 0.05 0.04296875
3 0.41953125 0.328125 0.234375 0.2890625
1 0.36484375 0.25390625 0.07109375 0.0609375
2 0.37265625 0.15625 0.040625 0.05
1 0.39140625 0.28515625 0.06796875 0.06640625
1 0.3765625 0.14296875 0.04296875 0.0390625
1 0.12890625 0.465625 0.125 0.1015625