1 0.62421875 0.10078125 0.03046875 0.05546875
1 0.68046875 0.0953125 0.034375 0.0484375
1 0.584375 0.12421875 0.03046875 0.05390625
1 0.65703125 0.12578125 0.02890625 0.04453125
1 0.6578125 0.165625 0.04375 0.06640625
1 0.73515625 0.1953125 0.05078125 0.0703125
1 0.61953125 0.22421875 0.05078125 0.078125
2 0.70859375 0.28203125 0.059375 0.10546875
1 0.85546875 0.334375 0.08515625 0.1203125
1 0.80546875 0.49296875 0.11875 0.1609375
1 0.76640625 0.79296875 0.165625 0.259375
1 0.30390625 0.309375 0.06015625 0.090625
1 0.31875 0.45078125 0.0875 0.13515625
1 0.434375 0.66640625 0.12578125 0.271875
1 0.48203125 0.31953125 0.06015625 0.10703125
1 0.45078125 0.15390625 0.04140625 0.05703125
1 0.51328125 0.15625 0.03984375 0.07578125