3 0.48984375 0.14453125 0.08046875 0.240625
1 0.6859375 0.67890625 0.140625 0.26484375
2 0.80078125 0.428125 0.12734375 0.23125
1 0.62109375 0.309375 0.06875 0.121875
1 0.6 0.2046875 0.05234375 0.09296875
1 0.578125 0.11171875 0.0375 0.0515625
1 0.71484375 0.06328125 0.03046875 0.040625
1 0.80703125 0.09453125 0.05 0.05390625
1 0.60546875 0.06640625 0.03125 0.04609375
1 0.54375 0.0515625 0.028125 0.03359375
1 0.76328125 0.17578125 0.06171875 0.08125
1 0.47734375 0.128125 0.06640625 0.0609375
1 0.91171875 0.2515625 0.08828125 0.1015625
3 0.41328125 0.71015625 0.32890625 0.5796875