1 0.72734375 0.05 0.02109375 0.0296875
1 0.7671875 0.79140625 0.159375 0.28515625
1 0.69921875 0.06796875 0.02421875 0.0390625
1 0.7578125 0.07109375 0.028125 0.03515625
1 0.72734375 0.08515625 0.03125 0.04453125
1 0.64765625 0.153125 0.03828125 0.06328125
1 0.56953125 0.09140625 0.02734375 0.04296875
1 0.56953125 0.15390625 0.03515625 0.059375
1 0.7640625 0.11875 0.03828125 0.0515625
1 0.79296875 0.15625 0.04296875 0.071875
1 0.83671875 0.1359375 0.04296875 0.0609375
1 0.92578125 0.11640625 0.04453125 0.0484375
1 0.86953125 0.20703125 0.06953125 0.1
1 0.9515625 0.4296875 0.096875 0.1515625