1 0.09375 0.54609375 0.13828125 0.18515625
1 0.22109375 0.37109375 0.1125 0.128125
1 0.95390625 0.171875 0.0375 0.0609375
1 0.0546875 0.43671875 0.10703125 0.11875
1 0.73046875 0.21875 0.04921875 0.06484375
1 0.47890625 0.309375 0.08125 0.09296875
1 0.41484375 0.28671875 0.08046875 0.09609375
1 0.37109375 0.23671875 0.06875 0.0703125
1 0.73828125 0.34453125 0.07109375 0.09609375
1 0.60625 0.3859375 0.08984375 0.10703125
1 0.803125 0.49453125 0.10078125 0.18671875
1 0.5890625 0.16796875 0.04296875 0.05