1 0.89921875 0.20859375 0.084375 0.0890625
1 0.15703125 0.4140625 0.08359375 0.08125
1 0.74296875 0.35390625 0.11640625 0.1296875
1 0.07734375 0.503125 0.10234375 0.09609375
1 0.27734375 0.440625 0.09609375 0.0796875
1 0.77890625 0.16796875 0.05625 0.06328125
1 0.34921875 0.35390625 0.0875 0.09296875
1 0.34453125 0.32109375 0.07734375 0.0609375
1 0.46015625 0.3109375 0.08671875 0.078125
1 0.215625 0.85 0.26875 0.25546875
1 0.62578125 0.125 0.05390625 0.05
1 0.13671875 0.6609375 0.05859375 0.05390625