1 0.06640625 0.8296875 0.13046875 0.2703125
3 0.5453125 0.20859375 0.134375 0.13359375
1 0.45546875 0.4765625 0.11015625 0.13515625
1 0.31171875 0.503125 0.12109375 0.1296875
1 0.56171875 0.38359375 0.084375 0.0890625
1 0.43046875 0.28671875 0.06640625 0.06328125
1 0.3515625 0.33046875 0.08828125 0.07578125
1 0.5234375 0.334375 0.08515625 0.07578125
1 0.63203125 0.2234375 0.04609375 0.05546875
1 0.23828125 0.38984375 0.11171875 0.0890625
1 0.103125 0.4484375 0.134375 0.1
1 0.62578125 0.26875 0.06328125 0.059375
2 0.58125 0.240625 0.06640625 0.071875
1 0.56328125 0.478125 0.10078125 0.128125
1 0.66953125 0.35546875 0.06953125 0.08671875
2 0.525 0.2734375 0.06015625 0.0703125
1 0.63359375 0.315625 0.06640625 0.071875
1 0.75 0.29609375 0.06171875 0.0703125
2 0.89453125 0.64140625 0.16875 0.171875
2 0.7 0.2484375 0.0875 0.1015625
1 0.73046875 0.74296875 0.24453125 0.190625
1 0.77421875 0.2359375 0.05390625 0.05703125
1 0.79609375 0.25546875 0.05546875 0.06328125
1 0.26640625 0.425 0.10859375 0.0890625
1 0.85703125 0.23125 0.05078125 0.05
1 0.815625 0.203125 0.05625 0.0484375