1 0.165625 0.9125 0.2875 0.175
1 0.59453125 0.90703125 0.3 0.18515625
1 0.9015625 0.91015625 0.196875 0.1796875
0 0.596875 0.65625 0.29375 0.26640625
1 0.346875 0.23671875 0.08828125 0.06875
1 0.50859375 0.27109375 0.10625 0.08125
0 0.72734375 0.275 0.14921875 0.11640625
1 0.53125 0.240625 0.09609375 0.06875
1 0.3953125 0.21796875 0.084375 0.06328125
1 0.5828125 0.184375 0.07734375 0.05703125
1 0.6890625 0.21015625 0.10234375 0.08125
2 0.83671875 0.24140625 0.1375 0.1484375
1 0.97109375 0.27421875 0.05703125 0.06640625
1 0.975 0.31796875 0.05 0.07421875
1 0.26328125 0.26171875 0.0875 0.06328125
1 0.490625 0.32421875 0.10546875 0.078125
1 0.95859375 0.38203125 0.08203125 0.09453125