0 0.59453125 0.62890625 0.29609375 0.259375
1 0.4453125 0.17578125 0.08828125 0.0609375
1 0.6828125 0.12890625 0.06328125 0.06328125
1 0.39765625 0.26640625 0.121875 0.090625
2 0.83515625 0.19609375 0.0875 0.0796875
1 0.49921875 0.21171875 0.09609375 0.071875
1 0.24140625 0.184375 0.0875 0.059375
1 0.78046875 0.2609375 0.11171875 0.08515625
3 0.77421875 0.12578125 0.20859375 0.1
1 0.825 0.17890625 0.07109375 0.06875
1 0.9453125 0.253125 0.109375 0.07578125
1 0.96953125 0.19375 0.06015625 0.06328125