1 0.18203125 0.58671875 0.16015625 0.1796875
1 0.23671875 0.39296875 0.11171875 0.11484375
1 0.80234375 0.21640625 0.04609375 0.0609375
1 0.3109375 0.3 0.08203125 0.078125
1 0.41015625 0.315625 0.078125 0.08671875
1 0.55859375 0.24921875 0.06015625 0.06328125
1 0.49765625 0.2453125 0.06640625 0.06875
1 0.628125 0.36484375 0.078125 0.09453125
1 0.83359375 0.38984375 0.06796875 0.11875
1 0.675 0.46171875 0.09453125 0.128125
2 0.38203125 0.70078125 0.19765625 0.259375
1 0.53984375 0.15 0.04296875 0.05