1 0.3859375 0.91171875 0.13125 0.17578125
1 0.19296875 0.9546875 0.11953125 0.090625
1 0.28828125 0.7015625 0.096875 0.15703125
1 0.05546875 0.91796875 0.1109375 0.1640625
1 0.18828125 0.65 0.096875 0.13515625
1 0.29765625 0.43671875 0.046875 0.08359375
3 0.3625 0.4296875 0.1125 0.221875
3 0.0390625 0.715625 0.07578125 0.30546875
3 0.2203125 0.38125 0.159375 0.24296875
3 0.4015625 0.31484375 0.071875 0.15
0 0.45390625 0.2484375 0.03984375 0.09609375
1 0.3421875 0.31171875 0.040625 0.05546875
1 0.44375 0.228125 0.02578125 0.040625