1 0.44296875 0.51171875 0.13046875 0.17578125
1 0.24453125 0.05703125 0.028125 0.03671875
1 0.31796875 0.2453125 0.06953125 0.08515625
1 0.26171875 0.08984375 0.04140625 0.040625
1 0.38359375 0.09296875 0.04140625 0.040625
2 0.17109375 0.175 0.05 0.08515625
1 0.196875 0.14609375 0.04140625 0.0515625
1 0.14296875 0.72578125 0.13359375 0.259375
1 0.103125 0.23828125 0.06328125 0.09609375
1 0.53203125 0.1234375 0.05390625 0.04609375
1 0.55703125 0.16015625 0.06796875 0.06875
1 0.47265625 0.1953125 0.078125 0.06484375
1 0.0546875 0.134375 0.03515625 0.0484375
1 0.10078125 0.11015625 0.03125 0.04453125
2 0.70859375 0.17421875 0.08671875 0.0796875
1 0.71796875 0.2203125 0.08046875 0.0984375
1 0.65625 0.2546875 0.08984375 0.07421875
1 0.05859375 0.0953125 0.02890625 0.04453125
1 0.11484375 0.071875 0.03125 0.040625