1 0.05625 0.94453125 0.11015625 0.08671875
1 0.7703125 0.196875 0.040625 0.05546875
1 0.65546875 0.2640625 0.05078125 0.071875
1 0.25859375 0.371875 0.075 0.11484375
1 0.40234375 0.30078125 0.05234375 0.08125
1 0.46953125 0.30859375 0.05546875 0.08359375
1 0.79921875 0.41484375 0.07734375 0.10703125
1 0.69921875 0.43125 0.075 0.121875
1 0.88203125 0.35 0.06953125 0.0890625
1 0.8828125 0.24609375 0.05546875 0.0703125
1 0.73046875 0.640625 0.10703125 0.178125
2 0.40234375 0.21953125 0.046875 0.07421875
2 0.31796875 0.19609375 0.03984375 0.071875
1 0.38203125 0.1984375 0.03671875 0.0515625
1 0.9109375 0.66796875 0.115625 0.1796875
1 0.503125 0.19140625 0.034375 0.0609375