1 0.63359375 0.384375 0.084375 0.15
1 0.94375 0.853125 0.1125 0.2515625
2 0.61328125 0.23984375 0.05 0.1203125
1 0.77890625 0.03046875 0.03203125 0.04296875
1 0.69609375 0.2265625 0.065625 0.09609375
1 0.72578125 0.03359375 0.02890625 0.04453125
1 0.61171875 0.14140625 0.04140625 0.06640625
1 0.8234375 0.06015625 0.04140625 0.05
1 0.778125 0.0734375 0.03671875 0.04453125
1 0.78984375 0.096875 0.04296875 0.05703125
1 0.78828125 0.14921875 0.04765625 0.071875
1 0.515625 0.23515625 0.0625 0.09296875
1 0.8796875 0.17421875 0.06328125 0.08125
1 0.646875 0.07578125 0.03203125 0.05546875
1 0.59453125 0.05078125 0.02578125 0.04609375
1 0.9609375 0.23046875 0.078125 0.1046875
1 0.93359375 0.35390625 0.09921875 0.13671875
1 0.9765625 0.17890625 0.046875 0.0796875
3 0.54375 0.06015625 0.04609375 0.11640625