1 0.165625 0.9125 0.2875 0.175
1 0.59453125 0.90625 0.30078125 0.18671875
1 0.8984375 0.91015625 0.203125 0.1796875
0 0.596875 0.65625 0.29375 0.26640625
1 0.29609375 0.22890625 0.08125 0.05546875
1 0.43984375 0.25546875 0.09765625 0.08125
0 0.66171875 0.259375 0.13984375 0.109375
1 0.46875 0.22578125 0.08671875 0.06875
1 0.33203125 0.20390625 0.08359375 0.059375
1 0.5828125 0.184375 0.07734375 0.05703125
1 0.6890625 0.21015625 0.10234375 0.08125
2 0.83671875 0.24140625 0.1375 0.1484375
1 0.97109375 0.27421875 0.05703125 0.06640625
1 0.975 0.31796875 0.05 0.07421875
1 0.20859375 0.2515625 0.09453125 0.06484375
1 0.35703125 0.284375 0.09375 0.08359375
1 0.803125 0.34296875 0.13359375 0.10390625