0 0.66796875 0.27890625 0.075 0.10546875
1 0.42421875 0.2703125 0.0375 0.06640625
1 0.42109375 0.20859375 0.03359375 0.0484375
1 0.44765625 0.153125 0.03125 0.03515625
1 0.4703125 0.17109375 0.03359375 0.04453125
1 0.46953125 0.13671875 0.03359375 0.03359375
2 0.396875 0.165625 0.03515625 0.0515625
2 0.36484375 0.2 0.03515625 0.059375
1 0.41796875 0.15703125 0.034375 0.03515625
1 0.20546875 0.271875 0.06640625 0.05390625
1 0.1734375 0.23125 0.06171875 0.0484375
2 0.38984375 0.14921875 0.03046875 0.04296875
1 0.103125 0.30546875 0.07421875 0.0609375
1 0.503125 0.14375 0.03046875 0.03515625