1 0.471875 0.21171875 0.053125 0.08125
1 0.65859375 0.35625 0.078125 0.14296875
1 0.59140625 0.13359375 0.0375 0.06328125
1 0.45546875 0.5484375 0.125 0.2296875
2 0.55390625 0.1953125 0.04609375 0.10703125
1 0.73359375 0.125 0.04609375 0.06484375
1 0.65234375 0.13515625 0.04296875 0.0703125
1 0.84609375 0.16953125 0.05703125 0.07421875
1 0.809375 0.26953125 0.071875 0.10546875
1 0.57109375 0.10078125 0.03984375 0.06640625
1 0.63203125 0.08828125 0.03671875 0.05703125
1 0.953125 0.3703125 0.09375 0.14296875
3 0.490625 0.1140625 0.128125 0.15703125