1 0.1734375 0.396875 0.11015625 0.109375
1 0.06171875 0.34375 0.07109375 0.09453125
1 0.975 0.5953125 0.05 0.159375
2 0.78671875 0.49140625 0.203125 0.23359375
1 0.54921875 0.4296875 0.16171875 0.14453125
2 0.39453125 0.36796875 0.11796875 0.15
1 0.27109375 0.34375 0.10625 0.1015625
3 0.15 0.28359375 0.18046875 0.16875
1 0.065625 0.284375 0.0625 0.0703125
1 0.87421875 0.340625 0.16484375 0.15703125
1 0.6546875 0.2546875 0.12109375 0.10390625
1 0.41875 0.2640625 0.10390625 0.08359375
1 0.27109375 0.275 0.08671875 0.08671875
1 0.25 0.1984375 0.06875 0.0703125
1 0.10546875 0.18359375 0.040625 0.040625
1 0.9765625 0.20390625 0.046875 0.0953125
1 0.8671875 0.20390625 0.125 0.09296875
1 0.71796875 0.18359375 0.10703125 0.08359375
1 0.5734375 0.16953125 0.09140625 0.071875
3 0.3875 0.13046875 0.17421875 0.12421875
1 0.90703125 0.165625 0.128125 0.08515625
1 0.75390625 0.159375 0.109375 0.07578125
1 0.62734375 0.14453125 0.08984375 0.06640625
1 0.496875 0.13671875 0.07421875 0.06640625
1 0.23515625 0.1265625 0.04296875 0.0484375
1 0.20546875 0.146875 0.04765625 0.04453125