0 0.6671875 0.2765625 0.07421875 0.10546875
1 0.45859375 0.17578125 0.03359375 0.040625
1 0.43359375 0.16875 0.03359375 0.03671875
1 0.45234375 0.1484375 0.03125 0.03671875
1 0.49140625 0.14609375 0.03359375 0.040625
1 0.4703125 0.13515625 0.03203125 0.03359375
2 0.39765625 0.1640625 0.03515625 0.05
2 0.375 0.18046875 0.03125 0.05390625
1 0.42109375 0.153125 0.034375 0.03515625
1 0.55234375 0.1609375 0.04609375 0.040625
1 0.14765625 0.24921875 0.065625 0.05546875
1 0.178125 0.2515625 0.05546875 0.05546875
1 0.03984375 0.38828125 0.078125 0.0796875
1 0.40703125 0.13515625 0.03671875 0.03359375
2 0.44296875 0.12421875 0.03046875 0.03671875