1 0.19765625 0.23125 0.06796875 0.06640625
1 0.21015625 0.1984375 0.075 0.05546875
1 0.29140625 0.28046875 0.07265625 0.078125
1 0.33125 0.2453125 0.071875 0.06875
2 0.1484375 0.16328125 0.0875 0.06875
1 0.4234375 0.29609375 0.08046875 0.08359375
1 0.3640625 0.34609375 0.0875 0.09453125
3 0.86328125 0.38984375 0.27265625 0.3609375
1 0.42265625 0.228125 0.07109375 0.05546875
1 0.54921875 0.4046875 0.09609375 0.10390625
1 0.51484375 0.48203125 0.121875 0.1203125
2 0.70390625 0.25390625 0.071875 0.10546875
3 0.62109375 0.159375 0.08828125 0.14296875