1 0.628125 0.184375 0.028125 0.05
1 0.64296875 0.2296875 0.03359375 0.05390625
1 0.334375 0.765625 0.12734375 0.221875
1 0.75546875 0.21328125 0.03671875 0.04296875
1 0.72265625 0.259375 0.04453125 0.0609375
1 0.80234375 0.19609375 0.0375 0.05
1 0.33515625 0.3890625 0.06484375 0.09453125
1 0.80078125 0.26171875 0.046875 0.0609375
1 0.67890625 0.36484375 0.05234375 0.08515625
2 0.78828125 0.38359375 0.05859375 0.1109375
1 0.85703125 0.2515625 0.04609375 0.05703125
2 0.31484375 0.234375 0.046875 0.078125
1 0.85 0.3484375 0.06484375 0.0890625
1 0.45 0.2234375 0.03359375 0.0484375
1 0.96328125 0.3515625 0.07265625 0.0796875
1 0.79140625 0.8296875 0.128125 0.21328125