1 0.25390625 0.0390625 0.03125 0.03359375
1 0.19609375 0.0546875 0.03359375 0.03515625
1 0.30078125 0.03359375 0.028125 0.0296875
1 0.321875 0.065625 0.0375 0.0390625
2 0.53203125 0.3953125 0.13984375 0.1890625
1 0.35546875 0.40078125 0.09765625 0.1296875
2 0.12109375 0.3390625 0.08984375 0.18515625
1 0.278125 0.20390625 0.06640625 0.0890625
1 0.40390625 0.0703125 0.03984375 0.040625
1 0.2984375 0.1109375 0.04296875 0.03671875
1 0.14765625 0.1765625 0.05078125 0.078125
1 0.15859375 0.85703125 0.14765625 0.28515625
1 0.54375 0.14296875 0.0625 0.059375
1 0.49453125 0.16171875 0.06328125 0.06640625
1 0.47578125 0.1984375 0.06640625 0.0609375
1 0.07734375 0.0984375 0.03671875 0.05