1 0.67265625 0.31875 0.08515625 0.11640625
1 0.08671875 0.7140625 0.171875 0.2109375
1 0.81796875 0.23828125 0.06328125 0.1
1 0.12734375 0.3765625 0.14296875 0.1109375
1 0.90859375 0.2640625 0.09609375 0.09609375
1 0.3875 0.29921875 0.12109375 0.109375
1 0.10859375 0.45078125 0.178125 0.178125
1 0.9625 0.303125 0.075 0.10546875
1 0.75546875 0.40078125 0.13671875 0.13359375
1 0.36640625 0.4 0.15546875 0.13671875
1 0.4453125 0.31484375 0.11796875 0.109375
1 0.69296875 0.584375 0.20390625 0.1984375
1 0.51953125 0.221875 0.08984375 0.090625
1 0.61875 0.26484375 0.10546875 0.0984375
1 0.28828125 0.73203125 0.27265625 0.240625
1 0.65859375 0.8359375 0.2625 0.271875
1 0.65546875 0.18203125 0.06796875 0.07578125
1 0.1484375 0.94296875 0.296875 0.1140625