1 0.15 0.175 0.06171875 0.071875
1 0.253125 0.225 0.07734375 0.07578125
0 0.70234375 0.4015625 0.2375 0.28359375
1 0.428125 0.34609375 0.09921875 0.128125
3 0.43984375 0.19921875 0.209375 0.18125
1 0.84765625 0.346875 0.11875 0.11484375
1 0.86484375 0.296875 0.11015625 0.10546875
2 0.51875 0.4453125 0.121875 0.17421875
1 0.77578125 0.23125 0.07421875 0.08359375
1 0.73125 0.25859375 0.07578125 0.0796875
1 0.85234375 0.70390625 0.19609375 0.18359375
2 0.75546875 0.35 0.08203125 0.1
1 0.66171875 0.8 0.16015625 0.2203125
1 0.70859375 0.18515625 0.06328125 0.06875
1 0.59296875 0.20703125 0.06484375 0.09609375