1 0.6953125 0.0640625 0.021875 0.040625
1 0.74453125 0.059375 0.02265625 0.028125
1 0.7109375 0.07421875 0.02734375 0.0390625
1 0.6953125 0.26171875 0.059375 0.09609375
1 0.56484375 0.134375 0.03359375 0.0515625
1 0.5796875 0.29296875 0.05625 0.0984375
1 0.74140625 0.08828125 0.028125 0.03671875
1 0.76171875 0.1109375 0.034375 0.05703125
1 0.7875 0.09140625 0.028125 0.04609375
1 0.87265625 0.08125 0.01796875 0.040625
1 0.80859375 0.1390625 0.04296875 0.07421875
1 0.83203125 0.24296875 0.06875 0.1015625
1 0.85390625 0.1953125 0.053125 0.0796875
1 0.5671875 0.0953125 0.02734375 0.03359375
1 0.56484375 0.05546875 0.01875 0.03359375
1 0.60390625 0.046875 0.01875 0.03359375
1 0.95625 0.45703125 0.0875 0.15390625
1 0.9859375 0.340625 0.028125 0.06875