0 0.3734375 0.18671875 0.14609375 0.159375
2 0.20390625 0.19609375 0.07734375 0.0890625
1 0.39296875 0.29453125 0.08203125 0.08125
1 0.284375 0.2703125 0.06953125 0.08671875
1 0.9640625 0.36640625 0.071875 0.09296875
3 0.61328125 0.25859375 0.275 0.259375
1 0.80703125 0.32890625 0.09921875 0.109375
1 0.5625 0.38984375 0.1125 0.109375
2 0.40859375 0.35859375 0.08125 0.128125
1 0.88515625 0.3140625 0.09765625 0.1015625
1 0.80390625 0.253125 0.08515625 0.0890625
1 0.71953125 0.23984375 0.06796875 0.08359375
1 0.54140625 0.51953125 0.12109375 0.14453125
1 0.87734375 0.71875 0.1875 0.2015625
1 0.7234375 0.19453125 0.0625 0.071875
1 0.64609375 0.18515625 0.05625 0.06875
3 0.96875 0.51796875 0.0625 0.259375