1 0.61484375 0.384375 0.13828125 0.13125
1 0.08671875 0.728125 0.17109375 0.24296875
1 0.20390625 0.30703125 0.11953125 0.09296875
1 0.94453125 0.3203125 0.11015625 0.121875
1 0.95234375 0.22421875 0.09453125 0.0890625
1 0.82265625 0.2359375 0.05625 0.0890625
1 0.3828125 0.24453125 0.09453125 0.0796875
1 0.434375 0.2109375 0.06640625 0.0703125
1 0.328125 0.31640625 0.13046875 0.1
1 0.17421875 0.415625 0.16796875 0.14453125
1 0.44140625 0.3546875 0.14140625 0.12421875
1 0.75078125 0.4859375 0.16015625 0.15
1 0.80859375 0.64375 0.21484375 0.240625
1 0.49453125 0.58046875 0.22109375 0.1984375
1 0.36796875 0.86484375 0.29609375 0.2703125
1 0.61953125 0.1890625 0.08515625 0.078125
1 0.72109375 0.17421875 0.084375 0.08359375