1 0.1890625 0.30390625 0.09453125 0.06875
3 0.16796875 0.39921875 0.225 0.30703125
1 0.31796875 0.72890625 0.15234375 0.23671875
1 0.32109375 0.30390625 0.05703125 0.090625
1 0.33359375 0.45703125 0.08984375 0.140625
1 0.63515625 0.2609375 0.04765625 0.0703125
1 0.4421875 0.35546875 0.0625 0.10703125
1 0.40078125 0.253125 0.04375 0.07421875
1 0.38125 0.31875 0.0625 0.09609375
1 0.47890625 0.2390625 0.04765625 0.07421875
1 0.41484375 0.196875 0.03984375 0.059375
1 0.40625 0.15390625 0.03046875 0.05546875