1 0.64765625 0.15078125 0.03359375 0.0609375
1 0.59296875 0.1734375 0.04140625 0.07578125
1 0.72421875 0.17421875 0.046875 0.06328125
1 0.60625 0.240625 0.04765625 0.08359375
1 0.69921875 0.240625 0.05390625 0.08359375
1 0.74453125 0.35859375 0.08046875 0.13515625
1 0.8671875 0.36640625 0.09296875 0.1296875
1 0.72109375 0.5890625 0.12265625 0.19453125
1 0.32578125 0.234375 0.04375 0.07578125
1 0.05859375 0.83984375 0.11484375 0.26484375
2 0.31015625 0.4859375 0.096875 0.2109375
1 0.4890625 0.37890625 0.06875 0.13125
1 0.43828125 0.1953125 0.04296875 0.0703125
1 0.50546875 0.19296875 0.04296875 0.0796875
1 0.5109375 0.1453125 0.03359375 0.0609375
1 0.47890625 0.0890625 0.02890625 0.040625