1 0.46015625 0.328125 0.07890625 0.06328125
1 0.52265625 0.28828125 0.06640625 0.05546875
1 0.5765625 0.25859375 0.05546875 0.0515625
1 0.61640625 0.240625 0.04921875 0.0515625
1 0.37890625 0.3734375 0.090625 0.07421875
1 0.24765625 0.39296875 0.10234375 0.07421875
1 0.36171875 0.34296875 0.08359375 0.078125
1 0.44765625 0.30078125 0.06875 0.06484375
2 0.50546875 0.26171875 0.06171875 0.05703125
1 0.56640625 0.23125 0.04765625 0.0515625
1 0.51796875 0.23359375 0.05234375 0.04296875
1 0.09140625 0.46171875 0.1375 0.10703125
1 0.28125 0.43046875 0.10859375 0.0796875
1 0.12890625 0.50625 0.14140625 0.09296875
1 0.459375 0.26328125 0.05859375 0.0484375
1 0.39609375 0.29140625 0.06171875 0.05390625
1 0.71953125 0.27109375 0.06484375 0.0609375
1 0.79609375 0.22109375 0.05 0.04296875