1 0.62421875 0.21171875 0.03046875 0.04453125
1 0.62109375 0.29140625 0.04609375 0.06640625
3 0.71796875 0.2453125 0.10546875 0.13515625
1 0.22734375 0.42109375 0.07734375 0.11640625
1 0.35390625 0.3515625 0.04921875 0.08359375
1 0.3078125 0.3 0.05234375 0.078125
3 0.29375 0.22890625 0.096875 0.15
1 0.7859375 0.3734375 0.06171875 0.0796875
1 0.67421875 0.46484375 0.06015625 0.11640625
1 0.4390625 0.87265625 0.103125 0.2546875
1 0.49921875 0.2046875 0.03046875 0.05
1 0.834375 0.5734375 0.096875 0.12578125
2 0.92109375 0.4234375 0.10390625 0.13125
1 0.40234375 0.225 0.03125 0.05390625
1 0.41328125 0.18046875 0.02578125 0.04453125