1 0.34609375 0.115625 0.05859375 0.09609375
3 0.9046875 0.215625 0.190625 0.428125
1 0.2859375 0.40625 0.14453125 0.21640625
1 0.20234375 0.91640625 0.21484375 0.16640625
1 0.41484375 0.13671875 0.06875 0.10703125
2 0.6640625 0.00625 0.04140625 0.009375
1 0.38203125 0.03359375 0.05546875 0.06328125
2 0.46953125 0.028125 0.04453125 0.0515625
1 0.3484375 0.01328125 0.071875 0.021875
1 0.51640625 0.0859375 0.05390625 0.09453125
1 0.75703125 0.321875 0.11484375 0.15703125
1 0.4515625 0.01171875 0.04140625 0.0203125
1 0.52578125 0.01015625 0.04140625 0.01640625