1 0.69140625 0.18671875 0.03203125 0.05
1 0.15234375 0.421875 0.08125 0.1015625
1 0.6390625 0.190625 0.03359375 0.05
1 0.29453125 0.53203125 0.08984375 0.171875
1 0.74765625 0.19609375 0.03515625 0.05
1 0.734375 0.27421875 0.04453125 0.06640625
1 0.79375 0.1703125 0.034375 0.05
1 0.66796875 0.28359375 0.04765625 0.071875
1 0.78359375 0.35 0.06328125 0.08359375
1 0.49765625 0.31796875 0.05 0.0796875
2 0.84375 0.3 0.05234375 0.090625
1 0.71953125 0.5109375 0.084375 0.121875
1 0.89296875 0.27578125 0.05 0.06875
1 0.459375 0.221875 0.03671875 0.05703125
1 0.4 0.221875 0.03515625 0.05
1 0.4234375 0.19375 0.03125 0.0484375
1 0.3828125 0.178125 0.03046875 0.04296875
1 0.83671875 0.89453125 0.14765625 0.2109375