1 0.60234375 0.14296875 0.05234375 0.03671875
2 0.58046875 0.1234375 0.059375 0.05390625
1 0.48125 0.16640625 0.06875 0.0484375
2 0.40234375 0.171875 0.065625 0.05546875
1 0.34921875 0.20625 0.071875 0.04609375
1 0.29296875 0.196875 0.06796875 0.05546875
1 0.26171875 0.2234375 0.075 0.0515625
1 0.2078125 0.22421875 0.0625 0.04453125
1 0.1109375 0.25859375 0.08046875 0.05546875
0 0.66640625 0.25859375 0.07265625 0.11484375
1 0.8265625 0.61640625 0.178125 0.20390625
1 0.721875 0.45390625 0.06015625 0.1515625
1 0.73125 0.340625 0.06796875 0.09453125
1 0.78046875 0.2546875 0.05546875 0.07421875
1 0.80078125 0.20078125 0.05390625 0.059375
1 0.828125 0.17578125 0.040625 0.059375
1 0.9265625 0.84453125 0.146875 0.1890625
3 0.1375 0.27421875 0.23828125 0.17421875
1 0.39609375 0.77578125 0.2375 0.17421875
1 0.47265625 0.209375 0.071875 0.05390625
1 0.04609375 0.928125 0.0921875 0.14375