1 0.4734375 0.52421875 0.17265625 0.17578125
1 0.1625 0.3703125 0.09375 0.1015625
3 0.04453125 0.29296875 0.08671875 0.1515625
3 0.6859375 0.27109375 0.371875 0.24609375
1 0.3375 0.24609375 0.07890625 0.07421875
3 0.36484375 0.178125 0.203125 0.13515625
1 0.23046875 0.2234375 0.06640625 0.06328125
3 0.16953125 0.159375 0.15625 0.0890625
2 0.78671875 0.4890625 0.2 0.228125
1 0.55078125 0.42890625 0.1625 0.14609375
2 0.396875 0.36015625 0.11796875 0.140625
1 0.27265625 0.33984375 0.10546875 0.1015625
3 0.15078125 0.27578125 0.184375 0.171875