1 0.9734375 0.415625 0.053125 0.11875
1 0.80390625 0.35546875 0.13125 0.12421875
1 0.62734375 0.30546875 0.08828125 0.08125
1 0.46015625 0.2390625 0.065625 0.0703125
1 0.71484375 0.86953125 0.259375 0.2609375
1 0.2625 0.45625 0.08828125 0.11875
2 0.36328125 0.2015625 0.05234375 0.05390625
1 0.57578125 0.31953125 0.075 0.0796875
2 0.80234375 0.76328125 0.27109375 0.33359375
1 0.57109375 0.59375 0.153125 0.17578125
3 0.37578125 0.32109375 0.18203125 0.20703125
1 0.91953125 0.56484375 0.16015625 0.20546875
1 0.53203125 0.47890625 0.15390625 0.11328125
1 0.3140625 0.3984375 0.07890625 0.10390625
2 0.80703125 0.58359375 0.16953125 0.20390625
1 0.95078125 0.7390625 0.09765625 0.1703125
1 0.72265625 0.465625 0.146875 0.1296875
1 0.57265625 0.38671875 0.115625 0.109375
1 0.2390625 0.27890625 0.04375 0.06875
1 0.22890625 0.33125 0.05703125 0.0703125
1 0.45859375 0.325 0.08515625 0.10546875