1 0.90859375 0.284375 0.06328125 0.0484375
1 0.55859375 0.9203125 0.10703125 0.159375
1 0.39609375 0.93125 0.12109375 0.13671875
1 0.21171875 0.92421875 0.13203125 0.1515625
1 0.05546875 0.9375 0.1109375 0.125
1 0.55234375 0.73515625 0.08515625 0.1609375
1 0.41796875 0.73984375 0.08359375 0.16328125
1 0.27890625 0.76796875 0.10546875 0.1796875
1 0.13203125 0.79296875 0.115625 0.171875
1 0.05390625 0.728125 0.10546875 0.15546875
1 0.44765625 0.58046875 0.07421875 0.14296875
1 0.32890625 0.6359375 0.078125 0.121875
1 0.1953125 0.6484375 0.09609375 0.16640625
1 0.35625 0.55390625 0.06953125 0.10390625
1 0.2609375 0.55859375 0.07265625 0.11328125
1 0.37109375 0.490625 0.05546875 0.0890625
1 0.3 0.478125 0.06015625 0.08671875
1 0.39765625 0.4390625 0.04921875 0.07421875
1 0.32265625 0.43203125 0.04921875 0.07421875
1 0.39453125 0.39296875 0.03984375 0.06640625
1 0.33515625 0.390625 0.04140625 0.06640625
1 0.35859375 0.365625 0.03828125 0.06328125
1 0.37265625 0.33203125 0.03046875 0.05390625
3 0.4171875 0.3203125 0.06796875 0.12578125
3 0.1421875 0.51484375 0.21953125 0.30546875
3 0.2484375 0.3859375 0.09140625 0.159375
3 0.29296875 0.3203125 0.07890625 0.1296875
3 0.3484375 0.265625 0.08359375 0.1203125
3 0.42734375 0.26953125 0.046875 0.09296875
1 0.95078125 0.309375 0.040625 0.05390625
3 0.04375 0.5546875 0.08515625 0.2515625
1 0.9140625 0.36171875 0.05234375 0.05390625
0 0.28359375 0.23828125 0.06015625 0.06875