1 0.9140625 0.69609375 0.171875 0.2078125
1 0.73671875 0.54296875 0.11328125 0.18671875
1 0.70703125 0.39453125 0.07421875 0.11640625
0 0.6609375 0.2515625 0.07421875 0.109375
1 0.7671875 0.278125 0.05859375 0.09453125
3 0.67109375 0.1046875 0.06953125 0.08515625
1 0.11484375 0.2203125 0.046875 0.04609375
1 0.57109375 0.125 0.03359375 0.03125
3 0.0625 0.24296875 0.12265625 0.13515625
1 0.59765625 0.13046875 0.040625 0.040625
1 0.47109375 0.140625 0.03515625 0.040625
1 0.171875 0.23046875 0.05703125 0.05703125
1 0.50703125 0.16484375 0.053125 0.0515625
1 0.19140625 0.2390625 0.06171875 0.05546875
1 0.28359375 0.175 0.04921875 0.04453125
3 0.22734375 0.51796875 0.453125 0.54609375
1 0.31875 0.325 0.09375 0.078125
1 0.31640625 0.26640625 0.07890625 0.059375
1 0.44453125 0.13671875 0.034375 0.0390625
1 0.37578125 0.13984375 0.03984375 0.03671875
1 0.34609375 0.1359375 0.03828125 0.03515625
1 0.0609375 0.49921875 0.11953125 0.128125
1 0.4328125 0.125 0.03984375 0.040625