1 0.68203125 0.1765625 0.02890625 0.040625
1 0.740625 0.178125 0.03203125 0.03125
1 0.64375 0.2296875 0.034375 0.05703125
2 0.71328125 0.234375 0.03125 0.071875
1 0.78203125 0.175 0.03125 0.05
2 0.07890625 0.47109375 0.11953125 0.171875
1 0.75546875 0.21640625 0.03203125 0.0609375
1 0.371875 0.3609375 0.05625 0.08671875
1 0.83046875 0.2234375 0.03671875 0.0484375
1 0.67421875 0.36796875 0.05703125 0.090625
2 0.790625 0.40625 0.065625 0.1109375
1 0.38828125 0.2359375 0.034375 0.05703125
1 0.75546875 0.62421875 0.096875 0.15703125
1 0.91796875 0.38515625 0.07265625 0.10703125
2 0.5171875 0.19296875 0.025 0.0609375
1 0.47421875 0.184375 0.02890625 0.03359375