1 0.68359375 0.19140625 0.03203125 0.05
1 0.65078125 0.23515625 0.03515625 0.059375
1 0.2953125 0.5546875 0.1 0.15546875
1 0.12578125 0.59140625 0.11171875 0.15
1 0.2375 0.44140625 0.07890625 0.11328125
1 0.2390625 0.321875 0.05625 0.07578125
1 0.67890625 0.3296875 0.05 0.08125
1 0.7921875 0.26015625 0.04921875 0.06640625
1 0.78671875 0.38359375 0.06171875 0.09453125
1 0.68046875 0.4359375 0.06015625 0.0984375
1 0.36328125 0.26171875 0.04375 0.071875
1 0.90703125 0.28359375 0.05859375 0.08359375
1 0.90390625 0.4140625 0.08046875 0.0984375
1 0.7390625 0.6703125 0.10078125 0.159375
1 0.91484375 0.63828125 0.11796875 0.15390625
1 0.47109375 0.20078125 0.02890625 0.04609375
1 0.37109375 0.18515625 0.028125 0.04296875
1 0.43359375 0.1765625 0.03046875 0.04609375