1 0.36953125 0.4546875 0.11015625 0.1
3 0.54453125 0.20859375 0.134375 0.12578125
1 0.53359375 0.40703125 0.08984375 0.1
1 0.47734375 0.37421875 0.084375 0.090625
1 0.65 0.31484375 0.07109375 0.06875
1 0.42734375 0.28828125 0.07109375 0.0609375
1 0.35078125 0.33828125 0.08359375 0.07421875
1 0.553125 0.315625 0.07890625 0.078125
1 0.63359375 0.2234375 0.046875 0.0484375
1 0.240625 0.39453125 0.11484375 0.08515625
1 0.09765625 0.45703125 0.13515625 0.09453125
1 0.53125 0.51796875 0.109375 0.13671875
1 0.63671875 0.26171875 0.06015625 0.05546875
1 0.87421875 0.6515625 0.19296875 0.1515625
1 0.80546875 0.86953125 0.253125 0.178125
2 0.4328125 0.32890625 0.09296875 0.090625
1 0.75546875 0.278125 0.05859375 0.06875
1 0.38515625 0.73046875 0.209375 0.1296875
3 0.22578125 0.91171875 0.45 0.17578125
1 0.83046875 0.2109375 0.05390625 0.04453125
2 0.025 0.559375 0.04765625 0.1203125
2 0.36015625 0.85390625 0.28359375 0.228125