1 0.1921875 0.5109375 0.08515625 0.12578125
2 0.0375 0.53046875 0.07265625 0.15703125
1 0.23671875 0.61015625 0.1125 0.18359375
1 0.62734375 0.20078125 0.028125 0.0484375
1 0.4640625 0.3765625 0.05703125 0.09453125
2 0.38046875 0.33046875 0.06640625 0.1515625
2 0.37421875 0.23984375 0.03671875 0.06875
2 0.42578125 0.275 0.03828125 0.078125
1 0.50546875 0.246875 0.03671875 0.06328125
1 0.44375 0.2296875 0.03203125 0.0515625
1 0.41953125 0.1890625 0.03359375 0.05
1 0.37109375 0.18125 0.03125 0.0515625
2 0.78203125 0.8390625 0.1625 0.3
1 0.5234375 0.1796875 0.028125 0.04609375
1 0.47734375 0.1765625 0.025 0.04296875