0 0.59296875 0.64609375 0.29375 0.2515625
1 0.7484375 0.16640625 0.08203125 0.05390625
1 0.78359375 0.1453125 0.06171875 0.05390625
3 0.4421875 0.23125 0.35625 0.178125
3 0.15546875 0.35625 0.309375 0.259375
1 0.6765625 0.14140625 0.08046875 0.04609375
1 0.66640625 0.1734375 0.08671875 0.06640625
1 0.04140625 0.5234375 0.08046875 0.13515625
1 0.60546875 0.16171875 0.071875 0.05546875
1 0.5078125 0.1765625 0.06796875 0.05
1 0.515625 0.1984375 0.06640625 0.06640625
1 0.5140625 0.1640625 0.06171875 0.05390625
1 0.08984375 0.5890625 0.17734375 0.1609375
1 0.30625 0.18828125 0.075 0.05546875
1 0.33203125 0.21171875 0.08984375 0.078125
1 0.32421875 0.44921875 0.14921875 0.11484375
1 0.78203125 0.12421875 0.059375 0.040625
1 0.36328125 0.36015625 0.09921875 0.09609375
1 0.340625 0.2296875 0.06328125 0.07421875
1 0.16953125 0.2140625 0.0875 0.06640625
1 0.628125 0.3734375 0.13671875 0.0984375
1 0.15859375 0.19140625 0.09140625 0.05546875
3 0.82890625 0.16484375 0.25234375 0.13515625