1 0.61796875 0.1796875 0.02734375 0.04296875
1 0.6828125 0.19296875 0.03359375 0.05390625
1 0.63203125 0.22109375 0.03515625 0.0609375
1 0.14140625 0.4390625 0.084375 0.109375
1 0.4078125 0.5359375 0.08203125 0.1390625
2 0.2390625 0.4296875 0.08203125 0.14453125
1 0.75078125 0.21484375 0.034375 0.05
1 0.79765625 0.18671875 0.03359375 0.04609375
1 0.73359375 0.27421875 0.04296875 0.06484375
1 0.67421875 0.2984375 0.04296875 0.071875
1 0.82421875 0.29375 0.05234375 0.078125
1 0.66015625 0.3984375 0.059375 0.09609375
1 0.771875 0.359375 0.05703125 0.08359375
1 0.43046875 0.275 0.03984375 0.06484375
1 0.75078125 0.7359375 0.11640625 0.20546875
1 0.9609375 0.8484375 0.078125 0.20625