1 0.921875 0.40078125 0.15625 0.1484375
1 0.709375 0.325 0.11171875 0.1109375
1 0.53359375 0.2734375 0.07421875 0.07421875
1 0.40078125 0.21875 0.05625 0.059375
1 0.81796875 0.93203125 0.22734375 0.13515625
1 0.375 0.56796875 0.12578125 0.18359375
1 0.1546875 0.32109375 0.05 0.06875
2 0.79296875 0.75390625 0.27109375 0.321875
1 0.56171875 0.59140625 0.15546875 0.17578125
3 0.36953125 0.3140625 0.18125 0.209375
1 0.91640625 0.571875 0.16640625 0.2203125
1 0.40234375 0.4484375 0.121875 0.11328125
1 0.26484375 0.35390625 0.05859375 0.08671875
2 0.67109375 0.5109375 0.1375 0.18125
1 0.90234375 0.70546875 0.19453125 0.221875
1 0.7125 0.465625 0.14453125 0.1296875
1 0.50859375 0.3546875 0.09375 0.09453125
1 0.22578125 0.2609375 0.04609375 0.06875