1 0.2015625 0.41328125 0.10625 0.11484375
1 0.7234375 0.49609375 0.21328125 0.18125
3 0.35078125 0.33671875 0.29140625 0.25390625
1 0.17578125 0.315625 0.08125 0.08125
1 0.053125 0.28046875 0.07265625 0.07421875
1 0.01484375 0.25078125 0.02734375 0.0703125
2 0.83125 0.40546875 0.221875 0.20390625
1 0.6015625 0.35859375 0.140625 0.13125
1 0.44921875 0.30625 0.12734375 0.11484375
1 0.32578125 0.27890625 0.10234375 0.0890625
1 0.240625 0.26484375 0.07421875 0.07578125
1 0.1671875 0.24296875 0.05859375 0.0609375
1 0.1203125 0.240625 0.05703125 0.0609375
1 0.940625 0.2921875 0.11875 0.115625
1 0.9171875 0.359375 0.165625 0.13671875
1 0.06953125 0.22578125 0.04609375 0.05703125
1 0.675 0.30078125 0.13828125 0.12421875
1 0.97109375 0.19921875 0.05703125 0.071875
1 0.77578125 0.18671875 0.121875 0.09296875
3 0.515625 0.12421875 0.22421875 0.14453125
1 0.83046875 0.153125 0.1125 0.08359375
1 0.35078125 0.15 0.06796875 0.05390625
1 0.59609375 0.13515625 0.10625 0.07421875
1 0.26484375 0.14453125 0.05703125 0.0484375
1 0.39375 0.134375 0.06015625 0.0515625
1 0.20390625 0.1453125 0.04609375 0.04453125
1 0.3265625 0.12421875 0.05703125 0.059375
1 0.1609375 0.13671875 0.034375 0.04609375
1 0.25703125 0.1203125 0.04921875 0.0515625