1 0.16015625 0.24453125 0.07265625 0.059375
1 0.13046875 0.22421875 0.07734375 0.0515625
1 0.24921875 0.234375 0.07109375 0.05546875
1 0.25703125 0.2765625 0.06796875 0.0703125
1 0.221875 0.2140625 0.06953125 0.0484375
1 0.3859375 0.2890625 0.071875 0.07421875
1 0.33046875 0.33671875 0.075 0.0796875
2 0.88203125 0.41171875 0.128125 0.15390625
3 0.74140625 0.278125 0.16171875 0.2015625
1 0.53515625 0.44921875 0.09453125 0.10390625
1 0.87265625 0.334375 0.09375 0.090625
1 0.5765625 0.60703125 0.14453125 0.159375
1 0.64453125 0.22109375 0.04765625 0.06640625