1 0.12421875 0.4484375 0.134375 0.090625
1 0.12890625 0.515625 0.146875 0.09453125
1 0.303125 0.37109375 0.09609375 0.078125
1 0.3234375 0.415625 0.103125 0.07421875
1 0.44453125 0.303125 0.06484375 0.059375
1 0.44765625 0.340625 0.08203125 0.06328125
1 0.453125 0.27421875 0.059375 0.05
1 0.50859375 0.27890625 0.05859375 0.05546875
1 0.56015625 0.28046875 0.059375 0.059375
1 0.509375 0.2390625 0.059375 0.04296875
1 0.56875 0.2359375 0.053125 0.0515625
1 0.625 0.23515625 0.05078125 0.05
1 0.68671875 0.2109375 0.04453125 0.04453125
1 0.8625 0.23125 0.05 0.05546875