1 0.08984375 0.46015625 0.13984375 0.0984375
1 0.1296875 0.50625 0.13984375 0.08359375
1 0.24765625 0.3953125 0.10625 0.0703125
1 0.28359375 0.43046875 0.1125 0.07421875
1 0.36875 0.34296875 0.078125 0.071875
1 0.38125 0.37109375 0.090625 0.06328125
1 0.39921875 0.29375 0.06328125 0.0484375
1 0.44765625 0.3046875 0.06640625 0.05703125
1 0.4609375 0.3265625 0.071875 0.05703125
1 0.459375 0.26171875 0.05703125 0.04453125
1 0.50859375 0.26171875 0.059375 0.05390625
1 0.5203125 0.29296875 0.06796875 0.0515625
1 0.52890625 0.2296875 0.053125 0.04453125
1 0.56875 0.23515625 0.053125 0.05703125
1 0.60234375 0.24609375 0.05390625 0.0484375
1 0.64765625 0.22421875 0.04453125 0.04609375
1 0.6203125 0.3640625 0.071875 0.08515625