1 0.52109375 0.33984375 0.07265625 0.090625
3 0.12578125 0.85 0.24921875 0.3
1 0.734375 0.39921875 0.07734375 0.11484375
2 0.82578125 0.37890625 0.0625 0.11484375
1 0.62890625 0.3640625 0.05859375 0.08515625
1 0.18203125 0.49140625 0.08828125 0.14609375
1 0.203125 0.38828125 0.065625 0.1015625
1 0.80859375 0.5734375 0.10390625 0.14609375
1 0.37734375 0.38515625 0.065625 0.1109375
1 0.29453125 0.60625 0.121875 0.1890625
1 0.34375 0.3109375 0.05625 0.09609375
3 0.24609375 0.26171875 0.11875 0.1796875