2 0.65078125 0.14140625 0.0375 0.06640625
1 0.69453125 0.2140625 0.04453125 0.078125
1 0.71484375 0.471875 0.10078125 0.171875
1 0.06796875 0.871875 0.134375 0.25546875
1 0.33984375 0.5015625 0.09921875 0.159375
1 0.29296875 0.3984375 0.08984375 0.121875
1 0.41640625 0.3 0.059375 0.09609375
1 0.371875 0.246875 0.05078125 0.07578125
1 0.45625 0.18984375 0.040625 0.0609375
1 0.50859375 0.2609375 0.04921875 0.08359375
2 0.41484375 0.15625 0.046875 0.0984375
1 0.48046875 0.13984375 0.03046875 0.05390625
1 0.53046875 0.11171875 0.02578125 0.04296875
1 0.49453125 0.096875 0.02421875 0.040625