1 0.97421875 0.4640625 0.05078125 0.06875
1 0.21796875 0.22890625 0.053125 0.04296875
1 0.32265625 0.23828125 0.03671875 0.04453125
1 0.28515625 0.25546875 0.040625 0.059375
1 0.72578125 0.396875 0.096875 0.0890625
1 0.81796875 0.384375 0.10703125 0.1
1 0.35078125 0.26484375 0.0375 0.05
1 0.69140625 0.33203125 0.07578125 0.0703125
1 0.36953125 0.30703125 0.03984375 0.0703125
1 0.303125 0.29296875 0.03515625 0.0609375
1 0.59296875 0.31953125 0.06796875 0.0703125
1 0.57734375 0.28046875 0.06796875 0.05703125
1 0.6109375 0.2734375 0.05390625 0.05546875
1 0.31796875 0.346875 0.03828125 0.0703125
1 0.50703125 0.28359375 0.05234375 0.06328125
1 0.4 0.44140625 0.05703125 0.090625
2 0.28203125 0.51953125 0.07578125 0.16875
1 0.50234375 0.24296875 0.0375 0.0484375
1 0.55390625 0.2390625 0.04453125 0.05
1 0.4140625 0.63515625 0.075 0.159375
3 0.83984375 0.69921875 0.31953125 0.5109375
1 0.4703125 0.21640625 0.03125 0.0484375