0 0.66484375 0.259375 0.078125 0.11640625
1 0.86875 0.62421875 0.16484375 0.22578125
1 0.71484375 0.5453125 0.08359375 0.1609375
1 0.6984375 0.41875 0.06953125 0.11875
1 0.71796875 0.3265625 0.06328125 0.1
1 0.75390625 0.27890625 0.05078125 0.08359375
1 0.79453125 0.234375 0.046875 0.06875
1 0.8203125 0.2 0.04609375 0.05703125
1 0.8546875 0.90546875 0.290625 0.1890625
1 0.33984375 0.26484375 0.08203125 0.06640625
1 0.43359375 0.83046875 0.26328125 0.20703125
1 0.86953125 0.175 0.06796875 0.05390625
1 0.60703125 0.18984375 0.06953125 0.05546875
3 0.35625 0.14921875 0.15625 0.13125
1 0.12265625 0.759375 0.21875 0.16328125
1 0.7890625 0.1546875 0.07109375 0.04453125
2 0.02109375 0.28125 0.040625 0.0609375