1 0.16640625 0.4890625 0.096875 0.14609375
2 0.30703125 0.4515625 0.07265625 0.15546875
1 0.65390625 0.228125 0.034375 0.06875
1 0.38828125 0.57578125 0.10234375 0.2015625
1 0.21171875 0.32109375 0.06328125 0.07578125
1 0.8140625 0.24453125 0.04921875 0.071875
2 0.684375 0.42578125 0.07421875 0.1484375
1 0.32421875 0.22578125 0.040625 0.06484375
1 0.92265625 0.3703125 0.08046875 0.1015625
1 0.39296875 0.1953125 0.034375 0.05546875
1 0.95 0.28984375 0.0625 0.07421875
1 0.503125 0.18984375 0.03984375 0.06484375
1 0.78203125 0.7859375 0.14375 0.22578125
1 0.46015625 0.1640625 0.02734375 0.0515625
1 0.95703125 0.759375 0.08515625 0.20390625