1 0.31171875 0.053125 0.028125 0.03671875
1 0.22734375 0.06875 0.03671875 0.04296875
1 0.32109375 0.65 0.12890625 0.1984375
1 0.59296875 0.515625 0.16640625 0.18671875
1 0.3078125 0.37421875 0.09765625 0.121875
1 0.33125 0.26640625 0.07734375 0.090625
1 0.10546875 0.25703125 0.06015625 0.0890625
1 0.42578125 0.13671875 0.05 0.06328125
1 0.1578125 0.1234375 0.03515625 0.05546875
1 0.03671875 0.39921875 0.071875 0.15390625
1 0.11171875 0.07890625 0.034375 0.040625
1 0.82578125 0.26875 0.11953125 0.0890625
1 0.8625 0.3984375 0.153125 0.13359375