2 0.1453125 0.7359375 0.13359375 0.28515625
2 0.0859375 0.54296875 0.134375 0.2109375
1 0.33359375 0.815625 0.13125 0.24296875
2 0.66015625 0.23203125 0.03671875 0.078125
1 0.42734375 0.43046875 0.06328125 0.12578125
1 0.76171875 0.29296875 0.05078125 0.07421875
1 0.83359375 0.1890625 0.03828125 0.05
1 0.3921875 0.29140625 0.05703125 0.090625
1 0.68984375 0.39140625 0.06953125 0.1109375
1 0.49453125 0.22578125 0.04375 0.07421875
2 0.90703125 0.36171875 0.065625 0.12578125
1 0.92265625 0.63046875 0.11328125 0.16484375
1 0.37890625 0.203125 0.0375 0.05546875