1 0.11484375 0.80859375 0.16640625 0.271875
1 0.6375 0.178125 0.03359375 0.0515625
1 0.3703125 0.6359375 0.11328125 0.240625
2 0.76171875 0.17890625 0.02890625 0.0609375
1 0.71953125 0.22578125 0.040625 0.05546875
2 0.70078125 0.34140625 0.071875 0.13515625
1 0.34921875 0.25859375 0.04765625 0.06484375
1 0.4734375 0.26953125 0.04453125 0.071875
1 0.31484375 0.2109375 0.03828125 0.0515625
2 0.5109375 0.19609375 0.03203125 0.06640625
1 0.44921875 0.19375 0.03515625 0.05546875
1 0.81875 0.92265625 0.153125 0.1546875
1 0.26484375 0.35859375 0.06640625 0.09296875