1 0.54375 0.47578125 0.10859375 0.15
1 0.615625 0.38203125 0.08125 0.10546875
1 0.71640625 0.30859375 0.06953125 0.0890625
1 0.76796875 0.26875 0.05 0.0609375
1 0.8078125 0.240625 0.046875 0.0515625
1 0.45 0.45859375 0.10546875 0.13125
1 0.53671875 0.38828125 0.08203125 0.0984375
1 0.62578125 0.30390625 0.06875 0.08125
1 0.684375 0.275 0.05625 0.06640625
1 0.74140625 0.24609375 0.05390625 0.05
1 0.2375 0.57890625 0.13671875 0.16640625
3 0.44453125 0.34921875 0.21875 0.23125
1 0.62578125 0.26875 0.05703125 0.06328125
1 0.46171875 0.33046875 0.08515625 0.06484375
1 0.52578125 0.28984375 0.06796875 0.059375
1 0.578125 0.2484375 0.05546875 0.05703125
1 0.61640625 0.225 0.04765625 0.0484375
1 0.3828125 0.36484375 0.096875 0.0703125
1 0.24609375 0.37890625 0.10546875 0.078125
1 0.3671875 0.328125 0.09140625 0.06875
1 0.45 0.29609375 0.08515625 0.07578125
2 0.50703125 0.25 0.059375 0.059375
1 0.56484375 0.21484375 0.04609375 0.0484375
1 0.51796875 0.2140625 0.04921875 0.040625
1 0.68984375 0.23828125 0.0625 0.05390625
1 0.08671875 0.44375 0.13984375 0.10390625
1 0.9453125 0.79375 0.109375 0.175
2 0.8109375 0.646875 0.21875 0.1703125
1 0.28046875 0.41484375 0.109375 0.08515625
1 0.75078125 0.21328125 0.059375 0.0484375
1 0.49453125 0.6765625 0.196875 0.14453125
1 0.8171875 0.20078125 0.06640625 0.040625
1 0.1125 0.49609375 0.14140625 0.10390625
1 0.37890625 0.28515625 0.08203125 0.05703125
1 0.83671875 0.21640625 0.06015625 0.040625