1 0.57109375 0.28125 0.08046875 0.11328125
2 0.69609375 0.75859375 0.17265625 0.4296875
1 0.62265625 0.46640625 0.09140625 0.178125
1 0.85234375 0.59453125 0.16875 0.30703125
3 0.503125 0.084375 0.05625 0.16484375
1 0.58203125 0.14921875 0.04140625 0.0703125
1 0.70546875 0.27109375 0.078125 0.1109375
1 0.63984375 0.1390625 0.04375 0.06328125
2 0.62890625 0.09296875 0.04140625 0.078125
1 0.56640625 0.06953125 0.02734375 0.04453125
1 0.78828125 0.13984375 0.05390625 0.06640625
1 0.5828125 0.04140625 0.02578125 0.03515625
3 0.44765625 0.465625 0.175 0.51328125