3 0.07265625 0.36640625 0.14296875 0.1515625
1 0.14296875 0.43828125 0.075 0.09296875
3 0.38203125 0.5546875 0.42265625 0.409375
3 0.91796875 0.82578125 0.16328125 0.3484375
3 0.296875 0.32109375 0.159375 0.13515625
1 0.44765625 0.4015625 0.09765625 0.090625
1 0.59375 0.4546875 0.12578125 0.10546875
1 0.77265625 0.51484375 0.153125 0.1390625
3 0.9109375 0.44609375 0.178125 0.2140625
1 0.67265625 0.421875 0.12265625 0.10390625
1 0.50703125 0.3734375 0.09375 0.07421875
3 0.38515625 0.31328125 0.16015625 0.140625
1 0.26328125 0.646875 0.12734375 0.15390625
1 0.52265625 0.29609375 0.07265625 0.06640625
1 0.9515625 0.5796875 0.096875 0.115625