0 0.66953125 0.284375 0.075 0.10546875
1 0.50390625 0.61953125 0.13515625 0.18515625
2 0.684375 0.8234375 0.24765625 0.2984375
1 0.29921875 0.4796875 0.065625 0.13125
1 0.2828125 0.15859375 0.034375 0.03359375
1 0.28203125 0.334375 0.04921875 0.08359375
1 0.32109375 0.16953125 0.025 0.03671875
1 0.38828125 0.2390625 0.03359375 0.0484375
1 0.36015625 0.3265625 0.04375 0.08359375
1 0.4953125 0.44296875 0.09609375 0.13125
1 0.8109375 0.6796875 0.22421875 0.221875
1 0.34765625 0.23046875 0.03515625 0.0484375
1 0.28359375 0.19296875 0.03671875 0.03359375
1 0.28203125 0.21796875 0.04296875 0.040625
1 0.43828125 0.2140625 0.03046875 0.04609375
1 0.46875 0.31484375 0.04921875 0.08671875
1 0.41640625 0.28046875 0.034375 0.06328125
1 0.4046875 0.19375 0.03125 0.05
3 0.36015625 0.1640625 0.06328125 0.1015625
3 0.146875 0.35078125 0.19765625 0.25703125
3 0.18046875 0.24609375 0.125 0.140625
1 0.4765625 0.23046875 0.03515625 0.06484375
1 0.4515625 0.1734375 0.03046875 0.04296875
1 0.51484375 0.16015625 0.02578125 0.03671875
1 0.5390625 0.13828125 0.02890625 0.03359375
1 0.49921875 0.13671875 0.03125 0.03125
3 0.409375 0.11875 0.05703125 0.0703125
3 0.02734375 0.34296875 0.053125 0.140625
1 0.02265625 0.571875 0.04375 0.1