1 0.38046875 0.740625 0.159375 0.240625
1 0.76953125 0.14453125 0.03203125 0.04609375
1 0.5234375 0.41015625 0.08203125 0.12578125
1 0.68125 0.89609375 0.14140625 0.20703125
1 0.52421875 0.31015625 0.06328125 0.078125
1 0.6625 0.39375 0.07109375 0.1390625
1 0.5875 0.23359375 0.04609375 0.06640625
1 0.6078125 0.17578125 0.03359375 0.05703125
1 0.87265625 0.33046875 0.07265625 0.0890625
1 0.64921875 0.15 0.02734375 0.0484375
1 0.590625 0.15390625 0.03046875 0.04609375
3 0.4953125 0.190625 0.12890625 0.15703125