1 0.62734375 0.34375 0.078125 0.13515625
1 0.89765625 0.6609375 0.15546875 0.25
2 0.61171875 0.2203125 0.046875 0.11484375
1 0.78671875 0.03984375 0.03203125 0.04453125
1 0.684375 0.20078125 0.06015625 0.0890625
1 0.7359375 0.04453125 0.02890625 0.040625
1 0.61171875 0.12890625 0.0375 0.06328125
1 0.83515625 0.06953125 0.04296875 0.05
1 0.7921875 0.0859375 0.03984375 0.05
1 0.80390625 0.11484375 0.04609375 0.0609375
1 0.80546875 0.1796875 0.05546875 0.0796875
1 0.50859375 0.22421875 0.06484375 0.08359375
1 0.90078125 0.2 0.07109375 0.08671875
1 0.64375 0.06484375 0.02890625 0.0484375
1 0.59375 0.04453125 0.02578125 0.04296875
1 0.9734375 0.26015625 0.053125 0.1109375
3 0.5453125 0.0546875 0.04609375 0.10546875