1 0.1203125 0.6359375 0.15 0.2109375
1 0.953125 0.21015625 0.0375 0.0609375
1 0.815625 0.17890625 0.03828125 0.059375
1 0.15234375 0.49140625 0.15 0.14296875
1 0.88671875 0.19140625 0.03671875 0.05546875
1 0.71953125 0.2359375 0.05078125 0.06875
1 0.5578125 0.240625 0.05390625 0.0796875
1 0.96796875 0.51875 0.06328125 0.14453125
1 0.82109375 0.465625 0.07734375 0.1390625
1 0.50859375 0.19296875 0.05390625 0.059375
1 0.59140625 0.64921875 0.14609375 0.21640625
1 0.5140625 0.16640625 0.04453125 0.04296875