1 0.2140625 0.04375 0.028125 0.03671875
1 0.27421875 0.05078125 0.028125 0.03671875
1 0.3328125 0.0546875 0.03125 0.03515625
1 0.59921875 0.728125 0.18671875 0.240625
1 0.69453125 0.571875 0.16875 0.19296875
1 0.2875 0.03671875 0.025 0.03125
1 0.33359375 0.25390625 0.078125 0.10390625
1 0.2734375 0.096875 0.03984375 0.03671875
1 0.32265625 0.0859375 0.03671875 0.05
1 0.375 0.08359375 0.03359375 0.04296875
2 0.22265625 0.23984375 0.059375 0.1015625
1 0.10546875 0.24375 0.04921875 0.07578125
1 0.15390625 0.375 0.06953125 0.1203125
1 0.13359375 0.68125 0.12734375 0.22421875
2 0.38984375 0.11015625 0.05390625 0.06875
1 0.36328125 0.1484375 0.046875 0.04609375
1 0.52578125 0.11640625 0.05 0.05546875
1 0.17109375 0.11640625 0.03515625 0.0484375
2 0.55546875 0.1953125 0.08046875 0.08125
1 0.62734375 0.18203125 0.071875 0.0703125
1 0.734375 0.27578125 0.09453125 0.090625
1 0.671875 0.30703125 0.08984375 0.08359375
1 0.02578125 0.13984375 0.04921875 0.05546875
1 0.01484375 0.0890625 0.02734375 0.03671875
1 0.0953125 0.06640625 0.02578125 0.03671875