2 0.63671875 0.18671875 0.025 0.06328125
2 0.19296875 0.4984375 0.08671875 0.16484375
1 0.0953125 0.80859375 0.15390625 0.23515625
1 0.30390625 0.50078125 0.084375 0.12421875
1 0.44296875 0.4390625 0.07421875 0.13359375
2 0.19296875 0.33828125 0.07109375 0.12421875
1 0.6546875 0.31171875 0.05 0.071875
1 0.49609375 0.29375 0.040625 0.06640625
1 0.40703125 0.29296875 0.04921875 0.0609375
1 0.85390625 0.3484375 0.059375 0.08515625
1 0.85234375 0.5546875 0.09765625 0.13671875
0 0.93828125 0.290625 0.075 0.11484375
1 0.471875 0.175 0.03125 0.0484375
1 0.78515625 0.83984375 0.13046875 0.1984375