1 0.3265625 0.68203125 0.13046875 0.24296875
1 0.71171875 0.23125 0.03828125 0.05546875
1 0.25390625 0.31796875 0.05625 0.07578125
1 0.64921875 0.2453125 0.0375 0.059375
1 0.40234375 0.3390625 0.053125 0.0984375
1 0.7890625 0.1796875 0.03203125 0.0484375
1 0.78046875 0.24140625 0.04140625 0.05703125
1 0.7765625 0.36484375 0.06171875 0.0890625
1 0.8390625 0.21875 0.04453125 0.059375
1 0.69765625 0.4 0.06796875 0.09609375
1 0.85078125 0.4953125 0.08671875 0.11484375
1 0.52109375 0.23125 0.0375 0.0609375
2 0.9359375 0.41796875 0.075 0.1203125
1 0.8015625 0.83828125 0.1375 0.2109375