1 0.5265625 0.87265625 0.23125 0.2546875
1 0.24453125 0.628125 0.12734375 0.15546875
1 0.10234375 0.50625 0.08046875 0.10546875
3 0.07109375 0.3546875 0.13984375 0.140625
1 0.14140625 0.43828125 0.078125 0.08515625
3 0.36640625 0.546875 0.4125 0.4109375
3 0.8046875 0.7875 0.390625 0.425
1 0.86015625 0.6453125 0.19375 0.17421875
3 0.29296875 0.325 0.16328125 0.14296875
1 0.44296875 0.40546875 0.09453125 0.09296875
1 0.58828125 0.46015625 0.12265625 0.11484375
1 0.77265625 0.528125 0.153125 0.1390625
3 0.909375 0.45703125 0.18125 0.2109375
1 0.66953125 0.43125 0.121875 0.10390625
1 0.50390625 0.38046875 0.090625 0.09296875
3 0.38203125 0.31328125 0.16796875 0.1484375
1 0.0265625 0.421875 0.05078125 0.09296875
1 0.9515625 0.6015625 0.096875 0.11875