2 0.06328125 0.65 0.1 0.1984375
1 0.32109375 0.88203125 0.14765625 0.23515625
1 0.16640625 0.74375 0.128125 0.2
1 0.26875 0.38046875 0.06796875 0.10390625
1 0.15703125 0.3984375 0.075 0.121875
2 0.6375 0.22421875 0.03828125 0.078125
1 0.46484375 0.4015625 0.06171875 0.1015625
1 0.36484375 0.425 0.06171875 0.10390625
1 0.32890625 0.2859375 0.04375 0.06875
1 0.71484375 0.253125 0.0375 0.0609375
1 0.78046875 0.24453125 0.046875 0.06640625
1 0.4984375 0.259375 0.04296875 0.08515625
2 0.73671875 0.35546875 0.05546875 0.1109375
1 0.45 0.221875 0.034375 0.05390625
1 0.8703125 0.61875 0.115625 0.15
1 0.5140625 0.1984375 0.03046875 0.0515625