1 0.60390625 0.3484375 0.06328125 0.109375
1 0.15859375 0.53671875 0.12421875 0.190625
1 0.70625 0.05546875 0.02109375 0.0296875
1 0.734375 0.08203125 0.02890625 0.04609375
1 0.7765625 0.0734375 0.01953125 0.01640625
1 0.59140625 0.159375 0.03515625 0.06328125
1 0.70546875 0.096875 0.03125 0.05
1 0.77734375 0.1 0.03203125 0.03125
1 0.77890625 0.14453125 0.04296875 0.059375
1 0.61953125 0.0734375 0.01953125 0.03671875
1 0.57421875 0.0484375 0.01953125 0.03125
1 0.56640625 0.06875 0.01953125 0.0390625
1 0.90703125 0.2703125 0.07578125 0.09296875
1 0.93984375 0.3765625 0.10234375 0.14296875