1 0.67265625 0.31875 0.08515625 0.11640625
1 0.08671875 0.72578125 0.17109375 0.23515625
1 0.8203125 0.24296875 0.065625 0.1109375
1 0.22109375 0.34609375 0.13671875 0.1203125
1 0.87890625 0.28125 0.09375 0.10546875
1 0.2046875 0.43828125 0.15 0.14609375
1 0.94140625 0.321875 0.11640625 0.121875
1 0.48203125 0.28515625 0.10859375 0.10390625
1 0.57578125 0.50859375 0.1875 0.15703125
1 0.92109375 0.4953125 0.15703125 0.1609375
1 0.53671875 0.69296875 0.25 0.23671875
1 0.67734375 0.19296875 0.0875 0.07578125
3 0.66953125 0.11796875 0.196875 0.14296875