1 0.36640625 0.46015625 0.1125 0.1203125
3 0.54453125 0.21015625 0.134375 0.13515625
1 0.48203125 0.4546875 0.103125 0.12421875
1 0.47421875 0.375 0.0875 0.0890625
1 0.58359375 0.37109375 0.08046875 0.090625
1 0.43046875 0.29140625 0.06796875 0.06328125
1 0.3515625 0.3359375 0.08828125 0.07578125
1 0.5515625 0.3140625 0.08046875 0.07421875
1 0.63125 0.22421875 0.04453125 0.05546875
1 0.2375 0.39375 0.11015625 0.0890625
1 0.10390625 0.4515625 0.13359375 0.1
1 0.51171875 0.53984375 0.11875 0.13671875
1 0.62578125 0.2640625 0.0625 0.06328125
2 0.58046875 0.24296875 0.06484375 0.0703125
1 0.6125 0.42109375 0.09609375 0.11875
1 0.67734375 0.3453125 0.06640625 0.08671875
2 0.52265625 0.278125 0.06015625 0.071875
1 0.64921875 0.3046875 0.06484375 0.06875
1 0.7484375 0.2953125 0.05703125 0.071875
1 0.978125 0.646875 0.04375 0.121875
1 0.9171875 0.7828125 0.165625 0.103125
3 0.609375 0.91015625 0.78125 0.1796875
2 0.83125 0.6453125 0.16484375 0.171875
2 0.70703125 0.24375 0.08828125 0.1
1 0.63359375 0.765625 0.21484375 0.1390625
1 0.46796875 0.7046875 0.22265625 0.15390625
1 0.82734375 0.2140625 0.05859375 0.0515625