1 0.55234375 0.2484375 0.06640625 0.0984375
2 0.65859375 0.54609375 0.121875 0.290625
1 0.60859375 0.36796875 0.07421875 0.13671875
1 0.7390625 0.3515625 0.10078125 0.1703125
3 0.50390625 0.0765625 0.053125 0.15
1 0.57734375 0.12421875 0.03671875 0.0609375
1 0.67109375 0.19921875 0.06015625 0.08125
1 0.68046875 0.065625 0.03515625 0.0484375
1 0.625 0.1109375 0.03828125 0.0515625
2 0.61796875 0.06875 0.03671875 0.059375
1 0.5625 0.05546875 0.025 0.03671875
1 0.85625 0.21796875 0.07109375 0.09296875
3 0.44921875 0.46640625 0.17265625 0.50703125