1 0.5296875 0.875 0.23125 0.25
1 0.2265625 0.6265625 0.11640625 0.14609375
3 0.07109375 0.3546875 0.13984375 0.140625
1 0.14140625 0.440625 0.075 0.08515625
3 0.36640625 0.546875 0.4125 0.4109375
3 0.803125 0.78984375 0.39375 0.4203125
3 0.29375 0.3296875 0.16328125 0.1609375
1 0.44296875 0.40546875 0.09453125 0.09296875
1 0.58828125 0.46015625 0.12265625 0.11484375
1 0.77265625 0.528125 0.153125 0.1390625
3 0.909375 0.45703125 0.18125 0.2109375
1 0.66953125 0.43125 0.121875 0.10390625
1 0.50390625 0.38046875 0.090625 0.09296875
3 0.38203125 0.31328125 0.16796875 0.1484375
1 0.08671875 0.48359375 0.07578125 0.109375
3 0.02421875 0.4015625 0.046875 0.15390625
1 0.95078125 0.59921875 0.09765625 0.109375