1 0.67265625 0.31875 0.08515625 0.11640625
1 0.08671875 0.72578125 0.17109375 0.23515625
1 0.8203125 0.24296875 0.065625 0.1109375
1 0.12734375 0.41640625 0.171875 0.1390625
1 0.95625 0.24609375 0.0875 0.0890625
1 0.96875 0.3109375 0.0625 0.109375
1 0.35546875 0.29375 0.11484375 0.10390625
1 0.228125 0.49609375 0.1875 0.15546875
1 0.73671875 0.390625 0.13515625 0.1296875
1 0.96875 0.43046875 0.0625 0.1296875
1 0.45546875 0.30390625 0.10234375 0.10703125
1 0.78828125 0.46953125 0.16171875 0.18359375
1 0.64921875 0.20703125 0.0875 0.0796875
1 0.23828125 0.778125 0.296875 0.2609375
1 0.621875 0.84609375 0.26328125 0.2703125
1 0.11796875 0.9671875 0.2359375 0.065625