1 0.675 0.19140625 0.028125 0.03671875
1 0.73359375 0.1953125 0.03046875 0.04296875
1 0.634375 0.23671875 0.034375 0.06328125
1 0.33984375 0.76953125 0.13203125 0.25
1 0.2203125 0.74296875 0.12265625 0.21640625
1 0.09609375 0.603125 0.11796875 0.15
1 0.31484375 0.53203125 0.08984375 0.12578125
1 0.30703125 0.36171875 0.05625 0.0796875
1 0.31015625 0.284375 0.04609375 0.06484375
1 0.77109375 0.18515625 0.02890625 0.040625
1 0.484375 0.38046875 0.05078125 0.0890625
2 0.43046875 0.28828125 0.0375 0.08671875
1 0.83359375 0.24296875 0.04140625 0.05703125
1 0.80859375 0.290625 0.046875 0.06875
1 0.68046875 0.39609375 0.05234375 0.08359375
1 0.5046875 0.28359375 0.03515625 0.06328125
1 0.81015625 0.44609375 0.07578125 0.1015625
1 0.88984375 0.2984375 0.05234375 0.06640625
1 0.50703125 0.21328125 0.034375 0.059375
1 0.9578125 0.86953125 0.084375 0.209375
1 0.41015625 0.18125 0.02734375 0.04296875