1 0.88046875 0.20703125 0.03515625 0.05546875
1 0.82265625 0.1890625 0.03515625 0.05
1 0.82109375 0.240625 0.0375 0.06328125
1 0.95546875 0.27421875 0.04609375 0.0703125
1 0.39765625 0.2734375 0.04765625 0.06484375
1 0.61171875 0.2265625 0.05546875 0.059375
2 0.58359375 0.1890625 0.04921875 0.071875
1 0.51640625 0.53515625 0.128125 0.16640625
1 0.63984375 0.63203125 0.12421875 0.1890625
2 0.57265625 0.1640625 0.03203125 0.04296875
2 0.5390625 0.1640625 0.03984375 0.0515625
2 0.69140625 0.15078125 0.03125 0.05