1 0.25859375 0.23515625 0.04453125 0.05
1 0.90859375 0.496875 0.13828125 0.1203125
1 0.90546875 0.41875 0.12578125 0.10703125
1 0.32578125 0.240625 0.03515625 0.04296875
1 0.75703125 0.365625 0.08828125 0.0890625
1 0.35625 0.27109375 0.0375 0.06484375
1 0.29296875 0.259375 0.03828125 0.05390625
1 0.6546875 0.35546875 0.07890625 0.078125
1 0.6296875 0.30546875 0.084375 0.06640625
1 0.6203125 0.27578125 0.065625 0.05390625
1 0.31015625 0.29453125 0.03515625 0.059375
1 0.54296875 0.30390625 0.065625 0.06328125
1 0.38203125 0.35390625 0.05 0.07578125
2 0.303125 0.396875 0.05546875 0.1203125
1 0.51875 0.25390625 0.04140625 0.059375
1 0.565625 0.2484375 0.04609375 0.05703125
1 0.40703125 0.4546875 0.059375 0.10703125
3 0.6671875 0.5046875 0.37109375 0.41328125
1 0.48125 0.22890625 0.03359375 0.05
1 0.37109375 0.80859375 0.09921875 0.2390625