1 0.36796875 0.46015625 0.11328125 0.12578125
3 0.54375 0.21171875 0.134375 0.13515625
1 0.4828125 0.453125 0.10234375 0.121875
1 0.47578125 0.371875 0.08671875 0.0890625
1 0.58984375 0.365625 0.07734375 0.08359375
1 0.43046875 0.29375 0.06875 0.06328125
1 0.3515625 0.33984375 0.0875 0.078125
1 0.55234375 0.3140625 0.07890625 0.07578125
1 0.63125 0.225 0.04453125 0.05546875
1 0.2375 0.39609375 0.11015625 0.090625
1 0.10390625 0.45390625 0.13203125 0.0984375
1 0.52421875 0.5265625 0.11328125 0.1296875
1 0.62578125 0.2640625 0.06171875 0.06484375
2 0.58046875 0.24375 0.06328125 0.06875
1 0.6140625 0.41953125 0.09609375 0.11875
3 0.8359375 0.9078125 0.325 0.184375
1 0.67734375 0.34375 0.06796875 0.0796875
2 0.52109375 0.28046875 0.06015625 0.071875
1 0.65390625 0.29921875 0.06171875 0.0609375
1 0.8890625 0.79453125 0.221875 0.1390625
1 0.75703125 0.2890625 0.05859375 0.06875
1 0.88359375 0.6484375 0.196875 0.15
1 0.52578125 0.81640625 0.23359375 0.18359375
3 0.21015625 0.903125 0.4203125 0.19375
2 0.575 0.64921875 0.1625 0.16875
2 0.77578125 0.21328125 0.08203125 0.0890625
1 0.11484375 0.790625 0.22734375 0.1296875
1 0.04296875 0.71328125 0.084375 0.1109375