1 0.26796875 0.0453125 0.03203125 0.0390625
1 0.22421875 0.046875 0.028125 0.03515625
1 0.2125 0.06484375 0.03203125 0.03515625
1 0.321875 0.04140625 0.028125 0.0390625
1 0.3421875 0.071875 0.03515625 0.040625
2 0.434375 0.31640625 0.11171875 0.15546875
1 0.29140625 0.33046875 0.078125 0.109375
2 0.096875 0.28359375 0.07109375 0.159375
1 0.24375 0.171875 0.05625 0.0796875
1 0.43671875 0.08046875 0.04140625 0.04296875
1 0.32734375 0.128125 0.04609375 0.040625
1 0.12578125 0.15546875 0.05 0.0703125
1 0.09296875 0.62109375 0.10625 0.19609375
1 0.60234375 0.165625 0.06796875 0.07421875
1 0.56015625 0.19140625 0.07265625 0.07421875
1 0.53828125 0.2359375 0.07890625 0.08125
1 0.06328125 0.084375 0.03359375 0.040625