1 0.36796875 0.46015625 0.11328125 0.12578125
3 0.54375 0.21171875 0.134375 0.13515625
1 0.4828125 0.453125 0.10234375 0.121875
1 0.47578125 0.3734375 0.08671875 0.0890625
1 0.5890625 0.365625 0.078125 0.08359375
1 0.43046875 0.29375 0.06875 0.06328125
1 0.3515625 0.33984375 0.0875 0.07578125
1 0.55234375 0.3140625 0.07890625 0.07578125
1 0.63125 0.225 0.04453125 0.05546875
1 0.2375 0.39609375 0.11015625 0.090625
1 0.10390625 0.45390625 0.13203125 0.0984375
1 0.5234375 0.5265625 0.11484375 0.1296875
1 0.62578125 0.2640625 0.06171875 0.06484375
2 0.58046875 0.24375 0.06328125 0.06875
1 0.6140625 0.41953125 0.09609375 0.11875
3 0.8515625 0.909375 0.296875 0.18125
1 0.67734375 0.34453125 0.06796875 0.0796875
2 0.52109375 0.28046875 0.06015625 0.071875
1 0.65390625 0.29921875 0.06171875 0.0609375
1 0.9046875 0.78671875 0.190625 0.13515625
1 0.7546875 0.29375 0.05859375 0.06484375
1 0.9 0.653125 0.2 0.1484375
1 0.56015625 0.8203125 0.23515625 0.17421875
3 0.22578125 0.9046875 0.45 0.190625
2 0.60703125 0.64453125 0.16328125 0.16484375
2 0.76484375 0.21875 0.08984375 0.09609375
1 0.15234375 0.7796875 0.21953125 0.11640625
1 0.06328125 0.7109375 0.125 0.1390625