1 0.20546875 0.45703125 0.08359375 0.1109375
1 0.32734375 0.88984375 0.13515625 0.2203125
2 0.1 0.82734375 0.2 0.3453125
1 0.628125 0.1984375 0.03359375 0.0484375
1 0.73203125 0.18671875 0.03125 0.04609375
1 0.68984375 0.196875 0.02890625 0.04296875
1 0.33359375 0.4515625 0.07578125 0.11875
1 0.40859375 0.33359375 0.046875 0.0796875
1 0.4609375 0.3953125 0.06015625 0.09609375
1 0.6625 0.31015625 0.046875 0.08359375
2 0.73359375 0.29921875 0.05390625 0.0984375
1 0.81640625 0.21875 0.03828125 0.0515625
2 0.6953125 0.45625 0.07734375 0.14453125
1 0.515625 0.23203125 0.03671875 0.05390625
1 0.45859375 0.21953125 0.03125 0.0484375
1 0.8859375 0.40078125 0.07421875 0.09453125
2 0.42109375 0.18203125 0.03125 0.0515625