1 0.32421875 0.58984375 0.17265625 0.1984375
1 0.19453125 0.4046875 0.10390625 0.11328125
1 0.97421875 0.6 0.05078125 0.16484375
2 0.78203125 0.490625 0.19765625 0.23125
1 0.546875 0.4296875 0.16171875 0.14609375
2 0.39140625 0.3640625 0.11875 0.14296875
1 0.26796875 0.34140625 0.10625 0.1015625
3 0.1484375 0.28125 0.184375 0.16875
1 0.0625 0.28125 0.059375 0.0703125
1 0.025 0.26953125 0.04765625 0.06328125
2 0.8359375 0.4140625 0.21875 0.2015625
1 0.60546875 0.36796875 0.14140625 0.13125
1 0.45390625 0.309375 0.125 0.1109375
1 0.53125 0.2390625 0.09375 0.0890625
1 0.29921875 0.2796875 0.09375 0.090625
1 0.4578125 0.26796875 0.109375 0.0890625
1 0.16875 0.24609375 0.05390625 0.06875
1 0.08125 0.20078125 0.03125 0.0515625
1 0.97421875 0.2015625 0.05078125 0.09609375
1 0.86328125 0.2 0.12421875 0.090625
1 0.71875 0.18203125 0.11015625 0.078125
1 0.58515625 0.1703125 0.09375 0.07421875
3 0.434375 0.1296875 0.19296875 0.12578125
1 0.9765625 0.18046875 0.046875 0.0734375
1 0.86171875 0.16796875 0.11875 0.0703125
1 0.7125 0.1515625 0.10078125 0.0703125
1 0.59609375 0.13984375 0.0875 0.06484375
1 0.43203125 0.13359375 0.05859375 0.05546875
1 0.31015625 0.1546875 0.06328125 0.05390625
1 0.3234375 0.13125 0.05546875 0.04609375
1 0.24140625 0.14921875 0.04921875 0.05390625
1 0.25390625 0.12890625 0.04609375 0.04453125
1 0.18984375 0.146875 0.04296875 0.040625
1 0.21484375 0.121875 0.04140625 0.04453125