1 0.62734375 0.19921875 0.03046875 0.0609375
1 0.72109375 0.17578125 0.03046875 0.04296875
1 0.359375 0.6640625 0.09921875 0.1703125
0 0.11015625 0.7953125 0.190625 0.409375
1 0.078125 0.4953125 0.09609375 0.1203125
1 0.25546875 0.4234375 0.07578125 0.1
1 0.27578125 0.30078125 0.04765625 0.06640625
1 0.66484375 0.37890625 0.05234375 0.0796875
1 0.78125 0.41953125 0.06875 0.09609375
1 0.84921875 0.33828125 0.05390625 0.0796875
1 0.70859375 0.5734375 0.08203125 0.12578125
1 0.46328125 0.21015625 0.03203125 0.05
1 0.934375 0.77109375 0.13125 0.20703125