1 0.2609375 0.61171875 0.1 0.16328125
1 0.67578125 0.19140625 0.03203125 0.05703125
2 0.05234375 0.68671875 0.10234375 0.2203125
1 0.7484375 0.22109375 0.0375 0.0515625
1 0.28359375 0.4015625 0.0625 0.0890625
1 0.71796875 0.26796875 0.04375 0.0609375
1 0.36875 0.26953125 0.04140625 0.06328125
1 0.66875 0.3484375 0.04765625 0.0796875
1 0.76796875 0.38125 0.06484375 0.08515625
1 0.83671875 0.33046875 0.05546875 0.07421875
1 0.45 0.25390625 0.03984375 0.06484375
1 0.51171875 0.2484375 0.03515625 0.0609375
1 0.4328125 0.196875 0.03046875 0.04453125
1 0.875 0.284375 0.05078125 0.06328125
1 0.4703125 0.21484375 0.02890625 0.0484375
2 0.84140625 0.9359375 0.14140625 0.128125