1 0.0203125 0.22421875 0.03828125 0.04453125
1 0.0765625 0.2390625 0.08046875 0.05546875
1 0.325 0.20859375 0.0875 0.0609375
1 0.4828125 0.20703125 0.08984375 0.05546875
1 0.19140625 0.24296875 0.09375 0.0515625
1 0.17890625 0.21796875 0.08046875 0.0515625
1 0.0234375 0.25703125 0.04453125 0.0609375
1 0.459375 0.24453125 0.09921875 0.06328125
1 0.27734375 0.27890625 0.11953125 0.06640625
1 0.71953125 0.2234375 0.090625 0.05546875
1 0.7875 0.2390625 0.090625 0.06328125
1 0.96953125 0.26640625 0.06015625 0.0703125