1 0.33984375 0.121875 0.053125 0.0515625
2 0.10078125 0.5109375 0.10234375 0.22578125
1 0.37421875 0.43515625 0.10546875 0.14453125
1 0.4484375 0.10078125 0.04609375 0.0515625
1 0.4140625 0.1203125 0.05234375 0.0515625
1 0.54765625 0.1140625 0.053125 0.05703125
1 0.4703125 0.36171875 0.10078125 0.1203125
1 0.23046875 0.43359375 0.08515625 0.13671875
1 0.52265625 0.134375 0.05625 0.059375
1 0.29140625 0.3 0.075 0.1015625
1 0.453125 0.175 0.06484375 0.0609375
1 0.4875 0.153125 0.06015625 0.05703125
1 0.13515625 0.303125 0.07421875 0.1203125
1 0.12734375 0.228125 0.053125 0.071875
1 0.25234375 0.1796875 0.05234375 0.06640625
1 0.86015625 0.31484375 0.121875 0.109375
1 0.86171875 0.40078125 0.15234375 0.11484375