1 0.62890625 0.6015625 0.21953125 0.20546875
1 0.97421875 0.6 0.05078125 0.16484375
2 0.78125 0.490625 0.196875 0.23125
1 0.54609375 0.4296875 0.16171875 0.14609375
2 0.390625 0.3640625 0.11875 0.14296875
1 0.26796875 0.34140625 0.10625 0.1015625
3 0.14765625 0.28125 0.18515625 0.16875
1 0.06171875 0.28125 0.059375 0.0703125
1 0.02421875 0.2703125 0.046875 0.06328125
2 0.83515625 0.41328125 0.21875 0.2015625
1 0.60546875 0.36640625 0.14140625 0.13125
1 0.45390625 0.309375 0.125 0.1109375
1 0.325 0.284375 0.10078125 0.09453125
1 0.221875 0.26796875 0.06953125 0.071875
1 0.12734375 0.234375 0.06015625 0.0609375
1 0.97421875 0.2015625 0.05078125 0.09609375
1 0.86328125 0.19921875 0.12421875 0.090625
1 0.71796875 0.18125 0.109375 0.07578125
1 0.58515625 0.1703125 0.09375 0.07578125
3 0.434375 0.1296875 0.19296875 0.12578125
1 0.87109375 0.16953125 0.12109375 0.0703125
1 0.71484375 0.15078125 0.1 0.0703125
1 0.59453125 0.13671875 0.0875 0.06484375
1 0.44921875 0.13203125 0.06015625 0.05546875
1 0.31015625 0.1546875 0.06484375 0.05546875
1 0.3265625 0.13203125 0.053125 0.04609375
1 0.24140625 0.1484375 0.04765625 0.05390625
1 0.25859375 0.13046875 0.05 0.04453125
1 0.18828125 0.14609375 0.04375 0.040625
1 0.21796875 0.12109375 0.04296875 0.04296875