1 0.13671875 0.85859375 0.23359375 0.20703125
1 0.63203125 0.89921875 0.30078125 0.2015625
0 0.59765625 0.58984375 0.29375 0.26328125
1 0.79453125 0.2 0.1125 0.0890625
1 0.96875 0.2 0.0625 0.08125
1 0.69140625 0.13828125 0.09375 0.08359375
1 0.5625 0.11640625 0.08359375 0.06640625
1 0.4609375 0.09375 0.06875 0.06875
1 0.39140625 0.0765625 0.05546875 0.06328125
1 0.35390625 0.059375 0.03359375 0.06328125
1 0.33046875 0.20546875 0.10234375 0.07421875
1 0.84453125 0.4890625 0.19453125 0.16328125
1 0.978125 0.90078125 0.04375 0.16640625