1 0.0109375 0.29140625 0.01953125 0.05703125
1 0.05859375 0.303125 0.06796875 0.05703125
1 0.32109375 0.26796875 0.06875 0.06484375
1 0.46484375 0.2734375 0.07421875 0.05703125
1 0.13125 0.31328125 0.09375 0.071875
3 0.14375 0.28515625 0.28515625 0.140625
3 0.52421875 0.27421875 0.26015625 0.12578125
3 0.8671875 0.28359375 0.265625 0.12421875
1 0.034375 0.35546875 0.06640625 0.07421875
1 0.39921875 0.35 0.11171875 0.0703125
1 0.93828125 0.909375 0.12265625 0.18125
3 0.9765625 0.29140625 0.046875 0.140625