1 0.52578125 0.16171875 0.05703125 0.04296875
2 0.48359375 0.1484375 0.06875 0.06328125
1 0.4328125 0.17890625 0.07890625 0.05703125
2 0.38984375 0.1703125 0.06796875 0.0609375
1 0.3484375 0.20390625 0.07421875 0.059375
1 0.29296875 0.196875 0.06796875 0.05546875
1 0.26171875 0.2234375 0.075 0.0515625
1 0.2078125 0.22421875 0.0625 0.04453125
1 0.09765625 0.25859375 0.08359375 0.059375
0 0.66640625 0.253125 0.07421875 0.11484375
1 0.90546875 0.73515625 0.18828125 0.18125
1 0.72734375 0.5359375 0.10625 0.190625
1 0.7109375 0.40546875 0.07109375 0.11328125
1 0.7484375 0.32421875 0.05859375 0.10703125
1 0.7671875 0.28046875 0.05625 0.090625
1 0.7984375 0.2296875 0.05 0.071875
1 0.8171875 0.2 0.05 0.06875
1 0.828125 0.17578125 0.040625 0.059375
1 0.55234375 0.72578125 0.22265625 0.2
1 0.59609375 0.903125 0.2828125 0.19375
1 0.534375 0.18515625 0.07109375 0.05546875
1 0.21484375 0.7859375 0.228125 0.16640625