3 0.065625 0.640625 0.12890625 0.421875
1 0.64453125 0.18515625 0.02890625 0.04453125
2 0.33203125 0.440625 0.07734375 0.1609375
2 0.33828125 0.3484375 0.05390625 0.11484375
1 0.43671875 0.47578125 0.08046875 0.1390625
1 0.10546875 0.43125 0.0875 0.10390625
2 0.29921875 0.2859375 0.05625 0.109375
1 0.81015625 0.19609375 0.03828125 0.059375
1 0.46171875 0.31171875 0.05 0.0796875
2 0.72578125 0.47578125 0.075 0.14609375
1 0.4921875 0.21171875 0.03515625 0.05546875
1 0.94609375 0.7015625 0.10703125 0.18359375
1 0.9671875 0.32421875 0.065625 0.078125