1 0.76875 0.59296875 0.14296875 0.20390625
1 0.69296875 0.44609375 0.07890625 0.13515625
0 0.66171875 0.26015625 0.07265625 0.11640625
1 0.74140625 0.34140625 0.0625 0.11484375
1 0.47109375 0.15 0.03125 0.0390625
1 0.428125 0.15859375 0.034375 0.0390625
1 0.45 0.13828125 0.02890625 0.03515625
1 0.03671875 0.3015625 0.07109375 0.06328125
3 0.603125 0.153125 0.1 0.15546875
1 0.525 0.16171875 0.04765625 0.04453125
1 0.49140625 0.13203125 0.028125 0.03515625
1 0.14609375 0.240625 0.06875 0.0515625
1 0.503125 0.2046875 0.05390625 0.05546875
1 0.3828125 0.2484375 0.06640625 0.0609375
2 0.43359375 0.31328125 0.08125 0.1015625
1 0.47109375 0.1234375 0.02734375 0.03359375
1 0.29609375 0.18125 0.04765625 0.04609375
1 0.34296875 0.30703125 0.08125 0.071875
1 0.20390625 0.36015625 0.09921875 0.0796875