1 0.63984375 0.1390625 0.03359375 0.0484375
2 0.66953125 0.178125 0.04765625 0.08671875
1 0.73671875 0.30390625 0.06484375 0.1015625
1 0.16015625 0.5953125 0.11953125 0.178125
1 0.18671875 0.77578125 0.17734375 0.24453125
1 0.3921875 0.3546875 0.06953125 0.109375
1 0.35546875 0.28125 0.06875 0.090625
1 0.44296875 0.2296875 0.04921875 0.06640625
1 0.48828125 0.45703125 0.08515625 0.15546875
1 0.40390625 0.1859375 0.03984375 0.06484375
1 0.47265625 0.14921875 0.034375 0.0515625
1 0.52109375 0.1734375 0.034375 0.0609375
2 0.43828125 0.11953125 0.0375 0.0796875
1 0.49140625 0.11171875 0.02578125 0.0484375