1 0.18671875 0.2296875 0.05390625 0.04296875
1 0.96953125 0.50703125 0.06015625 0.09609375
1 0.946875 0.4390625 0.10625 0.084375
2 0.81328125 0.41015625 0.12734375 0.15546875
1 0.29609375 0.2515625 0.04140625 0.04609375
1 0.76015625 0.36484375 0.0875 0.07578125
1 0.76015625 0.496875 0.13046875 0.11875
1 0.68203125 0.36875 0.07109375 0.078125
1 0.30546875 0.2859375 0.03828125 0.0609375
1 0.36953125 0.30078125 0.040625 0.059375
2 0.309375 0.22421875 0.04453125 0.05
1 0.3046875 0.36171875 0.046875 0.08515625
1 0.559375 0.30390625 0.06328125 0.06484375
1 0.64921875 0.30390625 0.07421875 0.078125
1 0.39453125 0.36328125 0.04453125 0.071875
1 0.57734375 0.2734375 0.053125 0.06328125
1 0.39609375 0.478125 0.05703125 0.121875
1 0.290625 0.4984375 0.06015625 0.109375
1 0.48828125 0.259375 0.046875 0.0515625
1 0.50546875 0.23515625 0.05 0.05390625
1 0.5578125 0.2359375 0.04453125 0.05390625
1 0.26484375 0.7515625 0.1 0.19296875
1 0.44375 0.22578125 0.03515625 0.05