1 0.4390625 0.7953125 0.09140625 0.21875
1 0.50078125 0.20859375 0.03359375 0.05
2 0.284375 0.82890625 0.11953125 0.23359375
1 0.46640625 0.215625 0.03203125 0.05390625
2 0.434375 0.21015625 0.03125 0.06328125
1 0.02734375 0.790625 0.053125 0.18671875
1 0.040625 0.6140625 0.07890625 0.140625
1 0.2046875 0.43046875 0.07578125 0.10390625
1 0.57421875 0.18125 0.02734375 0.040625
1 0.61640625 0.196875 0.03046875 0.040625
3 0.11953125 0.384375 0.21171875 0.28671875
1 0.59140625 0.23828125 0.03203125 0.05
1 0.67265625 0.25859375 0.04765625 0.06328125
1 0.40078125 0.225 0.028125 0.0484375
1 0.31484375 0.259375 0.04140625 0.059375
3 0.67109375 0.38671875 0.09375 0.21875
1 0.85546875 0.375 0.08984375 0.09609375
1 0.36875 0.21171875 0.034375 0.04453125
1 0.83203125 0.5984375 0.109375 0.14296875