1 0.43671875 0.7953125 0.09140625 0.2390625
1 0.5015625 0.20703125 0.03203125 0.05390625
2 0.28515625 0.828125 0.11484375 0.23671875
1 0.465625 0.2140625 0.03046875 0.05703125
2 0.43359375 0.20625 0.03046875 0.059375
1 0.4203125 0.2390625 0.040625 0.06328125
1 0.06171875 0.61171875 0.12109375 0.1609375
1 0.05234375 0.5234375 0.103125 0.1203125
1 0.57890625 0.19296875 0.028125 0.0484375
1 0.61640625 0.253125 0.03828125 0.0609375
1 0.66640625 0.20625 0.03359375 0.05
1 0.85703125 0.38203125 0.0875 0.09296875
1 0.3890625 0.21171875 0.02890625 0.05
1 0.32734375 0.20703125 0.03125 0.05