0 0.5921875 0.64296875 0.29375 0.26328125
1 0.86484375 0.11484375 0.0625 0.0484375
2 0.10703125 0.40546875 0.13515625 0.15
1 0.6984375 0.13359375 0.06875 0.0515625
3 0.1078125 0.30390625 0.21328125 0.2296875
1 0.340625 0.2984375 0.11953125 0.08515625
1 0.13203125 0.5 0.18515625 0.14453125
1 0.38828125 0.35546875 0.1375 0.10546875
1 0.49921875 0.15546875 0.08984375 0.0484375
1 0.50390625 0.1796875 0.08046875 0.06484375
2 0.64921875 0.24140625 0.09140625 0.08515625
1 0.63828125 0.30546875 0.11953125 0.08125
3 0.1796875 0.18203125 0.33046875 0.14296875
1 0.83046875 0.178125 0.078125 0.059375
1 0.81953125 0.25703125 0.084375 0.0890625
2 0.9125 0.20390625 0.08828125 0.08125
1 0.31484375 0.17109375 0.09140625 0.06328125
1 0.940625 0.15703125 0.06796875 0.05703125