2 0.921875 0.28984375 0.15625 0.1453125
1 0.72421875 0.2359375 0.11328125 0.1
1 0.609375 0.1953125 0.08359375 0.078125
1 0.51796875 0.20703125 0.06640625 0.07421875
2 0.82734375 0.66875 0.275 0.32578125
1 0.59375 0.509375 0.15625 0.1703125
3 0.3984375 0.23671875 0.18359375 0.20546875
1 0.9515625 0.4734375 0.096875 0.16875
1 0.6484375 0.42890625 0.16171875 0.14296875
1 0.4359375 0.39296875 0.1125 0.12578125
2 0.83359375 0.4984375 0.17734375 0.21328125
1 0.965625 0.6390625 0.06875 0.1515625
1 0.80703125 0.39921875 0.16171875 0.1296875
1 0.62890625 0.31171875 0.12265625 0.0984375
1 0.2984375 0.2734375 0.06796875 0.09296875
1 0.3609375 0.33046875 0.078125 0.1
1 0.51875 0.25625 0.08046875 0.10703125
1 0.303125 0.21796875 0.04453125 0.059375
1 0.2609375 0.19609375 0.04140625 0.05703125
1 0.25078125 0.24609375 0.04453125 0.071875