1 0.06484375 0.940625 0.12734375 0.11875
1 0.68984375 0.20546875 0.03515625 0.05
1 0.36015625 0.703125 0.109375 0.20390625
2 0.33359375 0.45390625 0.08046875 0.14609375
1 0.63515625 0.2203125 0.03359375 0.05
1 0.28359375 0.35625 0.06171875 0.08515625
1 0.76015625 0.240625 0.04140625 0.06328125
2 0.8265625 0.2140625 0.04453125 0.06875
1 0.67734375 0.38046875 0.05546875 0.0890625
1 0.43828125 0.25546875 0.03984375 0.06328125
1 0.76484375 0.3453125 0.0625 0.078125
1 0.51875 0.19609375 0.034375 0.05546875