1 0.0453125 0.9359375 0.08828125 0.128125
1 0.09609375 0.78046875 0.13828125 0.21328125
1 0.17890625 0.64140625 0.07890625 0.15390625
1 0.5921875 0.896875 0.12421875 0.20546875
1 0.42890625 0.8390625 0.1 0.23125
1 0.21875 0.89140625 0.14921875 0.21640625
1 0.4375 0.63828125 0.08828125 0.1609375
1 0.5828125 0.73046875 0.09453125 0.18515625
1 0.23828125 0.50625 0.0875 0.140625
2 0.0390625 0.40078125 0.07578125 0.14453125
1 0.3078125 0.64140625 0.10703125 0.18125
1 0.1609375 0.31796875 0.06015625 0.0703125
0 0.8203125 0.2390625 0.03984375 0.06640625
1 0.23203125 0.246875 0.04609375 0.05390625