1 0.715625 0.93984375 0.21328125 0.1203125
1 0.3109375 0.68984375 0.14921875 0.1796875
1 0.14375 0.53125 0.08984375 0.11875
1 0.05078125 0.44921875 0.06171875 0.0890625
3 0.07109375 0.3546875 0.13984375 0.140625
1 0.140625 0.43515625 0.08046875 0.08671875
3 0.36640625 0.546875 0.4125 0.4109375
3 0.80625 0.7875 0.3875 0.425
1 0.44765625 0.45625 0.11328125 0.1
3 0.29375 0.3296875 0.16328125 0.1609375
1 0.44296875 0.40546875 0.09453125 0.09296875
1 0.58828125 0.46015625 0.12265625 0.11484375
1 0.77265625 0.528125 0.153125 0.1390625
3 0.909375 0.45703125 0.18125 0.2109375
1 0.66953125 0.43125 0.121875 0.10390625
1 0.50390625 0.38046875 0.090625 0.09296875
3 0.38203125 0.31328125 0.16796875 0.1484375
1 0.015625 0.409375 0.02890625 0.0703125
1 0.9515625 0.59921875 0.096875 0.11875