1 0.75703125 0.15546875 0.05390625 0.06640625
1 0.71328125 0.271875 0.06875 0.09609375
2 0.6109375 0.26953125 0.065625 0.12578125
1 0.765625 0.3953125 0.10078125 0.15390625
1 0.73359375 0.728125 0.14296875 0.23671875
1 0.1859375 0.8625 0.1875 0.275
1 0.35859375 0.48125 0.09375 0.15546875
1 0.4875 0.534375 0.09296875 0.18359375
1 0.37109375 0.3359375 0.07421875 0.10703125
1 0.50546875 0.23359375 0.04609375 0.078125
1 0.44765625 0.19453125 0.04375 0.0703125
2 0.5140625 0.16796875 0.04296875 0.0796875
1 0.4203125 0.153125 0.03203125 0.059375
1 0.43984375 0.11640625 0.03046875 0.05
2 0.52265625 0.10546875 0.02578125 0.05