1 0.4890625 0.36875 0.08046875 0.1515625
1 0.52421875 0.6359375 0.11875 0.27578125
1 0.48984375 0.9109375 0.16796875 0.178125
1 0.7296875 0.16015625 0.06015625 0.090625
0 0.6375 0.0859375 0.078125 0.16875
1 0.16015625 0.1796875 0.05234375 0.078125
1 0.4640625 0.08046875 0.05390625 0.07421875
1 0.57265625 0.053125 0.03203125 0.0484375
2 0.1078125 0.51796875 0.13828125 0.23671875
1 0.1875 0.76796875 0.19921875 0.40703125
3 0.09765625 0.34921875 0.19375 0.43359375
1 0.78125 0.253125 0.103125 0.11484375
1 0.60546875 0.28984375 0.084375 0.13515625
1 0.296875 0.1390625 0.05546875 0.08671875
1 0.89453125 0.43046875 0.153125 0.17421875
0 0.36875 0.115625 0.075 0.171875
3 0.27890625 0.0609375 0.0875 0.11875
1 0.925 0.859375 0.15 0.28125
1 0.1921875 0.125 0.05390625 0.07421875