1 0.05859375 0.703125 0.115625 0.16640625
1 0.965625 0.225 0.04296875 0.06484375
1 0.69609375 0.271875 0.059375 0.078125
1 0.3859375 0.32421875 0.08671875 0.08671875
1 0.36953125 0.28671875 0.08359375 0.08125
1 0.303125 0.28125 0.078125 0.08515625
1 0.5265625 0.26484375 0.065625 0.078125
1 0.9671875 0.43984375 0.065625 0.1234375
1 0.8359375 0.41875 0.07109375 0.11875
2 0.6796875 0.47578125 0.09375 0.1484375
2 0.4375 0.2046875 0.04453125 0.059375
1 0.54375 0.18984375 0.053125 0.05546875
1 0.90859375 0.9 0.128125 0.2