1 0.52421875 0.4953125 0.1125 0.1609375
1 0.6046875 0.3984375 0.07890625 0.11875
1 0.7109375 0.31171875 0.07109375 0.090625
1 0.76796875 0.2703125 0.05546875 0.06484375
1 0.80859375 0.24140625 0.046875 0.05390625
1 0.41640625 0.49453125 0.109375 0.13671875
1 0.515625 0.40390625 0.08359375 0.1
1 0.62265625 0.30625 0.06796875 0.08515625
1 0.68203125 0.27421875 0.05 0.0609375
1 0.74140625 0.24921875 0.05703125 0.059375
1 0.10078125 0.78515625 0.17421875 0.259375
3 0.38984375 0.38984375 0.24765625 0.259375
1 0.615625 0.271875 0.06171875 0.059375
1 0.46328125 0.3265625 0.09140625 0.071875
1 0.52109375 0.27578125 0.065625 0.05703125
1 0.57578125 0.24609375 0.05859375 0.05390625
1 0.61640625 0.22421875 0.05078125 0.04296875
1 0.3828125 0.3734375 0.103125 0.07578125
1 0.24609375 0.3765625 0.10234375 0.07421875
1 0.3671875 0.328125 0.08671875 0.06875
1 0.45234375 0.28515625 0.07890625 0.0703125
2 0.5078125 0.24375 0.05625 0.0484375
1 0.56875 0.2203125 0.05 0.0515625
1 0.51796875 0.22109375 0.05390625 0.04453125
1 0.6890625 0.23984375 0.06328125 0.0515625
1 0.08671875 0.44609375 0.13984375 0.1015625
2 0.8734375 0.64375 0.21953125 0.16640625
1 0.28359375 0.41640625 0.11484375 0.0796875
1 0.75 0.2140625 0.05703125 0.0515625
1 0.55703125 0.67578125 0.19296875 0.14453125
1 0.81328125 0.20078125 0.05546875 0.04296875
1 0.12265625 0.49296875 0.14296875 0.10390625
1 0.4375 0.25390625 0.065625 0.05
1 0.8359375 0.215625 0.065625 0.04296875
1 0.09921875 0.39375 0.13125 0.06640625