1 0.63203125 0.36015625 0.05625 0.0890625
1 0.76328125 0.48125 0.07734375 0.11640625
1 0.65859375 0.49921875 0.084375 0.12578125
1 0.790625 0.35625 0.06171875 0.07421875
1 0.83828125 0.4359375 0.07578125 0.1
1 0.1890625 0.48359375 0.10078125 0.140625
1 0.3390625 0.40859375 0.07890625 0.13515625
1 0.27578125 0.38828125 0.06953125 0.10390625
1 0.20234375 0.3734375 0.07421875 0.0984375
2 0.9234375 0.778125 0.153125 0.30625
1 0.49609375 0.315625 0.053125 0.0796875
1 0.396875 0.34140625 0.053125 0.08359375