1 0.284375 0.8953125 0.17265625 0.209375
1 0.59375 0.4390625 0.096875 0.1296875
1 0.696875 0.32890625 0.0625 0.071875
1 0.78203125 0.25859375 0.053125 0.059375
1 0.26953125 0.67578125 0.14921875 0.2296875
1 0.58984375 0.3515625 0.06796875 0.07421875
1 0.67421875 0.2890625 0.06171875 0.06875
1 0.3 0.50625 0.11328125 0.12421875
1 0.46015625 0.31875 0.07421875 0.071875
1 0.51953125 0.28046875 0.06875 0.06328125
1 0.57421875 0.25390625 0.05625 0.05703125
1 0.61640625 0.2296875 0.05078125 0.05
1 0.38046875 0.35859375 0.090625 0.08125
1 0.24609375 0.38125 0.103125 0.07421875
1 0.3609375 0.33203125 0.08046875 0.06875
1 0.4453125 0.296875 0.06875 0.0609375
2 0.50703125 0.2546875 0.06484375 0.059375
1 0.56640625 0.221875 0.05078125 0.040625
1 0.51953125 0.21796875 0.04765625 0.04296875
1 0.503125 0.35 0.08671875 0.08671875
1 0.0890625 0.45 0.13984375 0.0984375
1 0.2828125 0.42421875 0.11015625 0.08515625
1 0.6453125 0.25625 0.06015625 0.0703125
1 0.80234375 0.67421875 0.190625 0.14453125
1 0.75625 0.21953125 0.06171875 0.0484375
1 0.12734375 0.4984375 0.14609375 0.1015625
1 0.46015625 0.25390625 0.065625 0.05390625
1 0.80078125 0.23359375 0.05234375 0.0484375
1 0.37265625 0.296875 0.08125 0.05703125