1 0.55390625 0.45859375 0.1 0.14609375
1 0.628125 0.36640625 0.07421875 0.11328125
1 0.7203125 0.29375 0.065625 0.08125
1 0.7703125 0.26328125 0.05 0.059375
1 0.809375 0.23515625 0.05 0.05546875
1 0.47578125 0.4390625 0.1 0.12578125
1 0.55234375 0.36328125 0.08359375 0.08359375
1 0.6265625 0.3 0.06875 0.07421875
1 0.684375 0.26875 0.04921875 0.059375
1 0.740625 0.24140625 0.05234375 0.05703125
1 0.34921875 0.45546875 0.11640625 0.11640625
3 0.48359375 0.321875 0.203125 0.21328125
1 0.62578125 0.26484375 0.06171875 0.0703125
1 0.47421875 0.30703125 0.06875 0.06484375
1 0.53359375 0.2703125 0.07109375 0.06640625
1 0.57578125 0.23828125 0.05703125 0.05390625
1 0.615625 0.22109375 0.05078125 0.0515625
1 0.29765625 0.39296875 0.11640625 0.0703125
1 0.246875 0.37109375 0.10625 0.0703125
1 0.36015625 0.32109375 0.07734375 0.071875
1 0.446875 0.2796875 0.06875 0.05703125
2 0.49921875 0.23671875 0.05078125 0.0515625
1 0.56796875 0.2109375 0.05234375 0.0515625
1 0.45625 0.24140625 0.06328125 0.05703125
1 0.671875 0.6796875 0.19921875 0.1390625
1 0.921875 0.76796875 0.15625 0.1578125
1 0.61484375 0.8390625 0.246875 0.1796875
1 0.70390625 0.22578125 0.06328125 0.05390625
1 0.2234375 0.71875 0.20234375 0.1390625
1 0.04296875 0.45859375 0.08359375 0.090625
1 0.04765625 0.84609375 0.09375 0.171875
2 0.02265625 0.66796875 0.04296875 0.1296875