1 0.65546875 0.76015625 0.22265625 0.31640625
1 0.31015625 0.059375 0.03203125 0.04296875
1 0.24609375 0.05390625 0.034375 0.03515625
1 0.2359375 0.071875 0.034375 0.040625
1 0.22890625 0.26796875 0.071875 0.09296875
1 0.44453125 0.11328125 0.05 0.059375
1 0.45859375 0.15703125 0.06171875 0.05703125
3 0.5625 0.084375 0.14609375 0.13671875
2 0.1765625 0.121875 0.046875 0.06328125
1 0.578125 0.24453125 0.07734375 0.0703125
1 0.93515625 0.31171875 0.12890625 0.1015625
1 0.94609375 0.465625 0.10703125 0.11875