1 0.4359375 0.7953125 0.09140625 0.228125
1 0.50078125 0.20859375 0.0375 0.05390625
2 0.28125 0.828125 0.11953125 0.23671875
1 0.12265625 0.58125 0.125 0.2109375
2 0.0125 0.63359375 0.02265625 0.140625
1 0.6359375 0.19609375 0.028125 0.040625
1 0.26015625 0.3890625 0.06171875 0.08671875
1 0.60703125 0.24140625 0.03359375 0.05390625
1 0.66640625 0.24453125 0.03515625 0.0515625
1 0.3484375 0.3109375 0.040625 0.06875
1 0.22890625 0.3140625 0.05390625 0.07421875
1 0.31171875 0.278125 0.04453125 0.071875
1 0.63203125 0.3203125 0.05078125 0.08671875
3 0.7734375 0.26171875 0.12421875 0.15546875
1 0.38515625 0.24140625 0.03671875 0.05390625
1 0.29765625 0.228125 0.03359375 0.05390625
1 0.76875 0.4734375 0.08203125 0.12421875
1 0.66796875 0.49296875 0.07265625 0.12421875
1 0.3421875 0.23359375 0.03515625 0.05546875
1 0.40234375 0.20546875 0.02734375 0.0515625
2 0.3640625 0.18203125 0.03203125 0.06484375
1 0.33203125 0.19140625 0.02890625 0.0484375