1 0.15078125 0.40546875 0.08359375 0.128125
1 0.55859375 0.4796875 0.14375 0.16640625
1 0.1328125 0.1796875 0.05390625 0.06640625
1 0.33515625 0.13046875 0.04921875 0.0484375
1 0.40859375 0.11484375 0.05390625 0.059375
1 0.278125 0.08046875 0.034375 0.03515625
1 0.3515625 0.059375 0.03671875 0.0390625
1 0.34921875 0.0796875 0.040625 0.040625
1 0.28515625 0.05390625 0.034375 0.03515625
1 0.671875 0.21015625 0.07890625 0.071875
1 0.67734375 0.30703125 0.125 0.10390625
1 0.02109375 0.14375 0.03984375 0.05
1 0.11953125 0.0953125 0.03984375 0.05
1 0.04765625 0.084375 0.03359375 0.03671875
1 0.08125 0.059375 0.02890625 0.03125