1 0.8453125 0.36875 0.13671875 0.128125
1 0.70703125 0.33125 0.103125 0.09453125
1 0.53984375 0.26640625 0.08046875 0.08359375
1 0.59765625 0.840625 0.240625 0.31875
2 0.4328125 0.22578125 0.06484375 0.06484375
2 0.18671875 0.35703125 0.06484375 0.1015625
1 0.79921875 0.41953125 0.14453125 0.11875
2 0.80234375 0.76328125 0.27109375 0.33359375
1 0.57109375 0.59375 0.153125 0.17578125
3 0.37578125 0.32109375 0.18203125 0.20703125
1 0.91953125 0.56484375 0.16015625 0.20546875
1 0.628125 0.51640625 0.16640625 0.1484375
1 0.38671875 0.45390625 0.103125 0.121875
2 0.80703125 0.58359375 0.16953125 0.20390625
1 0.95078125 0.7390625 0.09765625 0.1703125
1 0.74453125 0.47109375 0.153125 0.13125
1 0.57421875 0.38046875 0.1125 0.10390625
1 0.24765625 0.321875 0.05 0.0984375
1 0.3078125 0.38671875 0.06953125 0.0890625
1 0.475 0.3265625 0.07265625 0.09609375
1 0.26015625 0.27421875 0.04921875 0.059375