1 0.46953125 0.15625 0.05234375 0.07421875
1 0.63828125 0.12890625 0.04375 0.06640625
1 0.56328125 0.140625 0.046875 0.07578125
1 0.065625 0.8140625 0.12890625 0.371875
1 0.1796875 0.35 0.10078125 0.16640625
1 0.65859375 0.209375 0.065625 0.09453125
1 0.590625 0.26796875 0.07734375 0.11875
1 0.35546875 0.1796875 0.053125 0.08359375
1 0.75078125 0.43203125 0.11484375 0.159375
3 0.890625 0.4578125 0.21875 0.56875
1 0.69765625 0.7 0.15625 0.309375
3 0.25703125 0.1203125 0.11015625 0.16875
3 0.04921875 0.39296875 0.096875 0.321875