1 0.55703125 0.45703125 0.1 0.14609375
1 0.62578125 0.365625 0.075 0.1109375
1 0.7203125 0.3 0.071875 0.09453125
1 0.77109375 0.2640625 0.053125 0.06328125
1 0.81640625 0.23203125 0.05 0.05546875
1 0.47578125 0.42890625 0.096875 0.11328125
1 0.55546875 0.36875 0.078125 0.09296875
1 0.628125 0.2984375 0.06953125 0.08125
1 0.68515625 0.26171875 0.05625 0.0609375
1 0.74296875 0.24296875 0.053125 0.059375
1 0.35 0.44921875 0.11640625 0.0984375
3 0.4828125 0.31484375 0.2 0.20390625
1 0.62734375 0.26171875 0.06171875 0.0703125
1 0.26953125 0.41640625 0.11484375 0.090625
1 0.53515625 0.26796875 0.065625 0.06484375
1 0.57890625 0.234375 0.053125 0.0515625
1 0.61640625 0.2203125 0.05234375 0.05546875
1 0.12578125 0.4390625 0.12578125 0.09296875
1 0.24609375 0.36796875 0.10234375 0.0796875
1 0.35859375 0.31875 0.06796875 0.0703125
1 0.44765625 0.28359375 0.06640625 0.06484375
2 0.50234375 0.24140625 0.065625 0.06484375
1 0.56796875 0.2109375 0.05546875 0.0515625
1 0.2484375 0.325 0.09140625 0.071875
1 0.0828125 0.69453125 0.16328125 0.14296875
1 0.3171875 0.865625 0.23515625 0.1890625
2 0.62890625 0.7 0.21015625 0.1609375
1 0.91640625 0.81640625 0.16640625 0.16875
1 0.0546875 0.8390625 0.10703125 0.17421875