1 0.83828125 0.69140625 0.28203125 0.26875
1 0.7015625 0.48671875 0.20625 0.178125
1 0.3890625 0.38984375 0.14375 0.12578125
1 0.22578125 0.3234375 0.09453125 0.10390625
1 0.07265625 0.30703125 0.09375 0.06640625
1 0.0546875 0.2765625 0.07421875 0.0609375
2 0.8296875 0.403125 0.22265625 0.20546875
1 0.6 0.3546875 0.13984375 0.13125
1 0.44765625 0.30546875 0.128125 0.11640625
1 0.32421875 0.27578125 0.10078125 0.08515625
1 0.23671875 0.2640625 0.07734375 0.078125
1 0.17109375 0.2453125 0.05703125 0.0609375
1 0.1125 0.23828125 0.05859375 0.071875
1 0.940625 0.2859375 0.11875 0.11875
1 0.9140625 0.35546875 0.171875 0.1390625
1 0.07421875 0.225 0.05078125 0.06328125
1 0.72578125 0.30390625 0.15546875 0.1203125
1 0.61484375 0.23515625 0.121875 0.10390625
1 0.4625 0.2515625 0.09765625 0.08671875
1 0.8625 0.1890625 0.13671875 0.09296875
1 0.578125 0.1609375 0.09296875 0.07421875
1 0.40859375 0.15 0.075 0.059375
1 0.590625 0.12421875 0.08359375 0.0703125
1 0.253125 0.13984375 0.05546875 0.05390625
1 0.44296875 0.121875 0.071875 0.06328125
1 0.1875 0.13984375 0.04296875 0.04296875
2 0.2265625 0.115625 0.05234375 0.05390625