1 0.79296875 0.05625 0.03515625 0.0484375
1 0.7765625 0.0984375 0.03984375 0.05390625
1 0.57109375 0.19296875 0.04609375 0.0796875
1 0.603125 0.13671875 0.03984375 0.0609375
1 0.68046875 0.18828125 0.05234375 0.08125
1 0.71484375 0.790625 0.15 0.29296875
1 0.81328125 0.14609375 0.05 0.06875
1 0.54296875 0.12890625 0.03203125 0.05546875
2 0.596875 0.09609375 0.03125 0.0609375
1 0.6546875 0.1109375 0.03828125 0.05546875
1 0.8953125 0.2140625 0.06640625 0.090625
1 0.53828125 0.0890625 0.028125 0.040625
1 0.61953125 0.0765625 0.03203125 0.05
3 0.459375 0.59921875 0.215625 0.67578125