1 0.4890625 0.1234375 0.04140625 0.05390625
1 0.49296875 0.68984375 0.11015625 0.2609375
1 0.66640625 0.05078125 0.021875 0.04296875
2 0.84921875 0.5859375 0.17578125 0.3515625
1 0.64609375 0.05859375 0.02421875 0.0390625
1 0.71640625 0.06796875 0.03046875 0.0484375
1 0.6140625 0.215625 0.04765625 0.0890625
1 0.70078125 0.09609375 0.03359375 0.0484375
1 0.765625 0.1296875 0.04375 0.06484375
1 0.53046875 0.1890625 0.04609375 0.06875
1 0.56640625 0.0734375 0.01953125 0.0390625
1 0.821875 0.27890625 0.07421875 0.08125
1 0.8859375 0.23828125 0.06328125 0.0984375