1 0.21015625 0.4515625 0.084375 0.128125
1 0.07109375 0.49140625 0.09140625 0.15546875
2 0.63125 0.2 0.03515625 0.06640625
1 0.43671875 0.5015625 0.07890625 0.13125
1 0.31484375 0.53515625 0.084375 0.1390625
1 0.29375 0.33046875 0.053125 0.078125
1 0.6953125 0.21796875 0.034375 0.05390625
1 0.7578125 0.215625 0.03828125 0.0515625
1 0.48671875 0.30078125 0.04765625 0.09296875
2 0.71953125 0.29609375 0.04921875 0.09609375
1 0.43359375 0.2546875 0.0375 0.0609375
1 0.81484375 0.49140625 0.08203125 0.11484375
1 0.50703125 0.2234375 0.034375 0.05703125
2 0.47421875 0.17890625 0.03046875 0.05390625
1 0.80625 0.89921875 0.14296875 0.2015625