1 0.63359375 0.16953125 0.028125 0.0515625
1 0.2703125 0.87890625 0.16796875 0.21328125
2 0.70078125 0.19296875 0.02890625 0.05703125
1 0.665625 0.3015625 0.05078125 0.07421875
1 0.75859375 0.30078125 0.05 0.078125
1 0.7890625 0.23359375 0.04140625 0.06328125
1 0.40703125 0.31328125 0.046875 0.078125
1 0.25078125 0.28203125 0.05234375 0.07421875
1 0.38984375 0.2234375 0.0375 0.06328125
1 0.73359375 0.40625 0.0625 0.090625
1 0.41015625 0.2546875 0.04453125 0.06328125
1 0.90546875 0.28046875 0.05703125 0.0703125
1 0.9671875 0.890625 0.065625 0.1625
1 0.52421875 0.175 0.02890625 0.04453125