3 0.07421875 0.36484375 0.14609375 0.1484375
1 0.16640625 0.446875 0.08359375 0.09609375
3 0.63984375 0.6953125 0.71953125 0.5890625
3 0.29765625 0.32578125 0.165625 0.14609375
1 0.46640625 0.40546875 0.09765625 0.0890625
1 0.61796875 0.45859375 0.13359375 0.11875
1 0.87578125 0.54609375 0.17265625 0.140625
1 0.95859375 0.50546875 0.08203125 0.0984375
1 0.64921875 0.41171875 0.11484375 0.1
3 0.41328125 0.3140625 0.18671875 0.14609375
1 0.290625 0.28125 0.05234375 0.0609375
1 0.621875 0.31328125 0.08359375 0.08125
1 0.25234375 0.64609375 0.12890625 0.14296875
1 0.01796875 0.41953125 0.03359375 0.078125