1 0.4859375 0.37109375 0.07890625 0.15546875
1 0.54296875 0.0796875 0.03671875 0.059375
1 0.6046875 0.1203125 0.04765625 0.0703125
3 0.66953125 0.071875 0.11015625 0.140625
1 0.57109375 0.19296875 0.05234375 0.08359375
1 0.5234375 0.70078125 0.128125 0.30546875
1 0.609375 0.36171875 0.0875 0.14296875
1 0.746875 0.41484375 0.12109375 0.17421875
1 0.95859375 0.2796875 0.08203125 0.13515625
1 0.7828125 0.2609375 0.096875 0.121875
1 0.140625 0.18515625 0.06640625 0.078125
1 0.2796875 0.17421875 0.05390625 0.07421875
1 0.36015625 0.13359375 0.04765625 0.07421875
1 0.9140625 0.83984375 0.171875 0.3203125
1 0.27109375 0.11171875 0.03984375 0.05
1 0.94609375 0.56953125 0.10703125 0.2390625
1 0.7375 0.8375 0.203125 0.325
1 0.25859375 0.08203125 0.0375 0.04609375