1 0.4875 0.36875 0.078125 0.15390625
1 0.521875 0.63515625 0.11328125 0.26484375
1 0.9578125 0.2796875 0.084375 0.128125
1 0.490625 0.91171875 0.15625 0.17578125
1 0.5796875 0.08671875 0.04375 0.05703125
1 0.56171875 0.14296875 0.04921875 0.07578125
1 0.04609375 0.3546875 0.090625 0.13125
1 0.63125 0.1234375 0.05859375 0.09609375
1 0.09375 0.43671875 0.11875 0.1796875
1 0.46171875 0.07890625 0.05625 0.0796875
1 0.13046875 0.19921875 0.07578125 0.09296875
1 0.14765625 0.55078125 0.14765625 0.24453125
1 0.33046875 0.3296875 0.07890625 0.15
1 0.1359375 0.1515625 0.053125 0.05
1 0.60390625 0.33359375 0.090625 0.15390625
1 0.70390625 0.28984375 0.09453125 0.12578125
1 0.34765625 0.1984375 0.053125 0.09296875
1 0.22109375 0.11328125 0.05 0.059375
1 0.29140625 0.15390625 0.046875 0.078125
1 0.9296875 0.515625 0.140625 0.240625
1 0.9359375 0.8578125 0.128125 0.284375