3 0.07265625 0.36875 0.14296875 0.14296875
1 0.1453125 0.4359375 0.078125 0.0796875
3 0.46171875 0.6140625 0.51484375 0.48359375
3 0.95078125 0.8234375 0.09765625 0.31484375
3 0.29765625 0.32421875 0.15859375 0.13515625
1 0.44765625 0.3984375 0.096875 0.0796875
1 0.5984375 0.4515625 0.128125 0.1015625
1 0.7734375 0.515625 0.159375 0.12421875
3 0.953125 0.4515625 0.09375 0.178125
1 0.71171875 0.42890625 0.128125 0.08515625
1 0.5125 0.3765625 0.09140625 0.08515625
3 0.38515625 0.30625 0.165625 0.13125
1 0.14375 0.53125 0.096875 0.11484375
1 0.2234375 0.29140625 0.05234375 0.05703125
1 0.9515625 0.58125 0.096875 0.109375