2 0.61015625 0.19609375 0.03671875 0.059375
2 0.15859375 0.3640625 0.08828125 0.16328125
1 0.63359375 0.2796875 0.040625 0.06875
1 0.3515625 0.38515625 0.059375 0.08671875
1 0.70703125 0.2734375 0.04375 0.0703125
1 0.775 0.27578125 0.05 0.06875
2 0.24609375 0.284375 0.06875 0.121875
1 0.81953125 0.23203125 0.04375 0.05703125
1 0.65546875 0.39140625 0.0625 0.10546875
1 0.396875 0.20546875 0.03359375 0.05
1 0.353125 0.2015625 0.03203125 0.04609375
1 0.9515625 0.4484375 0.096875 0.109375
1 0.91640625 0.79140625 0.13203125 0.2
1 0.46171875 0.16640625 0.02890625 0.0484375