1 0.72734375 0.38515625 0.05859375 0.0890625
1 0.63203125 0.38359375 0.0625 0.0890625
1 0.77421875 0.3453125 0.05546875 0.07421875
1 0.0515625 0.7046875 0.10078125 0.22421875
1 0.26484375 0.528125 0.11328125 0.18125
1 0.20703125 0.478125 0.09765625 0.13125
1 0.13828125 0.4546875 0.09609375 0.12421875
2 0.82734375 0.55078125 0.1125 0.190625
1 0.50390625 0.33046875 0.05859375 0.08359375
1 0.37578125 0.43203125 0.06875 0.11875
1 0.30390625 0.334375 0.06171875 0.0890625
1 0.75546875 0.84296875 0.14921875 0.25390625
1 0.40703125 0.30546875 0.04921875 0.07578125