3 0.034375 0.65 0.06640625 0.41484375
1 0.31171875 0.2484375 0.05234375 0.078125
1 0.20859375 0.6765625 0.14609375 0.24609375
1 0.27734375 0.4484375 0.090625 0.1390625
1 0.378125 0.30078125 0.05234375 0.09609375
1 0.43203125 0.49140625 0.084375 0.14609375
3 0.37890625 0.1734375 0.05859375 0.140625
1 0.44765625 0.228125 0.04453125 0.0609375
1 0.46015625 0.3015625 0.05390625 0.0796875
3 0.91484375 0.5484375 0.16953125 0.52421875
1 0.48984375 0.19375 0.03828125 0.07421875
2 0.4453125 0.15 0.03515625 0.0984375