1 0.621875 0.18515625 0.02734375 0.04296875
1 0.71953125 0.17890625 0.025 0.0390625
1 0.31171875 0.51796875 0.08125 0.13359375
1 0.68125 0.20859375 0.034375 0.059375
2 0.14453125 0.55703125 0.09609375 0.17578125
1 0.76015625 0.2390625 0.0375 0.05390625
1 0.315625 0.35625 0.053125 0.078125
1 0.72890625 0.29453125 0.04453125 0.06875
1 0.38515625 0.253125 0.0375 0.05703125
1 0.6796875 0.39453125 0.053125 0.08359375
1 0.7921875 0.4359375 0.075 0.09453125
1 0.86328125 0.371875 0.06328125 0.08515625
1 0.4609375 0.23203125 0.03671875 0.05546875
1 0.5171875 0.22890625 0.034375 0.05546875
1 0.43984375 0.18671875 0.02734375 0.04453125
1 0.91015625 0.32109375 0.05546875 0.07578125
1 0.47734375 0.2015625 0.028125 0.04296875