1 0.9734375 0.596875 0.053125 0.16484375
2 0.78046875 0.490625 0.196875 0.23125
1 0.54609375 0.4296875 0.16171875 0.1484375
2 0.38984375 0.36328125 0.11875 0.14296875
1 0.2671875 0.34140625 0.10546875 0.1015625
3 0.14765625 0.28125 0.18515625 0.16875
1 0.06171875 0.28046875 0.059375 0.0703125
1 0.02421875 0.2703125 0.046875 0.06484375
2 0.83515625 0.41171875 0.21875 0.2015625
1 0.6046875 0.365625 0.14140625 0.13125
1 0.453125 0.30859375 0.125 0.11328125
1 0.33046875 0.28515625 0.103125 0.09609375
1 0.24921875 0.26640625 0.06796875 0.07421875
1 0.159375 0.2359375 0.059375 0.0609375
1 0.15703125 0.21328125 0.06875 0.059375
1 0.9734375 0.2 0.053125 0.096875
1 0.86328125 0.19921875 0.12421875 0.090625
1 0.71796875 0.18125 0.109375 0.07578125
1 0.58515625 0.1703125 0.09375 0.07578125
3 0.434375 0.1296875 0.19296875 0.12421875
1 0.90234375 0.1734375 0.13125 0.08359375
1 0.71640625 0.15 0.09921875 0.0703125
1 0.59140625 0.13671875 0.0875 0.0609375
1 0.46640625 0.13203125 0.0625 0.05546875
1 0.30859375 0.15390625 0.06328125 0.05546875
1 0.3359375 0.13125 0.04296875 0.04453125
1 0.23984375 0.1484375 0.04765625 0.0515625
1 0.2640625 0.13125 0.04609375 0.04296875
1 0.18671875 0.14609375 0.04296875 0.040625
1 0.21796875 0.11953125 0.04296875 0.0390625