1 0.66015625 0.9 0.18671875 0.2
1 0.15390625 0.61875 0.10078125 0.17578125
1 0.46796875 0.63046875 0.12421875 0.23359375
1 0.64140625 0.32890625 0.05859375 0.05703125
1 0.5875 0.6109375 0.13671875 0.17578125
1 0.59453125 0.50859375 0.09453125 0.13125
1 0.70703125 0.3359375 0.0625 0.06328125
1 0.35234375 0.46875 0.08984375 0.15546875
1 0.56484375 0.4234375 0.08984375 0.09296875
1 0.4015625 0.4109375 0.06484375 0.09609375
1 0.72578125 0.40703125 0.08671875 0.078125
1 0.21484375 0.38203125 0.075 0.11328125
2 0.88828125 0.43203125 0.121875 0.1296875
1 0.35703125 0.34921875 0.05625 0.078125