1 0.28828125 0.3890625 0.06953125 0.1109375
3 0.05234375 0.64453125 0.10234375 0.4296875
1 0.2109375 0.63203125 0.11953125 0.190625
1 0.31171875 0.2484375 0.05234375 0.078125
1 0.37578125 0.221875 0.04375 0.06484375
1 0.56640625 0.17109375 0.03125 0.04296875
1 0.40390625 0.27890625 0.05390625 0.0796875
1 0.47578125 0.23359375 0.04296875 0.05703125
1 0.628125 0.21328125 0.04296875 0.07421875
1 0.4046875 0.1984375 0.03125 0.05546875
1 0.48515625 0.19296875 0.03515625 0.0515625
1 0.4453125 0.16328125 0.02890625 0.0484375