1 0.2859375 0.61015625 0.234375 0.19453125
1 0.84453125 0.3203125 0.11171875 0.109375
1 0.8453125 0.44375 0.146875 0.14296875
1 0.784375 0.73046875 0.21875 0.23515625
1 0.4703125 0.603125 0.221875 0.18515625
1 0.56015625 0.703125 0.23203125 0.228125
1 0.5296875 0.93046875 0.28359375 0.1390625
1 0.03984375 0.78671875 0.07734375 0.1609375
1 0.51171875 0.24140625 0.10234375 0.090625
1 0.515625 0.17421875 0.071875 0.06640625
1 0.7359375 0.20078125 0.084375 0.08125
1 0.603125 0.17421875 0.08046875 0.07421875
1 0.71953125 0.171875 0.075 0.07578125
1 0.15390625 0.946875 0.30546875 0.10546875
1 0.03828125 0.93046875 0.075 0.1390625