1 0.53203125 0.48984375 0.11015625 0.15703125
1 0.61015625 0.390625 0.07578125 0.11875
1 0.71171875 0.309375 0.07109375 0.08515625
1 0.76796875 0.26796875 0.053125 0.0609375
1 0.80703125 0.23828125 0.04765625 0.0484375
1 0.43046875 0.48046875 0.10703125 0.13515625
1 0.52265625 0.39921875 0.08515625 0.0984375
1 0.62421875 0.3046875 0.065625 0.08359375
1 0.68359375 0.271875 0.05390625 0.059375
1 0.7421875 0.246875 0.05390625 0.05703125
1 0.14375 0.7109375 0.16015625 0.23359375
3 0.40859375 0.37421875 0.23984375 0.25390625
1 0.62109375 0.26953125 0.059375 0.0609375
1 0.4671875 0.325 0.08828125 0.07421875
1 0.525 0.271875 0.06171875 0.05390625
1 0.57421875 0.24609375 0.05546875 0.05703125
1 0.61484375 0.22578125 0.05234375 0.0484375
1 0.38359375 0.36796875 0.09375 0.071875
1 0.24453125 0.375 0.10546875 0.07421875
1 0.36484375 0.325 0.08359375 0.0703125
1 0.45390625 0.29296875 0.07578125 0.06640625
2 0.50703125 0.246875 0.05859375 0.05390625
1 0.56953125 0.21953125 0.053125 0.05
1 0.51953125 0.21796875 0.05390625 0.04296875
1 0.690625 0.23984375 0.06484375 0.0609375
1 0.08828125 0.4453125 0.13828125 0.1
1 0.98125 0.7890625 0.0375 0.1203125
2 0.853125 0.6453125 0.21796875 0.1703125
1 0.28046875 0.41484375 0.11015625 0.08515625
1 0.75078125 0.2109375 0.05625 0.0484375
1 0.53671875 0.675 0.19296875 0.14453125
1 0.815625 0.2 0.06171875 0.03671875
1 0.121875 0.49296875 0.14375 0.1
1 0.4265625 0.25703125 0.06796875 0.040625
1 0.83984375 0.21640625 0.05859375 0.03671875
1 0.06171875 0.41328125 0.12109375 0.078125