0 0.59296875 0.64140625 0.29296875 0.26328125
1 0.81796875 0.11875 0.06796875 0.05
2 0.2234375 0.35078125 0.12421875 0.13359375
1 0.63671875 0.14140625 0.07421875 0.05703125
1 0.05234375 0.525 0.103125 0.14453125
3 0.16015625 0.2734375 0.31796875 0.221875
1 0.43203125 0.26640625 0.11015625 0.08125
1 0.24140625 0.44921875 0.16875 0.13515625
1 0.48515625 0.31484375 0.12890625 0.090625
1 0.43359375 0.16484375 0.08828125 0.05390625
1 0.4375 0.18359375 0.08046875 0.05703125
2 0.734375 0.228125 0.08984375 0.08671875
1 0.73125 0.28203125 0.11015625 0.078125
3 0.13515625 0.19609375 0.26796875 0.1515625
1 0.88125 0.1703125 0.075 0.05546875
1 0.91015625 0.240625 0.08359375 0.078125