1 0.61953125 0.1734375 0.02734375 0.04453125
1 0.71015625 0.16875 0.02734375 0.03671875
1 0.68671875 0.1984375 0.028125 0.04453125
1 0.64609375 0.20625 0.03046875 0.05
1 0.7515625 0.20703125 0.03671875 0.059375
1 0.6328125 0.25390625 0.03671875 0.05703125
1 0.703125 0.228125 0.03515625 0.05390625
1 0.27890625 0.6109375 0.09609375 0.1515625
1 0.6671875 0.35 0.05 0.090625
1 0.78359375 0.39921875 0.065625 0.090625
2 0.84453125 0.3359375 0.05703125 0.09453125
1 0.865625 0.2609375 0.046875 0.059375
1 0.73203125 0.55859375 0.08359375 0.13125
1 0.4 0.21484375 0.03515625 0.05546875
1 0.3484375 0.22421875 0.03203125 0.05390625
1 0.92890625 0.34140625 0.0625 0.0796875
1 0.93984375 0.69453125 0.11953125 0.171875
1 0.809375 0.86875 0.14765625 0.23515625
1 0.44140625 0.1796875 0.02734375 0.03515625
1 0.52890625 0.1734375 0.028125 0.040625
1 0.38984375 0.16953125 0.03125 0.0484375