0 0.66484375 0.2703125 0.07421875 0.10703125
1 0.47265625 0.15859375 0.03359375 0.040625
1 0.43125 0.16484375 0.03359375 0.0390625
1 0.45078125 0.14453125 0.03046875 0.03671875
1 0.49140625 0.140625 0.03125 0.0390625
1 0.4703125 0.13046875 0.03046875 0.03359375
2 0.40078125 0.159375 0.034375 0.0484375
1 0.61953125 0.13125 0.028125 0.0390625
1 0.64140625 0.1359375 0.03046875 0.0390625
3 0.68515625 0.12578125 0.09453125 0.1
1 0.56484375 0.146875 0.040625 0.0390625
2 0.36875 0.1765625 0.03203125 0.05703125
1 0.60234375 0.15390625 0.03984375 0.040625
1 0.07109375 0.2796875 0.078125 0.06875
1 0.54296875 0.19296875 0.05 0.05
1 0.47734375 0.19375 0.05625 0.0484375
1 0.21953125 0.21171875 0.06015625 0.0515625
1 0.40078125 0.2796875 0.07734375 0.06640625
1 0.32734375 0.1640625 0.046875 0.04296875
1 0.43203125 0.13515625 0.034375 0.03671875
1 0.19296875 0.44375 0.11640625 0.09453125
3 0.4015625 0.11328125 0.121875 0.08515625