1 0.68515625 0.1890625 0.03046875 0.0484375
1 0.63828125 0.20859375 0.03515625 0.0609375
2 0.7125 0.228125 0.03828125 0.06640625
1 0.76171875 0.20625 0.03359375 0.040625
1 0.78671875 0.184375 0.02890625 0.040625
1 0.65859375 0.3 0.040625 0.06484375
2 0.24609375 0.415625 0.06796875 0.13125
1 0.69375 0.4390625 0.06640625 0.11328125
1 0.81953125 0.28203125 0.04765625 0.0609375
1 0.49296875 0.28046875 0.04375 0.0703125
2 0.45234375 0.20859375 0.03828125 0.08515625
1 0.87734375 0.503125 0.09140625 0.11484375
1 0.80859375 0.6984375 0.10078125 0.18125
1 0.92890625 0.3234375 0.059375 0.06875
1 0.41640625 0.19921875 0.02890625 0.04296875