1 0.0796875 0.74140625 0.15703125 0.20546875
1 0.81875 0.2515625 0.04140625 0.0609375
1 0.2609375 0.4046875 0.1 0.1015625
1 0.34765625 0.38984375 0.109375 0.128125
1 0.8578125 0.403125 0.06171875 0.10390625
1 0.48515625 0.3546875 0.08046875 0.0890625
1 0.5734375 0.49921875 0.10078125 0.12578125
1 0.63828125 0.596875 0.11796875 0.1609375
1 0.971875 0.54609375 0.05625 0.1484375
1 0.4140625 0.26015625 0.06171875 0.07578125
1 0.475 0.2765625 0.06796875 0.06640625
1 0.73671875 0.8546875 0.15078125 0.290625