1 0.915625 0.846875 0.16875 0.26875
1 0.415625 0.35546875 0.1 0.11875
1 0.3078125 0.0640625 0.0375 0.040625
1 0.2078125 0.06484375 0.03125 0.040625
1 0.371875 0.06953125 0.03515625 0.040625
1 0.215625 0.26640625 0.07109375 0.1015625
1 0.4484375 0.0890625 0.03984375 0.03515625
2 0.46640625 0.1234375 0.05 0.06640625
1 0.08515625 0.1203125 0.03671875 0.06640625
1 0.1453125 0.10703125 0.03828125 0.0484375
1 0.5578125 0.209375 0.06640625 0.06875
1 0.59375 0.2765625 0.096875 0.08515625
2 0.66875 0.171875 0.09140625 0.0890625
1 0.0375 0.428125 0.07265625 0.12578125
1 0.015625 0.115625 0.02890625 0.0484375
1 0.75390625 0.29296875 0.128125 0.1296875
2 0.92734375 0.30078125 0.1125 0.11875
1 0.046875 0.08125 0.02734375 0.03359375