1 0.853125 0.73515625 0.21171875 0.2609375
2 0.35234375 0.60703125 0.13828125 0.27421875
1 0.38828125 0.11953125 0.04453125 0.05
1 0.08203125 0.4296875 0.07109375 0.1296875
1 0.54296875 0.115625 0.05390625 0.0609375
1 0.27734375 0.3296875 0.07421875 0.1015625
1 0.53046875 0.2234375 0.07421875 0.071875
2 0.03125 0.2640625 0.06015625 0.1109375
1 0.18984375 0.21953125 0.05546875 0.08359375
1 0.665625 0.18984375 0.08046875 0.07578125
1 0.66640625 0.24296875 0.09453125 0.0890625
1 0.80390625 0.2046875 0.09375 0.071875
1 0.25546875 0.184375 0.05078125 0.0703125
1 0.10234375 0.2 0.04296875 0.06875
1 0.82734375 0.25546875 0.10234375 0.08671875
1 0.165625 0.16875 0.04140625 0.0609375
1 0.84921875 0.3765625 0.13671875 0.1109375
1 0.86796875 0.315625 0.12421875 0.09609375