1 0.4859375 0.3734375 0.07890625 0.15546875
1 0.5359375 0.07890625 0.03046875 0.05390625
1 0.521875 0.66328125 0.11953125 0.28515625
1 0.55078125 0.1453125 0.05078125 0.078125
1 0.67734375 0.2390625 0.07421875 0.11328125
1 0.9578125 0.28046875 0.084375 0.1390625
1 0.66640625 0.10390625 0.05078125 0.071875
1 0.259375 0.38125 0.10390625 0.16640625
1 0.759375 0.43359375 0.128125 0.1796875
1 0.175 0.25546875 0.08046875 0.10703125
1 0.81953125 0.29609375 0.10234375 0.1390625
1 0.59921875 0.3390625 0.084375 0.140625
1 0.21953125 0.1390625 0.05390625 0.071875
1 0.28984375 0.20625 0.059375 0.09609375
1 0.28828125 0.11640625 0.03828125 0.06640625
1 0.36640625 0.1203125 0.04296875 0.06640625
1 0.70546875 0.77421875 0.178125 0.35546875
1 0.9125 0.83125 0.175 0.334375
1 0.48828125 0.9796875 0.140625 0.040625