1 0.63515625 0.384375 0.07578125 0.14453125
1 0.73671875 0.67421875 0.16328125 0.25703125
1 0.77109375 0.06796875 0.0375 0.0484375
1 0.725 0.2703125 0.071875 0.109375
1 0.61796875 0.17421875 0.04765625 0.0796875
1 0.80703125 0.0890625 0.04296875 0.05703125
1 0.71015625 0.05390625 0.02890625 0.05
1 0.80390625 0.04296875 0.034375 0.04609375
1 0.60234375 0.11640625 0.03828125 0.0609375
1 0.6828125 0.14453125 0.04296875 0.06875
1 0.75078125 0.10703125 0.04296875 0.059375
1 0.89140625 0.11875 0.04921875 0.05703125
1 0.89375 0.18125 0.06328125 0.07578125
2 0.59765625 0.075 0.02578125 0.05390625
1 0.9296875 0.24609375 0.06640625 0.09296875
1 0.5953125 0.04609375 0.02109375 0.03359375
3 0.5203125 0.19921875 0.090625 0.2109375