1 0.36328125 0.565625 0.121875 0.19609375
1 0.56328125 0.70546875 0.14296875 0.2109375
1 0.65390625 0.59609375 0.13125 0.20546875
1 0.7203125 0.35 0.06953125 0.06328125
1 0.440625 0.43984375 0.071875 0.1109375
1 0.6125 0.47109375 0.10078125 0.11328125
1 0.18125 0.3890625 0.05546875 0.09296875
1 0.34453125 0.39296875 0.059375 0.09609375
1 0.82890625 0.47578125 0.12109375 0.10390625
1 0.52265625 0.37890625 0.07109375 0.08359375
1 0.4125 0.3484375 0.06328125 0.09609375
3 0.9625 0.39453125 0.075 0.2453125