1 0.41171875 0.4984375 0.04765625 0.06640625
1 0.46171875 0.49296875 0.05078125 0.06875
1 0.35546875 0.55390625 0.05 0.07421875
1 0.4296875 0.6140625 0.06953125 0.09453125
3 0.490625 0.60703125 0.12890625 0.25
3 0.55390625 0.51484375 0.08984375 0.19453125
1 0.671875 0.6296875 0.06953125 0.11328125
1 0.6 0.4890625 0.03828125 0.059375
1 0.6234375 0.46875 0.03828125 0.05546875
1 0.43046875 0.471875 0.07421875 0.05
1 0.66328125 0.4890625 0.04453125 0.06640625
1 0.61484375 0.43984375 0.0375 0.0515625