0 0.59296875 0.64609375 0.29375 0.2515625
1 0.7953125 0.14609375 0.06796875 0.05546875
1 0.82578125 0.134375 0.06328125 0.05703125
3 0.28828125 0.259375 0.39921875 0.18515625
3 0.10234375 0.37578125 0.203125 0.26484375
1 0.76484375 0.14296875 0.07265625 0.05390625
1 0.71640625 0.16953125 0.06953125 0.0609375
1 0.65546875 0.1609375 0.078125 0.059375
1 0.5609375 0.17421875 0.06953125 0.05390625
1 0.54296875 0.19453125 0.08984375 0.06875
1 0.57109375 0.16015625 0.07109375 0.059375
1 0.38984375 0.17109375 0.07578125 0.04453125
1 0.40390625 0.1984375 0.078125 0.0703125
1 0.17578125 0.51015625 0.16328125 0.13359375
1 0.86328125 0.12890625 0.06484375 0.0484375
1 0.21875 0.4140625 0.10546875 0.10390625
1 0.4125 0.2109375 0.06015625 0.0703125
1 0.2625 0.20546875 0.08984375 0.0703125
1 0.46484375 0.4265625 0.15859375 0.1203125
1 0.20546875 0.19140625 0.0875 0.06640625
3 0.71171875 0.18828125 0.28828125 0.1515625