1 0.29296875 0.88125 0.175 0.23671875
1 0.59609375 0.43359375 0.09609375 0.1296875
1 0.7 0.32578125 0.06015625 0.07421875
1 0.78359375 0.25859375 0.05390625 0.0609375
1 0.28515625 0.65546875 0.14140625 0.21640625
1 0.59296875 0.35 0.06953125 0.0796875
1 0.67734375 0.28828125 0.0625 0.071875
1 0.309375 0.49609375 0.11171875 0.121875
1 0.4609375 0.31875 0.07421875 0.0703125
1 0.51953125 0.28046875 0.06796875 0.0609375
1 0.575 0.25390625 0.05625 0.05546875
1 0.615625 0.23125 0.05 0.05
1 0.38046875 0.359375 0.090625 0.0796875
1 0.24609375 0.38203125 0.10546875 0.07421875
1 0.3609375 0.33359375 0.08046875 0.0703125
1 0.4453125 0.29609375 0.06875 0.0609375
2 0.50546875 0.2546875 0.06328125 0.059375
1 0.56640625 0.22421875 0.05234375 0.0484375
1 0.51953125 0.2203125 0.05078125 0.04609375
1 0.509375 0.3453125 0.08515625 0.08515625
1 0.08671875 0.45078125 0.13984375 0.10390625
1 0.2828125 0.4234375 0.11015625 0.08515625
1 0.64765625 0.25546875 0.059375 0.0703125
1 0.79765625 0.675 0.18828125 0.14453125
1 0.759375 0.21796875 0.06015625 0.0484375
1 0.1265625 0.49609375 0.14609375 0.1015625
1 0.459375 0.25390625 0.06484375 0.05390625
1 0.80234375 0.23203125 0.05234375 0.04609375
1 0.371875 0.29609375 0.08203125 0.05546875