1 0.38359375 0.91796875 0.1296875 0.1640625
1 0.18828125 0.9640625 0.11640625 0.071875
1 0.28515625 0.709375 0.1 0.1609375
1 0.05078125 0.92734375 0.1015625 0.1453125
1 0.18359375 0.66015625 0.10078125 0.1390625
1 0.29453125 0.440625 0.046875 0.08515625
3 0.36015625 0.43046875 0.11640625 0.221875
3 0.03515625 0.71953125 0.06796875 0.2984375
3 0.2171875 0.38515625 0.1625 0.25
3 0.40078125 0.31796875 0.07265625 0.1484375
0 0.4546875 0.2484375 0.04140625 0.1
1 0.34140625 0.31484375 0.04140625 0.05703125
1 0.44296875 0.228125 0.02578125 0.040625