1 0.9125 0.70390625 0.175 0.2203125
1 0.70625 0.51875 0.08203125 0.15546875
0 0.66171875 0.2609375 0.071875 0.10703125
1 0.72734375 0.36953125 0.07109375 0.11640625
1 0.47109375 0.15078125 0.03125 0.0390625
1 0.42890625 0.159375 0.034375 0.0390625
1 0.45 0.1390625 0.02890625 0.03515625
1 0.49140625 0.13359375 0.028125 0.03515625
1 0.54453125 0.153125 0.040625 0.04296875
2 0.61015625 0.15859375 0.046875 0.05703125
1 0.47109375 0.125 0.02734375 0.03359375
1 0.03046875 0.2984375 0.05859375 0.05703125
1 0.56640625 0.16328125 0.04296875 0.04453125
1 0.46875 0.19609375 0.05546875 0.0515625
1 0.4046875 0.37578125 0.10546875 0.11328125
1 0.36953125 0.278125 0.08515625 0.0796875
1 0.13203125 0.2609375 0.08203125 0.07578125
1 0.08515625 0.24609375 0.06015625 0.05546875
1 0.2890625 0.16328125 0.046875 0.04453125
2 0.37421875 0.15 0.03828125 0.04453125
1 0.26796875 0.30546875 0.08203125 0.07578125
1 0.209375 0.39453125 0.115625 0.109375
1 0.39453125 0.13125 0.03671875 0.03359375