1 0.63828125 0.1265625 0.03515625 0.059375
1 0.684375 0.1484375 0.034375 0.05390625
1 0.6703125 0.19375 0.04375 0.071875
1 0.7140625 0.26328125 0.0625 0.08515625
1 0.640625 0.35390625 0.06953125 0.11484375
1 0.83671875 0.35 0.08359375 0.11640625
1 0.85234375 0.5890625 0.14765625 0.22421875
1 0.32734375 0.23046875 0.05234375 0.071875
2 0.4625 0.6703125 0.109375 0.27421875
1 0.371875 0.4234375 0.08671875 0.13515625
1 0.3984375 0.2109375 0.04609375 0.071875
1 0.4125 0.2734375 0.0625 0.090625
2 0.46015625 0.14140625 0.03203125 0.071875
1 0.51796875 0.12421875 0.03125 0.05
1 0.44375 0.10703125 0.025 0.04453125