1 0.62734375 0.1 0.02890625 0.05
1 0.67578125 0.1015625 0.03203125 0.0484375
1 0.65 0.14375 0.034375 0.05703125
1 0.67734375 0.19140625 0.04765625 0.0703125
1 0.60546875 0.20546875 0.04453125 0.07421875
1 0.75859375 0.21328125 0.05390625 0.078125
1 0.71875 0.31171875 0.075 0.12421875
1 0.6578125 0.43359375 0.09921875 0.16640625
1 0.8703125 0.45078125 0.10703125 0.15390625
1 0.75703125 0.88359375 0.18203125 0.20703125
1 0.32734375 0.22421875 0.05234375 0.071875
1 0.34453125 0.303125 0.065625 0.09609375
1 0.26953125 0.515625 0.125 0.16328125
2 0.4375 0.19453125 0.04375 0.09609375
1 0.5078125 0.209375 0.04140625 0.071875
1 0.42421875 0.1390625 0.03359375 0.05390625
1 0.52265625 0.134375 0.03203125 0.05390625
1 0.46796875 0.10703125 0.028125 0.04609375
1 0.52109375 0.0890625 0.02578125 0.040625