1 0.47265625 0.21328125 0.05546875 0.08125
1 0.66328125 0.45859375 0.09296875 0.17578125
1 0.58828125 0.15078125 0.04140625 0.071875
1 0.38828125 0.75703125 0.16796875 0.31484375
2 0.54765625 0.225 0.05 0.12421875
1 0.72734375 0.10546875 0.04140625 0.06328125
1 0.65390625 0.16171875 0.04453125 0.078125
1 0.825 0.1453125 0.05234375 0.07421875
1 0.78828125 0.2265625 0.06171875 0.09453125
1 0.57734375 0.10703125 0.04140625 0.06875
1 0.63828125 0.09609375 0.03984375 0.05703125
1 0.90546875 0.29140625 0.08671875 0.11484375
3 0.48984375 0.11484375 0.12734375 0.16484375