1 0.91875 0.7 0.1625 0.19453125
1 0.7484375 0.56328125 0.121875 0.19609375
1 0.69765625 0.42890625 0.075 0.121875
0 0.66328125 0.25703125 0.071875 0.10703125
1 0.74609375 0.328125 0.06328125 0.10546875
1 0.47265625 0.146875 0.03359375 0.04296875
3 0.6453125 0.128125 0.096875 0.11640625
1 0.60390625 0.1390625 0.03203125 0.03515625
1 0.42890625 0.1546875 0.034375 0.0390625
1 0.546875 0.17421875 0.05078125 0.0515625
1 0.05234375 0.30703125 0.10234375 0.07578125
1 0.10859375 0.25078125 0.06796875 0.0609375
1 0.4734375 0.18828125 0.05390625 0.04609375
1 0.45234375 0.1359375 0.03203125 0.0390625
1 0.32578125 0.16484375 0.04921875 0.04609375
3 0.2046875 0.50078125 0.371875 0.50546875
1 0.24609375 0.3453125 0.103125 0.10390625
1 0.4953125 0.12578125 0.03046875 0.0390625
1 0.40625 0.13046875 0.0375 0.03671875
1 0.03203125 0.51875 0.0625 0.128125