1 0.165625 0.9125 0.2875 0.175
1 0.5953125 0.90703125 0.29765625 0.18515625
1 0.8984375 0.9109375 0.203125 0.178125
0 0.5953125 0.659375 0.29375 0.2609375
1 0.2703125 0.22578125 0.07734375 0.05703125
1 0.40234375 0.24921875 0.09296875 0.0703125
0 0.62578125 0.24921875 0.13984375 0.1015625
1 0.43125 0.21640625 0.08125 0.0703125
1 0.29609375 0.19609375 0.07421875 0.0484375
1 0.58359375 0.19375 0.08046875 0.059375
1 0.690625 0.21640625 0.10078125 0.08515625
2 0.8359375 0.2515625 0.13828125 0.1484375
1 0.96953125 0.278125 0.06015625 0.0609375
1 0.971875 0.3234375 0.05625 0.065625
1 0.31171875 0.2734375 0.08671875 0.06640625
1 0.690625 0.31796875 0.12421875 0.0984375
1 0.9703125 0.44765625 0.059375 0.0859375