0 0.66640625 0.275 0.07421875 0.10546875
1 0.47265625 0.16171875 0.034375 0.040625
1 0.4328125 0.16796875 0.03359375 0.03671875
1 0.4515625 0.146875 0.03046875 0.03671875
1 0.49140625 0.1453125 0.03203125 0.040625
1 0.4703125 0.134375 0.03203125 0.03359375
2 0.3984375 0.16328125 0.03515625 0.05
2 0.37265625 0.1796875 0.03125 0.05390625
1 0.4234375 0.1484375 0.034375 0.03671875
1 0.59609375 0.13125 0.034375 0.03359375
1 0.55546875 0.1734375 0.04140625 0.03671875
3 0.6 0.21171875 0.15546875 0.17578125
3 0.09609375 0.24921875 0.190625 0.1609375
3 0.47890625 0.17421875 0.11171875 0.1109375
1 0.50859375 0.21015625 0.04609375 0.05
1 0.27734375 0.3203125 0.08671875 0.06640625
1 0.38125 0.14609375 0.04140625 0.03125
1 0.38671875 0.13359375 0.0375 0.0296875
1 0.45390625 0.12109375 0.02890625 0.0296875