1 0.0734375 0.90625 0.14453125 0.18671875
1 0.03515625 0.7546875 0.06875 0.1890625
1 0.6109375 0.2 0.03125 0.05
1 0.3265625 0.49609375 0.084375 0.12421875
1 0.465625 0.40078125 0.0625 0.09453125
1 0.38984375 0.3359375 0.05546875 0.08671875
1 0.6390625 0.2859375 0.04453125 0.0703125
1 0.284375 0.3453125 0.06640625 0.0984375
1 0.48046875 0.26953125 0.03828125 0.06484375
1 0.82734375 0.33203125 0.05859375 0.078125
1 0.44765625 0.21328125 0.03203125 0.0515625
1 0.89921875 0.3 0.06015625 0.0796875
1 0.90546875 0.70546875 0.11875 0.17421875
1 0.36640625 0.18828125 0.03125 0.0515625