1 0.48671875 0.3703125 0.08203125 0.15
1 0.58203125 0.07421875 0.03828125 0.0609375
1 0.55078125 0.13203125 0.04140625 0.06640625
1 0.521875 0.68046875 0.121875 0.3
1 0.57734375 0.23984375 0.06796875 0.109375
1 0.71015625 0.3234375 0.096875 0.13125
1 0.9578125 0.2765625 0.084375 0.128125
1 0.721875 0.17421875 0.07109375 0.09296875
1 0.0375 0.29453125 0.07265625 0.109375
1 0.19296875 0.31171875 0.090625 0.12578125
1 0.32890625 0.20390625 0.0625 0.09609375
1 0.84375 0.625 0.18515625 0.2796875
1 0.24296875 0.159375 0.04921875 0.078125
1 0.89609375 0.41796875 0.146875 0.17578125
1 0.65078125 0.54296875 0.12890625 0.2203125
1 0.24375 0.10390625 0.03984375 0.0515625
1 0.33046875 0.115625 0.03828125 0.0609375
1 0.30078125 0.08359375 0.03125 0.05