1 0.55390625 0.45703125 0.10078125 0.1515625
1 0.62421875 0.3609375 0.07265625 0.1109375
1 0.71875 0.29296875 0.06875 0.0890625
1 0.76953125 0.25859375 0.04921875 0.06640625
1 0.81953125 0.2203125 0.04921875 0.05390625
1 0.47734375 0.42421875 0.096875 0.1
1 0.55390625 0.35859375 0.07734375 0.0890625
1 0.621875 0.29296875 0.06484375 0.08125
1 0.684375 0.26328125 0.05546875 0.06328125
1 0.7390625 0.2359375 0.05078125 0.05703125
1 0.35 0.4453125 0.11640625 0.0890625
3 0.48203125 0.30859375 0.19765625 0.209375
1 0.6296875 0.2546875 0.05625 0.06875
1 0.19453125 0.44453125 0.12734375 0.09609375
1 0.4875 0.2765625 0.075 0.06875
1 0.56640625 0.23203125 0.06953125 0.05703125
1 0.61640625 0.2109375 0.04453125 0.04609375
1 0.1109375 0.4390625 0.121875 0.078125
1 0.24609375 0.36328125 0.1 0.0796875
1 0.35390625 0.31484375 0.06875 0.0703125
1 0.4390625 0.27890625 0.0625 0.06875
2 0.50078125 0.234375 0.05546875 0.0609375
1 0.5625 0.20859375 0.05078125 0.05390625
1 0.18046875 0.35078125 0.09453125 0.07578125
1 0.01796875 0.6953125 0.034375 0.1
1 0.15078125 0.8734375 0.24140625 0.18125
2 0.49921875 0.70703125 0.21328125 0.16640625
1 0.80546875 0.8265625 0.2125 0.18515625
1 0.946875 0.65390625 0.10625 0.1609375