1 0.27890625 0.04375 0.034375 0.03125
2 0.91640625 0.73671875 0.16640625 0.3484375
1 0.62421875 0.690625 0.1875 0.24296875
2 0.21640625 0.58515625 0.15703125 0.309375
1 0.39453125 0.29609375 0.09921875 0.121875
1 0.34140625 0.0484375 0.03203125 0.03671875
1 0.24296875 0.0765625 0.03515625 0.03515625
1 0.21875 0.25625 0.07109375 0.1015625
1 0.44765625 0.10625 0.04765625 0.0515625
1 0.3859375 0.11015625 0.04765625 0.0515625
1 0.37265625 0.1390625 0.04921875 0.05
1 0.11015625 0.13125 0.040625 0.05703125
1 0.76171875 0.23125 0.09765625 0.08671875
1 0.9234375 0.375 0.153125 0.125
3 0.96953125 0.21875 0.06015625 0.18671875
2 0.09765625 0.0546875 0.03125 0.040625