1 0.9078125 0.39140625 0.15078125 0.140625
1 0.70078125 0.321875 0.11015625 0.1015625
1 0.5234375 0.26796875 0.075 0.071875
1 0.39453125 0.21484375 0.05625 0.059375
1 0.78359375 0.91640625 0.23125 0.16640625
1 0.353125 0.5453125 0.11796875 0.17421875
1 0.1484375 0.31328125 0.04765625 0.06875
2 0.79296875 0.75390625 0.27109375 0.321875
1 0.56171875 0.59140625 0.15546875 0.17578125
3 0.36953125 0.3140625 0.18125 0.209375
1 0.91640625 0.5734375 0.16640625 0.221875
1 0.3890625 0.44453125 0.11328125 0.11484375
1 0.259375 0.3453125 0.05625 0.08671875
2 0.65390625 0.5015625 0.13046875 0.18125
1 0.89140625 0.68671875 0.21640625 0.21640625
1 0.7125 0.46484375 0.140625 0.13671875
1 0.5015625 0.35 0.0875 0.09453125
1 0.22421875 0.25625 0.046875 0.0703125