2 0.63671875 0.18515625 0.02421875 0.06328125
2 0.18671875 0.50703125 0.08828125 0.16640625
1 0.08125 0.834375 0.16015625 0.24609375
1 0.29921875 0.5109375 0.08671875 0.12578125
1 0.440625 0.446875 0.07421875 0.13671875
2 0.1875 0.34296875 0.07265625 0.12421875
1 0.65390625 0.30859375 0.05 0.0703125
1 0.4953125 0.2984375 0.03984375 0.06640625
1 0.40546875 0.29609375 0.05 0.059375
1 0.85078125 0.34375 0.05703125 0.08671875
1 0.84609375 0.540625 0.09453125 0.13359375
0 0.934375 0.2859375 0.075 0.1109375
1 0.471875 0.17578125 0.03203125 0.0484375
1 0.77890625 0.8203125 0.125 0.2109375