0 0.5921875 0.64140625 0.29375 0.26328125
1 0.87265625 0.1140625 0.059375 0.0484375
2 0.07734375 0.41484375 0.15234375 0.15
1 0.7125 0.13359375 0.07109375 0.05546875
3 0.09453125 0.30390625 0.1875 0.209375
1 0.31640625 0.30546875 0.11875 0.0890625
1 0.10703125 0.50703125 0.18671875 0.1484375
1 0.36328125 0.36484375 0.14140625 0.10703125
1 0.515625 0.153125 0.08828125 0.05
1 0.51875 0.175 0.07734375 0.0609375
2 0.628125 0.2453125 0.09375 0.08515625
1 0.61484375 0.30703125 0.12109375 0.08359375
3 0.19921875 0.18046875 0.33515625 0.14296875
1 0.8171875 0.17890625 0.08046875 0.05390625
1 0.7984375 0.259375 0.084375 0.08515625
2 0.89296875 0.21015625 0.08828125 0.08359375
1 0.33046875 0.165625 0.09453125 0.06484375
1 0.92734375 0.15859375 0.07109375 0.05703125
1 0.9796875 0.23203125 0.040625 0.07421875