1 0.27734375 0.89609375 0.15234375 0.20703125
1 0.17734375 0.70546875 0.1375 0.2390625
1 0.76484375 0.1953125 0.03359375 0.0515625
1 0.70234375 0.19609375 0.03359375 0.05
1 0.20234375 0.50546875 0.09140625 0.13671875
1 0.3953125 0.51796875 0.08828125 0.178125
1 0.81484375 0.26796875 0.05234375 0.06875
2 0.80859375 0.16953125 0.03203125 0.05
1 0.353125 0.265625 0.04921875 0.0796875
1 0.6796875 0.38203125 0.05546875 0.1015625
2 0.83515625 0.465625 0.10234375 0.18671875
1 0.91875 0.28671875 0.06171875 0.078125
1 0.953125 0.43515625 0.09375 0.13125
2 0.36953125 0.20859375 0.04375 0.06640625
1 0.8234375 0.90078125 0.15546875 0.16875