1 0.6296875 0.184375 0.02578125 0.0390625
2 0.69375 0.1953125 0.02734375 0.059375
1 0.13515625 0.575 0.09765625 0.14296875
1 0.653125 0.24921875 0.040625 0.06640625
1 0.7796875 0.18671875 0.03125 0.04453125
2 0.42578125 0.4859375 0.06484375 0.15703125
1 0.3546875 0.42421875 0.06484375 0.090625
1 0.7375 0.28203125 0.04375 0.071875
1 0.65859375 0.334375 0.053125 0.078125
1 0.8 0.275 0.04453125 0.0703125
2 0.4234375 0.26875 0.03984375 0.08125
1 0.7015625 0.48359375 0.06640625 0.10546875
1 0.81328125 0.4703125 0.08671875 0.13671875
2 0.90859375 0.4140625 0.07109375 0.121875
2 0.51953125 0.19921875 0.02734375 0.06328125
2 0.37578125 0.18515625 0.028125 0.05
1 0.959375 0.33984375 0.08125 0.0765625