1 0.940625 0.4 0.11875 0.14609375
1 0.73359375 0.32578125 0.109375 0.090625
1 0.5953125 0.2703125 0.08828125 0.08359375
2 0.49609375 0.234375 0.07265625 0.0796875
2 0.76640625 0.9 0.271875 0.2
1 0.41796875 0.2140625 0.05703125 0.05546875
1 0.35703125 0.19453125 0.04609375 0.04609375
1 0.67734375 0.35390625 0.115625 0.1015625
2 0.80859375 0.7484375 0.271875 0.328125
1 0.575 0.58203125 0.15859375 0.1703125
3 0.38203125 0.309375 0.18125 0.20703125
1 0.92265625 0.54609375 0.15390625 0.19609375
1 0.63046875 0.50625 0.165625 0.1484375
1 0.41796875 0.46484375 0.11484375 0.128125
2 0.81328125 0.56796875 0.175 0.20390625
1 0.9546875 0.72578125 0.090625 0.16875
1 0.75546875 0.4609375 0.153125 0.13125
1 0.60546875 0.3859375 0.11875 0.109375
1 0.28203125 0.34296875 0.06953125 0.1
1 0.34453125 0.4 0.078125 0.1
1 0.478125 0.31796875 0.07265625 0.10390625
1 0.28359375 0.28203125 0.0375 0.059375
1 0.24296875 0.259375 0.04375 0.059375