1 0.80625 0.1890625 0.03203125 0.05546875
1 0.7203125 0.12578125 0.025 0.0390625
1 0.76953125 0.20859375 0.046875 0.059375
1 0.62578125 0.59921875 0.10078125 0.18515625
1 0.58046875 0.409375 0.07265625 0.12421875
1 0.540625 0.3203125 0.05 0.090625
1 0.59296875 0.240625 0.03984375 0.071875
1 0.5828125 0.2015625 0.03515625 0.059375
1 0.95078125 0.3046875 0.06015625 0.08671875
1 0.58828125 0.13984375 0.028125 0.0484375
3 0.7859375 0.1234375 0.06796875 0.10546875
3 0.89609375 0.17578125 0.11875 0.18671875