1 0.29453125 0.55859375 0.09140625 0.08125
3 0.09453125 0.5734375 0.1875 0.1703125
3 0.15703125 0.71484375 0.31171875 0.26875
1 0.23359375 0.609375 0.06875 0.071875
1 0.08359375 0.84296875 0.16484375 0.1515625
1 0.22734375 0.7796875 0.134375 0.12578125
1 0.15625 0.97265625 0.171875 0.0546875
1 0.45546875 0.68984375 0.10859375 0.1015625
1 0.21484375 0.90859375 0.18828125 0.1609375
1 0.52578125 0.625 0.09375 0.09296875
1 0.5953125 0.56640625 0.096875 0.07578125
1 0.86015625 0.83984375 0.1375 0.14609375
1 0.9 0.534375 0.06484375 0.05703125