1 0.5203125 0.35078125 0.06796875 0.0890625
1 0.75546875 0.4515625 0.07109375 0.10703125
2 0.11171875 0.4890625 0.11875 0.2109375
1 0.81484375 0.3796875 0.06484375 0.08671875
1 0.64296875 0.3859375 0.05703125 0.0890625
1 0.26015625 0.75703125 0.15078125 0.28671875
1 0.26953125 0.4546875 0.08359375 0.121875
1 0.22890625 0.33984375 0.06953125 0.11875
1 0.90390625 0.52578125 0.10078125 0.12421875
1 0.86953125 0.68671875 0.13984375 0.19296875
1 0.325 0.3390625 0.05390625 0.08515625
1 0.74921875 0.9078125 0.1578125 0.184375
3 0.4140625 0.26640625 0.06796875 0.178125