1 0.64453125 0.3609375 0.12734375 0.12421875
1 0.08671875 0.728125 0.17109375 0.24296875
1 0.08984375 0.36484375 0.13984375 0.10546875
1 0.82265625 0.2359375 0.05625 0.0890625
1 0.30234375 0.284375 0.12265625 0.1
1 0.40078125 0.23203125 0.07734375 0.0890625
1 0.04375 0.44296875 0.08515625 0.1
1 0.0609375 0.55078125 0.11953125 0.1296875
1 0.9046875 0.34921875 0.11484375 0.11484375
1 0.94296875 0.45546875 0.11328125 0.18671875
1 0.68203125 0.434375 0.16640625 0.14609375
1 0.69140625 0.55625 0.18203125 0.178125
1 0.4984375 0.24375 0.103125 0.0890625
1 0.60390625 0.22578125 0.1 0.09296875
1 0.25546875 0.7640625 0.29609375 0.2609375
1 0.65078125 0.825 0.24921875 0.28671875
1 0.7609375 0.18828125 0.08984375 0.0890625
1 0.68203125 0.16328125 0.07421875 0.07578125