1 0.48984375 0.11875 0.034375 0.04609375
1 0.6640625 0.734375 0.15078125 0.30546875
1 0.52578125 0.44921875 0.07890625 0.16875
1 0.6734375 0.05 0.02421875 0.040625
2 0.75390625 0.36796875 0.10234375 0.21875
1 0.65859375 0.06171875 0.02890625 0.04296875
1 0.72734375 0.06953125 0.02890625 0.040625
1 0.59765625 0.16171875 0.03984375 0.059375
1 0.71953125 0.115625 0.03828125 0.0484375
1 0.79140625 0.1453125 0.04921875 0.06484375
1 0.5296875 0.16796875 0.05078125 0.07421875
1 0.5640625 0.0609375 0.01953125 0.04296875
1 0.8953125 0.37109375 0.08828125 0.10546875
1 0.9578125 0.290625 0.084375 0.11484375