0 0.59296875 0.64609375 0.29375 0.2515625
1 0.79375 0.13984375 0.04609375 0.04453125
1 0.76484375 0.15 0.04921875 0.0484375
1 0.72109375 0.15546875 0.05546875 0.059375
1 0.7140625 0.140625 0.0625 0.059375
1 0.58984375 0.17421875 0.06875 0.0515625
2 0.18046875 0.36015625 0.14453125 0.140625
1 0.18828125 0.43125 0.14453125 0.11875
1 0.61484375 0.14609375 0.07109375 0.06328125
3 0.80234375 0.16328125 0.25859375 0.1390625
3 0.51640625 0.23515625 0.28203125 0.1890625
1 0.48203125 0.15859375 0.07890625 0.04609375
1 0.490625 0.19140625 0.08515625 0.0703125
1 0.41640625 0.36875 0.12734375 0.1109375
1 0.453125 0.18203125 0.06484375 0.05390625
1 0.225 0.49453125 0.178125 0.1484375
1 0.3140625 0.20546875 0.08984375 0.05546875
1 0.33515625 0.23203125 0.10234375 0.06875
1 0.36484375 0.1765625 0.08203125 0.0484375
1 0.596875 0.365625 0.13671875 0.10703125
1 0.228125 0.190625 0.08671875 0.05
1 0.17265625 0.21640625 0.09375 0.06640625
1 0.78671875 0.3015625 0.109375 0.0796875
1 0.47265625 0.1390625 0.08125 0.0484375
1 0.8625 0.234375 0.075 0.078125
1 0.13203125 0.27890625 0.084375 0.0796875
1 0.0484375 0.22578125 0.09453125 0.059375