1 0.36484375 0.334375 0.08984375 0.07421875
1 0.54296875 0.29453125 0.06796875 0.0609375
1 0.45078125 0.3 0.07109375 0.06328125
1 0.6453125 0.23125 0.04140625 0.0484375
1 0.528125 0.25859375 0.05 0.05546875
1 0.50078125 0.2484375 0.05078125 0.0515625
1 0.57578125 0.24140625 0.04453125 0.05390625
1 0.54453125 0.2234375 0.04453125 0.0484375
1 0.61484375 0.2140625 0.040625 0.0484375
1 0.2140625 0.41484375 0.11171875 0.08515625
1 0.39765625 0.37890625 0.09140625 0.0796875
1 0.6359375 0.390625 0.078125 0.09609375
1 0.0453125 0.49921875 0.08828125 0.08671875
1 0.79453125 0.25546875 0.053125 0.059375
1 0.86796875 0.228125 0.05078125 0.0515625