1 0.696875 0.06015625 0.021875 0.03515625
1 0.7109375 0.06796875 0.021875 0.03125
1 0.86015625 0.66015625 0.146875 0.23359375
1 0.55 0.17578125 0.04453125 0.06875
1 0.6375 0.9421875 0.146875 0.115625
1 0.73671875 0.07890625 0.02734375 0.040625
1 0.76171875 0.075 0.02421875 0.0296875
1 0.76328125 0.06171875 0.01875 0.028125
1 0.81640625 0.046875 0.025 0.03359375
1 0.784375 0.09296875 0.03125 0.04609375
1 0.78515625 0.1484375 0.04375 0.06328125
1 0.7609375 0.11484375 0.034375 0.04609375
1 0.58515625 0.14453125 0.0375 0.05703125
1 0.56640625 0.07890625 0.021875 0.03671875
1 0.61484375 0.0859375 0.02421875 0.04296875
1 0.78984375 0.2203125 0.05625 0.08671875
1 0.87265625 0.20703125 0.059375 0.07421875
1 0.5921875 0.05390625 0.02265625 0.03671875
1 0.94140625 0.27421875 0.08125 0.1015625
2 0.953125 0.42265625 0.09375 0.1703125