1 0.68203125 0.18828125 0.02734375 0.04296875
1 0.64609375 0.2 0.02890625 0.0484375
1 0.74453125 0.1984375 0.034375 0.05546875
1 0.63125 0.23984375 0.03671875 0.059375
1 0.696875 0.2140625 0.03125 0.05
1 0.23046875 0.71171875 0.11875 0.18515625
1 0.66484375 0.32578125 0.046875 0.08515625
1 0.76875 0.371875 0.06015625 0.08671875
2 0.83046875 0.31640625 0.05390625 0.0890625
1 0.84921875 0.24453125 0.04296875 0.05546875
1 0.71796875 0.509375 0.075 0.121875
1 0.39296875 0.225 0.034375 0.06328125
1 0.3359375 0.23828125 0.03671875 0.05546875
1 0.90546875 0.31875 0.05625 0.0703125
1 0.90546875 0.6203125 0.11484375 0.16328125
1 0.78046875 0.75078125 0.12734375 0.2109375
1 0.43515625 0.1859375 0.02890625 0.03671875
1 0.52890625 0.18125 0.02734375 0.0390625
1 0.38359375 0.17890625 0.03125 0.0484375
1 0.9828125 0.41484375 0.034375 0.0828125