1 0.590625 0.91015625 0.20390625 0.1796875
1 0.58671875 0.7265625 0.14453125 0.21640625
1 0.18515625 0.40859375 0.05703125 0.0984375
1 0.41015625 0.55546875 0.09921875 0.1609375
1 0.85703125 0.71640625 0.18359375 0.2109375
1 0.56484375 0.53515625 0.12421875 0.17578125
1 0.36484375 0.41953125 0.065625 0.09609375
1 0.6046875 0.4734375 0.09296875 0.11484375
1 0.78828125 0.39609375 0.08203125 0.08515625
1 0.72890625 0.4015625 0.08671875 0.08515625
1 0.46953125 0.41796875 0.078125 0.0984375
1 0.15390625 0.51328125 0.08046875 0.13515625
1 0.965625 0.5140625 0.06875 0.10546875
3 0.78125 0.3 0.16484375 0.19609375