1 0.07421875 0.94453125 0.14609375 0.1109375
1 0.29921875 0.34453125 0.05390625 0.071875
1 0.72578125 0.19375 0.03125 0.04296875
1 0.09765625 0.69453125 0.13828125 0.18359375
1 0.74765625 0.2953125 0.04609375 0.06484375
1 0.47265625 0.33359375 0.05625 0.08359375
1 0.41171875 0.28359375 0.04765625 0.06875
1 0.309375 0.23671875 0.04375 0.06640625
1 0.70078125 0.45703125 0.08359375 0.1484375
1 0.503125 0.228125 0.0375 0.0609375
1 0.43359375 0.21953125 0.0375 0.06328125
1 0.896875 0.28359375 0.06015625 0.07578125
1 0.92734375 0.43515625 0.078125 0.10390625
1 0.90234375 0.628125 0.10546875 0.15390625
1 0.38671875 0.20546875 0.03515625 0.0515625
1 0.503125 0.18203125 0.03515625 0.06484375