2 0.38203125 0.246875 0.11953125 0.09296875
1 0.59765625 0.41328125 0.06796875 0.12578125
2 0.5859375 0.2390625 0.03984375 0.0984375
1 0.6609375 0.23046875 0.04765625 0.07421875
1 0.85859375 0.27109375 0.05859375 0.078125
1 0.8140625 0.1640625 0.03671875 0.05390625
1 0.79296875 0.18671875 0.05234375 0.05390625
1 0.76171875 0.16875 0.040625 0.05
1 0.76640625 0.13515625 0.03203125 0.04609375
1 0.73203125 0.14296875 0.034375 0.04296875
2 0.7125 0.11796875 0.02890625 0.05390625
1 0.69765625 0.109375 0.028125 0.04453125
1 0.875 0.321875 0.06953125 0.0984375
1 0.62578125 0.165625 0.03125 0.0515625
1 0.56953125 0.15078125 0.028125 0.0484375
1 0.603125 0.115625 0.02578125 0.04296875
3 0.91875 0.209375 0.12421875 0.1703125