1 0.55703125 0.4640625 0.10234375 0.14296875
1 0.6265625 0.36953125 0.07421875 0.109375
1 0.71953125 0.303125 0.06875 0.08125
1 0.77109375 0.26796875 0.05078125 0.0609375
1 0.81015625 0.240625 0.04765625 0.05546875
1 0.47734375 0.434375 0.1 0.11484375
1 0.55703125 0.371875 0.07734375 0.08359375
1 0.6265625 0.30625 0.06640625 0.0796875
1 0.684375 0.275 0.053125 0.0609375
1 0.73984375 0.246875 0.05390625 0.059375
1 0.35078125 0.45859375 0.11796875 0.11328125
3 0.48203125 0.3265625 0.20078125 0.221875
1 0.62578125 0.26796875 0.05859375 0.06875
1 0.46484375 0.321875 0.06796875 0.059375
1 0.52734375 0.28671875 0.071875 0.059375
1 0.5765625 0.246875 0.059375 0.05390625
1 0.61640625 0.2234375 0.05 0.04609375
1 0.37578125 0.35390625 0.08359375 0.071875
1 0.2453125 0.38046875 0.10546875 0.0796875
1 0.36015625 0.3296875 0.07265625 0.071875
1 0.44140625 0.2890625 0.0625 0.05546875
2 0.4984375 0.24921875 0.06484375 0.0609375
1 0.571875 0.2203125 0.05078125 0.05546875
1 0.51484375 0.221875 0.04765625 0.05
1 0.88203125 0.66875 0.2 0.13671875
1 0.690625 0.240625 0.06328125 0.059375
1 0.61171875 0.73828125 0.2125 0.1609375
1 0.08671875 0.446875 0.13984375 0.10703125
1 0.30390625 0.83984375 0.25625 0.171875
2 0.284375 0.6640625 0.225 0.171875
1 0.25234375 0.43203125 0.115625 0.08359375
1 0.78828125 0.21015625 0.05703125 0.05546875