1 0.8078125 0.20703125 0.03671875 0.05703125
1 0.75546875 0.13359375 0.02890625 0.04453125
1 0.72265625 0.14140625 0.02578125 0.04453125
1 0.7953125 0.2359375 0.05390625 0.06640625
1 0.79921875 0.58515625 0.1125 0.18671875
1 0.59921875 0.37890625 0.0625 0.11484375
1 0.5953125 0.28671875 0.05 0.08125
1 0.52890625 0.23984375 0.0375 0.06875
1 0.58046875 0.196875 0.03359375 0.05703125
1 0.57265625 0.16796875 0.02890625 0.04609375
1 0.96875 0.353125 0.0625 0.09453125
3 0.80859375 0.14921875 0.07578125 0.11640625
3 0.93125 0.20390625 0.1375 0.2140625