1 0.47421875 0.18046875 0.05546875 0.0796875
1 0.62578125 0.10078125 0.0375 0.05390625
1 0.55859375 0.11171875 0.03984375 0.059375
3 0.73125 0.13828125 0.13984375 0.19453125
1 0.13671875 0.178125 0.05078125 0.071875
1 0.59921875 0.26640625 0.0625 0.10390625
0 0.78046875 0.38984375 0.20625 0.3796875
1 0.25390625 0.28984375 0.09140625 0.13359375
3 0.21328125 0.1890625 0.16171875 0.23515625
1 0.33125 0.16640625 0.05546875 0.0796875
3 0.934375 0.52578125 0.13125 0.50390625
1 0.70859375 0.871875 0.20703125 0.25546875