1 0.39375 0.321875 0.08515625 0.07421875
1 0.60390625 0.2609375 0.053125 0.0515625
1 0.47578125 0.28828125 0.06796875 0.05703125
1 0.66796875 0.2046875 0.02890625 0.0390625
1 0.55234375 0.246875 0.046875 0.05390625
1 0.51953125 0.24140625 0.04609375 0.0515625
1 0.59296875 0.228125 0.03984375 0.05
1 0.5609375 0.209375 0.03203125 0.04296875
1 0.26484375 0.3890625 0.09921875 0.071875
1 0.48671875 0.33046875 0.07578125 0.06640625
1 0.4703125 0.59609375 0.11796875 0.15703125
1 0.07109375 0.48671875 0.13984375 0.1
1 0.7359375 0.30078125 0.05546875 0.0703125
1 0.81328125 0.25390625 0.04921875 0.05546875
2 0.884375 0.20703125 0.06796875 0.059375