1 0.04609375 0.93515625 0.08984375 0.1296875
1 0.09921875 0.76953125 0.13515625 0.2109375
1 0.178125 0.63515625 0.08125 0.15546875
1 0.59140625 0.8953125 0.12734375 0.209375
1 0.428125 0.83203125 0.10078125 0.228125
1 0.21953125 0.88984375 0.14140625 0.2203125
1 0.4359375 0.63359375 0.08984375 0.16328125
1 0.58046875 0.71796875 0.09140625 0.18359375
1 0.24140625 0.4984375 0.084375 0.13671875
3 0.12109375 0.43671875 0.184375 0.29453125
1 0.559375 0.225 0.03984375 0.0515625
3 0.27578125 0.23359375 0.11015625 0.15