1 0.1 0.815625 0.14140625 0.26640625
1 0.56953125 0.846875 0.19296875 0.30546875
1 0.78984375 0.865625 0.234375 0.26875
1 0.66484375 0.60703125 0.12265625 0.16875
1 0.41171875 0.57890625 0.121875 0.2109375
1 0.66484375 0.5046875 0.11328125 0.128125
1 0.43828125 0.47890625 0.08046875 0.11875
1 0.640625 0.35 0.06796875 0.06328125
1 0.246875 0.41328125 0.08515625 0.11875
2 0.784375 0.36796875 0.09140625 0.0984375
1 0.38203125 0.39296875 0.06171875 0.09296875
1 0.478125 0.36484375 0.06875 0.09453125
1 0.9171875 0.53984375 0.165625 0.128125
3 0.93125 0.38203125 0.1375 0.25546875