0 0.59296875 0.64609375 0.29375 0.2515625
1 0.7859375 0.153125 0.06171875 0.05703125
1 0.82890625 0.15 0.05703125 0.05546875
3 0.3125 0.246875 0.38984375 0.178125
3 0.11328125 0.371875 0.22421875 0.25546875
1 0.75 0.14296875 0.07109375 0.0515625
1 0.721875 0.17421875 0.06953125 0.059375
1 0.65859375 0.16796875 0.08828125 0.06640625
1 0.55703125 0.17890625 0.06953125 0.05
1 0.53984375 0.19296875 0.08515625 0.06875
1 0.565625 0.15703125 0.06640625 0.04453125
1 0.02421875 0.628125 0.046875 0.13359375
1 0.378125 0.1796875 0.08359375 0.0484375
1 0.38828125 0.20390625 0.08125 0.07421875
1 0.20078125 0.49609375 0.16484375 0.13125
1 0.84765625 0.128125 0.07421875 0.05
1 0.24453125 0.40390625 0.10546875 0.10390625
1 0.4078125 0.2140625 0.06484375 0.071875
1 0.24140625 0.20859375 0.08046875 0.071875
1 0.49140625 0.4203125 0.15078125 0.11875
1 0.196875 0.19140625 0.09609375 0.06328125
3 0.7328125 0.18515625 0.28515625 0.15390625