1 0.5203125 0.35078125 0.06796875 0.0890625
1 0.7140625 0.33828125 0.05234375 0.08359375
1 0.13359375 0.78515625 0.16796875 0.27578125
1 0.1609375 0.42109375 0.09296875 0.1390625
1 0.81328125 0.38203125 0.06484375 0.08515625
1 0.77421875 0.478125 0.09140625 0.13359375
1 0.259375 0.4765625 0.0875 0.13125
1 0.65859375 0.53515625 0.08828125 0.14609375
3 0.39453125 0.35 0.09140625 0.25390625
1 0.2234375 0.3265625 0.0625 0.1015625
1 0.9171875 0.84296875 0.165625 0.2703125
2 0.9796875 0.6609375 0.040625 0.2
1 0.7546875 0.91484375 0.16484375 0.1703125
1 0.31953125 0.3015625 0.05078125 0.078125