2 0.14921875 0.19140625 0.06953125 0.071875
1 0.24140625 0.23828125 0.065625 0.06875
1 0.28203125 0.21171875 0.071875 0.06328125
3 0.34296875 0.1546875 0.18203125 0.12421875
1 0.3015625 0.28828125 0.071875 0.08125
1 0.40859375 0.28359375 0.08125 0.0796875
1 0.96796875 0.39453125 0.06328125 0.11328125
1 0.39375 0.36171875 0.0875 0.0984375
1 0.52109375 0.35703125 0.096875 0.0984375
1 0.50078125 0.47109375 0.10859375 0.11875
1 0.65 0.48359375 0.11875 0.12421875
1 0.84921875 0.2953125 0.084375 0.09296875
2 0.54609375 0.26015625 0.08984375 0.10390625
1 0.82578125 0.35625 0.103125 0.109375
1 0.75 0.6515625 0.13671875 0.16640625
1 0.58203125 0.65625 0.13359375 0.17578125
1 0.7734375 0.23671875 0.06328125 0.08671875
1 0.7234375 0.1984375 0.05234375 0.06640625
3 0.62734375 0.16484375 0.11171875 0.171875
1 0.93125 0.58125 0.1375 0.13671875
1 0.9359375 0.94765625 0.128125 0.1046875