2 0.77890625 0.35078125 0.1125 0.1296875
2 0.9125 0.43125 0.13125 0.1484375
1 0.63359375 0.28125 0.05703125 0.05703125
3 0.54453125 0.225 0.134375 0.140625
1 0.73671875 0.2640625 0.06015625 0.04609375
1 0.72734375 0.23203125 0.05390625 0.05
1 0.9640625 0.753125 0.071875 0.14609375
1 0.81484375 0.23125 0.04609375 0.0515625
1 0.40390625 0.32421875 0.08125 0.0703125
1 0.35625 0.20625 0.06484375 0.03671875
1 0.26484375 0.3890625 0.10234375 0.06875
3 0.37578125 0.8375 0.7515625 0.325
1 0.8890625 0.20625 0.06171875 0.04296875
1 0.26171875 0.440625 0.10859375 0.08359375
1 0.02265625 0.515625 0.04296875 0.090625
1 0.09921875 0.75 0.19609375 0.16875