1 0.66796875 0.91171875 0.18515625 0.17578125
1 0.15 0.6296875 0.10390625 0.18125
1 0.4734375 0.64453125 0.128125 0.2390625
1 0.63671875 0.325 0.05625 0.059375
1 0.59921875 0.62578125 0.140625 0.18125
1 0.59921875 0.51484375 0.09765625 0.13359375
1 0.7015625 0.33359375 0.0625 0.06328125
1 0.35625 0.47578125 0.09140625 0.159375
1 0.57109375 0.4265625 0.09140625 0.090625
1 0.4046875 0.41640625 0.06640625 0.0984375
1 0.71796875 0.4015625 0.08515625 0.078125
1 0.21640625 0.38203125 0.07265625 0.1109375
2 0.878125 0.42578125 0.12109375 0.12421875
1 0.359375 0.35078125 0.05625 0.07421875