1 0.90546875 0.37421875 0.14453125 0.11875
1 0.70546875 0.2953125 0.11015625 0.1015625
2 0.56484375 0.2453125 0.08828125 0.0796875
1 0.45625 0.215625 0.0625 0.0609375
1 0.3953125 0.196875 0.05078125 0.0515625
1 0.63515625 0.834375 0.24140625 0.3
2 0.81171875 0.74453125 0.26875 0.33125
1 0.578125 0.58359375 0.15625 0.171875
3 0.3859375 0.30703125 0.17890625 0.20703125
1 0.9421875 0.55078125 0.115625 0.17421875
1 0.63359375 0.503125 0.16796875 0.14453125
1 0.4203125 0.4609375 0.1125 0.12421875
2 0.81484375 0.56953125 0.17421875 0.2109375
1 0.95625 0.72109375 0.0875 0.16640625
1 0.759375 0.459375 0.15390625 0.128125
1 0.61484375 0.3859375 0.12265625 0.10390625
1 0.28515625 0.340625 0.071875 0.1
1 0.34609375 0.396875 0.07890625 0.09453125
1 0.5 0.3265625 0.08046875 0.10390625
1 0.28671875 0.2796875 0.04140625 0.05703125
1 0.246875 0.259375 0.04453125 0.05390625
1 0.2375 0.30390625 0.046875 0.06640625