3 0.4734375 0.4984375 0.071875 0.25703125
2 0.63046875 0.5296875 0.05234375 0.121875
3 0.56015625 0.45390625 0.06328125 0.16484375
1 0.6390625 0.48515625 0.03828125 0.0609375
1 0.74140625 0.5890625 0.07578125 0.12578125
1 0.58984375 0.42109375 0.02578125 0.04453125
1 0.640625 0.4453125 0.03046875 0.04609375
3 0.4953125 0.3453125 0.03046875 0.071875
1 0.56640625 0.35 0.01328125 0.0203125
1 0.48203125 0.3296875 0.015625 0.02421875
1 0.53515625 0.340625 0.01640625 0.03125
1 0.51796875 0.325 0.01328125 0.02578125
1 0.534375 0.37578125 0.02109375 0.03125