1 0.21015625 0.23359375 0.053125 0.04296875
1 0.9671875 0.59921875 0.065625 0.11328125
1 0.95234375 0.49609375 0.09453125 0.10390625
1 0.9328125 0.42734375 0.134375 0.0890625
2 0.79140625 0.396875 0.121875 0.15
1 0.30390625 0.25625 0.04453125 0.0515625
1 0.74765625 0.35390625 0.07890625 0.0703125
1 0.73046875 0.4765625 0.121875 0.11640625
1 0.66484375 0.35859375 0.06953125 0.078125
1 0.30625 0.2984375 0.03828125 0.059375
1 0.3734375 0.31171875 0.04140625 0.06640625
2 0.33203125 0.23359375 0.03984375 0.059375
1 0.303125 0.378125 0.04921875 0.0890625
1 0.55078125 0.3 0.05859375 0.06640625
1 0.6421875 0.29921875 0.07265625 0.071875
1 0.39765625 0.384375 0.04375 0.078125
1 0.571875 0.26796875 0.05 0.0609375
1 0.39453125 0.50859375 0.0625 0.13125
1 0.28828125 0.53046875 0.06796875 0.1203125
1 0.48125 0.2546875 0.046875 0.05546875
1 0.49921875 0.23359375 0.046875 0.059375
1 0.55078125 0.23359375 0.04140625 0.0515625
1 0.24375 0.834375 0.10703125 0.21875
1 0.43984375 0.22421875 0.03671875 0.05390625