2 0.6390625 0.2015625 0.04296875 0.09296875
1 0.69609375 0.20546875 0.03125 0.0609375
1 0.12421875 0.86640625 0.15625 0.22578125
1 0.36015625 0.7359375 0.12109375 0.21640625
1 0.05078125 0.6953125 0.09921875 0.16484375
1 0.23984375 0.425 0.08984375 0.1015625
1 0.7484375 0.31484375 0.059375 0.08359375
1 0.40625 0.3140625 0.05703125 0.11484375
1 0.36484375 0.259375 0.04375 0.06640625
1 0.4921875 0.28046875 0.04765625 0.07421875
1 0.85234375 0.3359375 0.059375 0.071875
1 0.7203125 0.55 0.0875 0.140625
1 0.9109375 0.28984375 0.05859375 0.07578125
1 0.44921875 0.2234375 0.03359375 0.0609375
1 0.875 0.52578125 0.09375 0.13671875
1 0.35703125 0.20078125 0.03515625 0.05546875