1 0.496875 0.15 0.05703125 0.0484375
1 0.55234375 0.15390625 0.05703125 0.04453125
1 0.3734375 0.1796875 0.05546875 0.0390625
1 0.403125 0.190625 0.06640625 0.0484375
0 0.66640625 0.259375 0.075 0.10390625
1 0.86953125 0.6234375 0.16015625 0.21484375
1 0.7140625 0.53046875 0.08359375 0.16328125
1 0.70390625 0.3890625 0.06875 0.11484375
1 0.74375 0.28515625 0.06015625 0.09453125
1 0.77578125 0.23203125 0.046875 0.07421875
1 0.83828125 0.93125 0.28203125 0.13671875
1 0.15078125 0.31875 0.09765625 0.07578125
1 0.6078125 0.75625 0.234375 0.190625
1 0.3140625 0.2515625 0.08515625 0.06328125
1 0.59375 0.18046875 0.07265625 0.059375
1 0.83359375 0.18359375 0.06015625 0.0609375
1 0.25546875 0.74921875 0.18984375 0.17421875
1 0.0921875 0.25703125 0.07421875 0.05390625
1 0.8109375 0.1546875 0.06640625 0.0515625