2 0.64453125 0.21953125 0.040625 0.09453125
1 0.7046875 0.22109375 0.03359375 0.05703125
1 0.74765625 0.1796875 0.034375 0.04609375
1 0.22578125 0.66484375 0.11484375 0.18125
1 0.4 0.59140625 0.0875 0.15703125
1 0.13515625 0.5609375 0.103125 0.1296875
1 0.28203125 0.3734375 0.07109375 0.0890625
1 0.76640625 0.3546875 0.0625 0.090625
1 0.42421875 0.27109375 0.046875 0.08671875
1 0.38203125 0.23515625 0.0375 0.0515625
1 0.50234375 0.2515625 0.03984375 0.0609375
1 0.884375 0.3796875 0.06875 0.090625
1 0.74921875 0.66875 0.10625 0.1796875
1 0.94140625 0.3203125 0.06640625 0.078125
1 0.46015625 0.2015625 0.03046875 0.0484375
1 0.93515625 0.6484375 0.09921875 0.16484375