1 0.67421875 0.31484375 0.08515625 0.11640625
1 0.08671875 0.72578125 0.17109375 0.2390625
1 0.81953125 0.24140625 0.06171875 0.11328125
1 0.0296875 0.4515625 0.05703125 0.13671875
1 0.13515625 0.45859375 0.17734375 0.15703125
1 0.81171875 0.33671875 0.12734375 0.11328125
1 0.8359375 0.425 0.15234375 0.14453125
1 0.49296875 0.2796875 0.11953125 0.1015625
3 0.55390625 0.1609375 0.240625 0.178125
1 0.45390625 0.61796875 0.22109375 0.2015625
1 0.71328125 0.73984375 0.21953125 0.24453125
1 0.7 0.1734375 0.08203125 0.090625