1 0.31796875 0.0546875 0.028125 0.0390625
1 0.234375 0.07109375 0.03828125 0.04296875
1 0.2953125 0.60078125 0.11875 0.1796875
1 0.546875 0.4765625 0.15234375 0.16640625
1 0.28828125 0.35078125 0.09140625 0.11875
1 0.31328125 0.25 0.07421875 0.08125
1 0.0984375 0.24140625 0.05703125 0.08515625
1 0.43984375 0.140625 0.05390625 0.06640625
1 0.15078125 0.11796875 0.0375 0.05390625
1 0.03203125 0.3703125 0.06171875 0.14453125
1 0.10859375 0.075 0.03671875 0.040625
1 0.86328125 0.2796875 0.128125 0.090625
1 0.921875 0.425 0.15625 0.13359375