1 0.7453125 0.8453125 0.22890625 0.309375
1 0.35703125 0.38984375 0.08984375 0.12421875
1 0.24921875 0.48046875 0.09765625 0.140625
1 0.27578125 0.07578125 0.03046875 0.03671875
1 0.20078125 0.06640625 0.028125 0.028125
1 0.44609375 0.3484375 0.09296875 0.11328125
1 0.10546875 0.56640625 0.09765625 0.1703125
1 0.24453125 0.08203125 0.03203125 0.03515625
1 0.31484375 0.07421875 0.03359375 0.040625
2 0.22265625 0.27109375 0.0625 0.12421875
1 0.3296875 0.1296875 0.04609375 0.040625
1 0.4890625 0.128125 0.04609375 0.0515625
1 0.06953125 0.16015625 0.03515625 0.0609375
2 0.10234375 0.109375 0.034375 0.059375
1 0.13828125 0.09609375 0.028125 0.040625
1 0.6046875 0.27578125 0.08984375 0.07578125
1 0.896875 0.303125 0.11875 0.090625
2 0.03046875 0.0796875 0.02265625 0.04609375