0 0.59609375 0.6234375 0.290625 0.25546875
1 0.8640625 0.09453125 0.06015625 0.0484375
1 0.83671875 0.11171875 0.06328125 0.05
2 0.11015625 0.40546875 0.13125 0.1515625
1 0.12734375 0.48828125 0.171875 0.14453125
3 0.61953125 0.11328125 0.28359375 0.12578125
1 0.415625 0.26484375 0.11015625 0.08359375
1 0.35 0.36875 0.11015625 0.1296875
2 0.30859375 0.328125 0.12109375 0.13515625
1 0.70078125 0.1046875 0.07890625 0.059375
1 0.5875 0.2109375 0.09453125 0.07421875
1 0.5296875 0.30703125 0.12578125 0.1109375
1 0.4046875 0.19609375 0.1125 0.06484375
1 0.7296875 0.18046875 0.08515625 0.0515625
3 0.16953125 0.1640625 0.33671875 0.13671875
1 0.75859375 0.2609375 0.10859375 0.08125
2 0.72890625 0.2109375 0.10625 0.09609375
1 0.26953125 0.14453125 0.06796875 0.05390625
1 0.15234375 0.25546875 0.10625 0.071875
1 0.91484375 0.1953125 0.08984375 0.06640625
1 0.91953125 0.15078125 0.07578125 0.05390625
1 0.984375 0.24140625 0.03125 0.05390625