1 0.6921875 0.06640625 0.01953125 0.03515625
1 0.70703125 0.07890625 0.02421875 0.0390625
1 0.71015625 0.30859375 0.06015625 0.1015625
1 0.56171875 0.14921875 0.03203125 0.05546875
1 0.58203125 0.35859375 0.0625 0.1203125
1 0.734375 0.090625 0.02734375 0.040625
1 0.75703125 0.109375 0.03125 0.05546875
1 0.77890625 0.09296875 0.02265625 0.040625
1 0.86171875 0.07421875 0.01953125 0.0390625
1 0.79765625 0.128125 0.040625 0.06328125
1 0.81640625 0.22109375 0.06015625 0.090625
1 0.82578125 0.175 0.04609375 0.06484375
1 0.56328125 0.10859375 0.02421875 0.03359375
1 0.56171875 0.06484375 0.01875 0.03359375
1 0.603125 0.05859375 0.01953125 0.03359375
1 0.90859375 0.390625 0.1 0.13515625
1 0.9671875 0.31328125 0.065625 0.090625