1 0.12734375 0.38515625 0.096875 0.09453125
2 0.953125 0.53984375 0.09375 0.2265625
1 0.640625 0.4609375 0.18125 0.16484375
2 0.390625 0.36328125 0.11640625 0.140625
1 0.26640625 0.340625 0.10546875 0.1
3 0.14765625 0.28046875 0.1875 0.1703125
1 0.06015625 0.2796875 0.05859375 0.06875
1 0.02265625 0.2703125 0.04375 0.06640625
2 0.83359375 0.409375 0.22109375 0.20390625
1 0.603125 0.36171875 0.140625 0.13125
1 0.45078125 0.30703125 0.12578125 0.11328125
1 0.328125 0.28125 0.10234375 0.09296875
1 0.2453125 0.265625 0.07109375 0.07578125
1 0.16328125 0.23984375 0.059375 0.0609375
1 0.69140625 0.2640625 0.140625 0.1015625
1 0.07578125 0.23359375 0.04609375 0.0609375
1 0.22109375 0.196875 0.05859375 0.059375
1 0.1484375 0.19296875 0.03984375 0.04609375
1 0.05859375 0.221875 0.04609375 0.06484375
1 0.97109375 0.209375 0.05703125 0.09609375
1 0.86171875 0.196875 0.12421875 0.090625
1 0.715625 0.18125 0.1125 0.07421875
1 0.58359375 0.1734375 0.09375 0.06875
3 0.43515625 0.13203125 0.19375 0.12578125
1 0.9875 0.17578125 0.025 0.06640625
1 0.85859375 0.16015625 0.11796875 0.07578125
1 0.69609375 0.14453125 0.10390625 0.078125
1 0.54609375 0.12890625 0.075 0.05546875
1 0.30546875 0.1515625 0.059375 0.0515625
1 0.33515625 0.13359375 0.04140625 0.0484375
1 0.23984375 0.146875 0.05234375 0.05
1 0.27734375 0.13046875 0.05 0.04296875
1 0.18828125 0.14296875 0.04296875 0.0390625
1 0.22890625 0.1203125 0.04375 0.040625