1 0.8015625 0.15703125 0.034375 0.0515625
1 0.753125 0.16953125 0.03984375 0.05546875
1 0.66328125 0.91484375 0.15703125 0.1703125
1 0.54765625 0.5640625 0.10625 0.18125
1 0.55546875 0.3984375 0.06796875 0.12421875
1 0.60078125 0.26953125 0.04609375 0.08359375
1 0.590625 0.21796875 0.03984375 0.0703125
1 0.93671875 0.26171875 0.05703125 0.07421875
1 0.6046875 0.14453125 0.03125 0.0484375
1 0.57265625 0.109375 0.025 0.04453125
3 0.77421875 0.09921875 0.06328125 0.09609375
3 0.875 0.15390625 0.10625 0.1796875