1 0.675 0.18125 0.03125 0.0484375
1 0.6484375 0.2234375 0.0375 0.05703125
1 0.24921875 0.653125 0.121875 0.1890625
1 0.05546875 0.70625 0.10859375 0.190625
1 0.19140625 0.5046875 0.09375 0.13125
1 0.21328125 0.35078125 0.0625 0.0796875
1 0.67109375 0.30625 0.04609375 0.07421875
1 0.78046875 0.24453125 0.046875 0.059375
1 0.771875 0.3546875 0.05625 0.08359375
1 0.67265625 0.4 0.05546875 0.08671875
1 0.34765625 0.2859375 0.05078125 0.0796875
1 0.8859375 0.26484375 0.05390625 0.078125
1 0.87578125 0.378125 0.071875 0.08671875
1 0.721875 0.590625 0.08828125 0.140625
1 0.878125 0.565625 0.10078125 0.13671875
1 0.46484375 0.21484375 0.03359375 0.0515625
1 0.35859375 0.1984375 0.03046875 0.0515625
1 0.42734375 0.18671875 0.02890625 0.0484375
1 0.53203125 0.18125 0.03046875 0.0484375