1 0.16796875 0.59375 0.15703125 0.1796875
1 0.32421875 0.3703125 0.0875 0.09609375
1 0.95078125 0.24453125 0.04375 0.071875
1 0.79765625 0.240625 0.046875 0.06640625
1 0.72265625 0.2390625 0.04765625 0.06484375
1 0.40703125 0.23671875 0.05625 0.059375
1 0.57578125 0.2453125 0.05703125 0.06640625
1 0.56875 0.19296875 0.05078125 0.059375
1 0.56171875 0.1703125 0.04296875 0.04609375
1 0.63046875 0.59921875 0.11875 0.18515625
1 0.35859375 0.7546875 0.18359375 0.2390625
1 0.66796875 0.165625 0.03984375 0.05