1 0.08984375 0.46953125 0.14453125 0.10703125
1 0.12890625 0.51640625 0.15390625 0.109375
1 0.24765625 0.3953125 0.11171875 0.08125
1 0.284375 0.4390625 0.12109375 0.08671875
1 0.3609375 0.34296875 0.08203125 0.0796875
1 0.38203125 0.3734375 0.096875 0.078125
1 0.3984375 0.29609375 0.065625 0.06328125
1 0.4484375 0.3015625 0.07578125 0.0609375
1 0.46328125 0.3296875 0.08203125 0.06875
1 0.459375 0.26171875 0.06484375 0.05390625
1 0.50546875 0.26328125 0.065625 0.0609375
1 0.5234375 0.29453125 0.07265625 0.059375
1 0.5234375 0.23515625 0.053125 0.05390625
1 0.56875 0.234375 0.05703125 0.059375
1 0.57890625 0.2640625 0.06640625 0.06328125
1 0.61640625 0.23984375 0.05859375 0.0609375
1 0.79296875 0.240625 0.05859375 0.0609375
1 0.6734375 0.3203125 0.07109375 0.08125
1 0.5625 0.40078125 0.08984375 0.1109375