1 0.73359375 0.334375 0.08125 0.10546875
1 0.69453125 0.22890625 0.05078125 0.06875
1 0.64921875 0.15703125 0.03515625 0.05390625
1 0.6984375 0.1359375 0.03515625 0.05390625
2 0.9 0.63046875 0.17109375 0.26328125
1 0.353125 0.95546875 0.15390625 0.0890625
1 0.49296875 0.525 0.10078125 0.18359375
1 0.42578125 0.3859375 0.07265625 0.13359375
1 0.421875 0.26953125 0.05703125 0.1015625
1 0.33125 0.29140625 0.05390625 0.09296875
1 0.4171875 0.2140625 0.040625 0.06484375
1 0.46484375 0.1515625 0.02890625 0.05546875