1 0.225 0.21171875 0.06796875 0.06640625
1 0.14375 0.18984375 0.06328125 0.0703125
3 0.3015625 0.1453125 0.23359375 0.140625
1 0.30859375 0.21328125 0.06875 0.0703125
2 0.27421875 0.23671875 0.06015625 0.08515625
1 0.33359375 0.2984375 0.08046875 0.08125
1 0.48359375 0.32578125 0.09140625 0.0890625
1 0.946875 0.35 0.10625 0.109375
1 0.88515625 0.3953125 0.11875 0.11875
3 0.58984375 0.2390625 0.18984375 0.2
1 0.39765625 0.36640625 0.08828125 0.10390625
1 0.60078125 0.43125 0.11328125 0.11640625
1 0.83515625 0.28203125 0.078125 0.09609375
1 0.7359375 0.271875 0.07890625 0.10390625
1 0.77421875 0.240625 0.06796875 0.08359375
1 0.50546875 0.46875 0.11015625 0.121875
1 0.73984375 0.55703125 0.140625 0.14453125
1 0.6453125 0.68671875 0.134375 0.17578125
1 0.915625 0.84453125 0.16875 0.23359375
1 0.71171875 0.18046875 0.05078125 0.06484375
2 0.96484375 0.57578125 0.06953125 0.1484375