1 0.42109375 0.52578125 0.065625 0.11640625
1 0.553125 0.25 0.046875 0.05546875
2 0.30625 0.6140625 0.071875 0.14453125
1 0.465625 0.21640625 0.02734375 0.040625
2 0.48203125 0.2546875 0.05546875 0.07421875
1 0.5703125 0.33828125 0.08046875 0.078125
1 0.44375 0.28515625 0.04765625 0.06484375
1 0.14140625 0.5109375 0.08828125 0.12421875
1 0.24609375 0.44921875 0.075 0.10703125
1 0.41328125 0.19296875 0.02578125 0.040625
1 0.4296875 0.2265625 0.028125 0.04453125
1 0.45390625 0.2 0.021875 0.03671875
1 0.50078125 0.2 0.03203125 0.04453125
1 0.23828125 0.96640625 0.11484375 0.06640625