1 0.08984375 0.46796875 0.14375 0.1109375
1 0.13046875 0.5140625 0.153125 0.10390625
1 0.246875 0.39921875 0.10703125 0.08359375
1 0.28515625 0.43515625 0.11171875 0.0890625
1 0.3625 0.346875 0.08046875 0.07421875
1 0.3828125 0.37578125 0.090625 0.078125
1 0.39921875 0.2984375 0.065625 0.059375
1 0.45 0.3046875 0.07265625 0.0703125
1 0.46328125 0.328125 0.078125 0.071875
1 0.46015625 0.26640625 0.06015625 0.059375
1 0.50703125 0.26171875 0.0625 0.059375
1 0.521875 0.29453125 0.06953125 0.06875
1 0.52421875 0.2359375 0.05 0.05390625
1 0.57265625 0.23203125 0.05703125 0.059375
1 0.578125 0.26484375 0.0625 0.05703125
1 0.6171875 0.24296875 0.05078125 0.05703125
1 0.56796875 0.39453125 0.08125 0.08671875
1 0.38125 0.72578125 0.14453125 0.21328125
1 0.1125 0.9140625 0.18359375 0.171875
1 0.69296875 0.26015625 0.05859375 0.06484375
1 0.82578125 0.2390625 0.05546875 0.059375