0 0.66953125 0.28203125 0.075 0.10546875
1 0.42578125 0.48046875 0.08515625 0.121875
1 0.37265625 0.3359375 0.046875 0.08359375
2 0.29453125 0.39296875 0.05546875 0.12578125
1 0.321875 0.28046875 0.04375 0.06484375
1 0.30546875 0.15 0.028125 0.03125
2 0.340625 0.54609375 0.09296875 0.1796875
1 0.29921875 0.1609375 0.025 0.03359375
1 0.6203125 0.56484375 0.140625 0.1515625
1 0.29765625 0.184375 0.03359375 0.0390625
1 0.30859375 0.23671875 0.03515625 0.05390625
1 0.28203125 0.20859375 0.04140625 0.04296875
1 0.403125 0.19453125 0.028125 0.03671875
1 0.3515625 0.209375 0.028125 0.04609375
1 0.42421875 0.240625 0.03828125 0.06484375
1 0.45703125 0.36015625 0.05859375 0.1015625
1 0.38671875 0.17109375 0.03046875 0.03671875
1 0.18515625 0.25546875 0.05859375 0.040625
1 0.20390625 0.2765625 0.06796875 0.0515625
1 0.46640625 0.16015625 0.03046875 0.03671875
1 0.47890625 0.18671875 0.03359375 0.05
1 0.4375 0.19140625 0.02734375 0.0390625
1 0.44140625 0.15 0.03359375 0.040625
3 0.38828125 0.13203125 0.065625 0.0796875
3 0.0765625 0.49296875 0.15078125 0.33125
3 0.0453125 0.353125 0.08828125 0.16328125
1 0.5140625 0.14921875 0.03203125 0.04296875