1 0.16640625 0.51875 0.10078125 0.13359375
1 0.73515625 0.165625 0.02734375 0.04453125
1 0.6703125 0.1984375 0.03359375 0.0484375
1 0.31796875 0.45 0.08125 0.140625
1 0.45078125 0.3953125 0.053125 0.1015625
1 0.37578125 0.33671875 0.05703125 0.09296875
1 0.31484375 0.3046875 0.05 0.06640625
1 0.63671875 0.33125 0.04453125 0.078125
1 0.2890625 0.265625 0.04609375 0.059375
1 0.43515625 0.24609375 0.03984375 0.059375
1 0.50390625 0.221875 0.034375 0.05703125
1 0.45078125 0.19609375 0.03203125 0.0515625
1 0.7203125 0.6515625 0.103125 0.1609375
1 0.40703125 0.184375 0.03203125 0.0484375