2 0.9296875 0.8796875 0.140625 0.21875
3 0.75 0.60859375 0.5 0.521875
1 0.12109375 0.46796875 0.11484375 0.12578125
1 0.02578125 0.37421875 0.05 0.0984375
1 0.975 0.5984375 0.05 0.16328125
2 0.78359375 0.49140625 0.2 0.23125
1 0.54765625 0.4296875 0.16171875 0.14609375
2 0.3921875 0.365625 0.11796875 0.14609375
1 0.26953125 0.34296875 0.10625 0.1015625
3 0.14921875 0.28203125 0.18203125 0.16875
1 0.06328125 0.28203125 0.06015625 0.0703125
1 0.01953125 0.26875 0.03671875 0.0515625
2 0.8375 0.415625 0.221875 0.20703125
1 0.60703125 0.36328125 0.13828125 0.12421875
1 0.41953125 0.30390625 0.11953125 0.1203125
0 0.31640625 0.18359375 0.10859375 0.13515625
1 0.17109375 0.2015625 0.05390625 0.05546875
1 0.090625 0.21171875 0.03828125 0.0515625
1 0.975 0.20234375 0.05 0.0953125
1 0.86484375 0.2015625 0.125 0.09296875
1 0.71953125 0.18359375 0.11171875 0.08125
1 0.58671875 0.171875 0.09453125 0.071875
3 0.43359375 0.1296875 0.19296875 0.1296875
1 0.96015625 0.1765625 0.07890625 0.06875
1 0.8375 0.1640625 0.11640625 0.0703125
1 0.6984375 0.153125 0.10078125 0.0703125
1 0.56484375 0.13671875 0.08984375 0.0703125
1 0.37265625 0.13515625 0.05234375 0.05390625
1 0.31171875 0.15390625 0.06171875 0.05
1 0.30859375 0.1296875 0.059375 0.04296875
1 0.2421875 0.14921875 0.05 0.0484375
1 0.22890625 0.1265625 0.03984375 0.03671875
1 0.18984375 0.14921875 0.03984375 0.04453125