1 0.47890625 0.1390625 0.02265625 0.07578125
2 0.62265625 0.44453125 0.08671875 0.16640625
1 0.5921875 0.23671875 0.05390625 0.09609375
1 0.76171875 0.42109375 0.109375 0.19296875
1 0.73203125 0.06640625 0.02578125 0.0390625
1 0.56953125 0.16640625 0.04140625 0.059375
1 0.56640625 0.11328125 0.03203125 0.06484375
1 0.609375 0.0890625 0.03359375 0.04296875
2 0.48515625 0.1453125 0.07578125 0.0703125
1 0.55703125 0.05546875 0.02265625 0.040625
1 0.9125 0.396875 0.12578125 0.13515625
3 0.46484375 0.39296875 0.13828125 0.39609375