1 0.33515625 0.221875 0.07734375 0.13125
3 0.90078125 0.190625 0.19765625 0.378125
1 0.27421875 0.15 0.08984375 0.11875
2 0.17421875 0.84453125 0.25859375 0.3109375
1 0.365625 0.04140625 0.053125 0.0796875
1 0.39453125 0.14921875 0.075 0.1203125
1 0.46953125 0.303125 0.1 0.18359375
2 0.68984375 0.04609375 0.05078125 0.0890625
1 0.60625 0.01015625 0.04375 0.01640625
1 0.5015625 0.08359375 0.06171875 0.0984375
0 0.45859375 0.0234375 0.05859375 0.04296875
1 0.33125 0.0109375 0.07109375 0.01875
1 0.821875 0.40703125 0.140625 0.18671875
3 0.9890625 0.3453125 0.021875 0.240625