2 0.31953125 0.5890625 0.15546875 0.22421875
3 0.2375 0.39609375 0.27734375 0.27578125
1 0.975 0.596875 0.05 0.16328125
2 0.784375 0.49140625 0.2 0.23125
1 0.54765625 0.4296875 0.16171875 0.14609375
2 0.39296875 0.365625 0.11796875 0.14609375
1 0.26953125 0.34296875 0.10625 0.1015625
3 0.14921875 0.28203125 0.18203125 0.16875
1 0.0640625 0.28359375 0.06015625 0.0703125
2 0.83671875 0.41484375 0.21953125 0.19453125
1 0.57578125 0.35546875 0.13203125 0.121875
1 0.30234375 0.27578125 0.09609375 0.090625
0 0.16875 0.16953125 0.075 0.0984375
1 0.096875 0.1859375 0.03984375 0.05
1 0.97578125 0.203125 0.04765625 0.09609375
1 0.86484375 0.2015625 0.125 0.09296875
1 0.7203125 0.18359375 0.11171875 0.08125
1 0.58671875 0.171875 0.09453125 0.071875
3 0.43359375 0.1296875 0.19296875 0.1296875
1 0.9578125 0.175 0.084375 0.071875
1 0.83046875 0.1640625 0.11796875 0.0703125
1 0.6828125 0.15 0.09765625 0.0703125
1 0.5609375 0.134375 0.084375 0.06875
1 0.35703125 0.13515625 0.05 0.05390625
1 0.31328125 0.1515625 0.0625 0.05546875
1 0.296875 0.13203125 0.05546875 0.0390625
1 0.23984375 0.1484375 0.04921875 0.04296875
1 0.2203125 0.1296875 0.04140625 0.03671875
1 0.18359375 0.14921875 0.03984375 0.04453125