1 0.265625 0.04453125 0.03125 0.03515625
1 0.2203125 0.04453125 0.02578125 0.03515625
1 0.209375 0.06171875 0.03203125 0.03359375
1 0.31640625 0.03984375 0.028125 0.03671875
1 0.3375 0.07109375 0.03515625 0.040625
2 0.45390625 0.33359375 0.11796875 0.16328125
1 0.30390625 0.3453125 0.08203125 0.11484375
2 0.1015625 0.29453125 0.075 0.16875
1 0.25078125 0.17890625 0.059375 0.0796875
1 0.42890625 0.0796875 0.04140625 0.04296875
1 0.32109375 0.1234375 0.04453125 0.0390625
1 0.13046875 0.16015625 0.04921875 0.0703125
1 0.10546875 0.665625 0.11328125 0.21328125
1 0.5890625 0.16015625 0.065625 0.06875
1 0.54453125 0.184375 0.07109375 0.07421875
1 0.52421875 0.2265625 0.07578125 0.071875
1 0.06640625 0.08828125 0.03359375 0.0390625