1 0.33046875 0.46171875 0.0875 0.16328125
1 0.41640625 0.55078125 0.08203125 0.19609375
1 0.21953125 0.35546875 0.0625 0.0796875
1 0.646875 0.209375 0.03359375 0.06328125
1 0.75390625 0.18203125 0.03046875 0.03671875
1 0.7171875 0.221875 0.040625 0.0484375
1 0.8109375 0.18515625 0.034375 0.040625
1 0.80703125 0.26328125 0.040625 0.05546875
1 0.67265625 0.3390625 0.05234375 0.08671875
1 0.76875 0.34453125 0.06171875 0.08125
1 0.70078125 0.49296875 0.08203125 0.13359375
1 0.86484375 0.33125 0.06015625 0.078125
1 0.9640625 0.33203125 0.071875 0.08125
1 0.971875 0.53125 0.05625 0.11875
1 0.96484375 0.84375 0.06953125 0.20703125
2 0.46953125 0.16953125 0.03828125 0.0796875