1 0.71953125 0.02109375 0.02421875 0.0390625
1 0.6734375 0.03984375 0.02109375 0.03671875
1 0.68515625 0.0296875 0.01796875 0.03515625
1 0.7125 0.06015625 0.02890625 0.04609375
1 0.76015625 0.09140625 0.03203125 0.0515625
1 0.74921875 0.10859375 0.03984375 0.06328125
1 0.56796875 0.07109375 0.02578125 0.04609375
1 0.60703125 0.040625 0.021875 0.0390625
0 0.57265625 0.0390625 0.028125 0.05
1 0.92578125 0.13828125 0.09375 0.0703125
1 0.92890625 0.28828125 0.08203125 0.128125
3 0.3390625 0.646875 0.36171875 0.6609375