2 0.13203125 0.79140625 0.153125 0.3109375
1 0.63984375 0.16953125 0.02734375 0.05546875
1 0.053125 0.48515625 0.10390625 0.11640625
1 0.76953125 0.18671875 0.03515625 0.05
2 0.65546875 0.28125 0.053125 0.10390625
1 0.2578125 0.33515625 0.06484375 0.090625
1 0.8453125 0.259375 0.053125 0.071875
1 0.34609375 0.259375 0.04765625 0.071875
1 0.86875 0.21171875 0.04453125 0.05703125
1 0.47265625 0.28828125 0.05703125 0.1109375
1 0.69609375 0.43125 0.07890625 0.1203125
1 0.43359375 0.21875 0.03828125 0.05703125
1 0.80390625 0.3890625 0.06875 0.0984375
1 0.40234375 0.1640625 0.03515625 0.059375