1 0.6421875 0.1890625 0.02734375 0.05
1 0.68984375 0.20625 0.03046875 0.05
1 0.63359375 0.22109375 0.03203125 0.05546875
1 0.74140625 0.1953125 0.03125 0.0390625
1 0.65703125 0.290625 0.03671875 0.0703125
1 0.43671875 0.44453125 0.06328125 0.11875
1 0.78671875 0.26328125 0.04375 0.059375
1 0.75703125 0.33125 0.05 0.07421875
1 0.846875 0.2484375 0.046875 0.0609375
1 0.4140625 0.271875 0.04609375 0.06640625
1 0.85703125 0.33984375 0.0625 0.0796875
1 0.71640625 0.52890625 0.06953125 0.12421875
2 0.87734375 0.57578125 0.08359375 0.171875
1 0.9234375 0.325 0.06015625 0.071875
2 0.371875 0.190625 0.03671875 0.06484375
1 0.95859375 0.50625 0.08203125 0.13125
1 0.47265625 0.18515625 0.02734375 0.0390625