0 0.58984375 0.65625 0.29296875 0.25703125
3 0.8640625 0.11171875 0.21328125 0.09609375
1 0.7390625 0.17890625 0.05 0.059375
1 0.07578125 0.4 0.14921875 0.1484375
1 0.12578125 0.46953125 0.14765625 0.13671875
1 0.7125 0.14453125 0.08203125 0.05
1 0.66328125 0.16796875 0.07578125 0.05546875
1 0.61171875 0.1890625 0.08203125 0.05703125
1 0.31171875 0.33828125 0.13671875 0.09609375
1 0.340625 0.38203125 0.13359375 0.1015625
1 0.18671875 0.52421875 0.16328125 0.1484375
1 0.59921875 0.146875 0.07109375 0.0609375
1 0.4859375 0.1859375 0.08671875 0.06328125
2 0.5515625 0.24375 0.11328125 0.09609375
1 0.528125 0.31796875 0.115625 0.08671875
1 0.47578125 0.16171875 0.07734375 0.05546875
1 0.52421875 0.39375 0.13046875 0.109375
3 0.8828125 0.14453125 0.234375 0.1109375
3 0.81953125 0.19140625 0.23125 0.13515625
1 0.3390625 0.17890625 0.08984375 0.05546875
1 0.3140625 0.23828125 0.10859375 0.071875
1 0.7359375 0.28515625 0.10234375 0.08359375
1 0.30234375 0.21328125 0.09140625 0.06484375
1 0.80390625 0.31640625 0.11796875 0.090625
1 0.14609375 0.23203125 0.09609375 0.06328125
1 0.0484375 0.3109375 0.09453125 0.1
1 0.13515625 0.21328125 0.08515625 0.0484375
1 0.96640625 0.2453125 0.06640625 0.06484375