1 0.68046875 0.628125 0.23203125 0.2203125
2 0.70078125 0.459375 0.16796875 0.20546875
1 0.35234375 0.36796875 0.125 0.11640625
3 0.16953125 0.2859375 0.19375 0.17578125
1 0.0609375 0.28046875 0.06171875 0.06328125
1 0.02421875 0.26953125 0.04609375 0.06640625
2 0.83203125 0.40703125 0.22109375 0.20390625
1 0.60234375 0.36015625 0.140625 0.13125
1 0.45 0.30625 0.12578125 0.11484375
1 0.32734375 0.28046875 0.10234375 0.090625
1 0.24296875 0.26484375 0.07265625 0.07578125
1 0.16484375 0.240625 0.05859375 0.0609375
1 0.09765625 0.23671875 0.05078125 0.0609375
1 0.66796875 0.25 0.11953125 0.09609375
1 0.65546875 0.303125 0.14140625 0.11640625
1 0.06640625 0.2265625 0.04296875 0.05390625
1 0.32578125 0.2265625 0.08046875 0.0796875
1 0.92890625 0.2 0.14140625 0.0984375
1 0.75859375 0.184375 0.1125 0.08515625
1 0.61015625 0.171875 0.09609375 0.07421875
3 0.44609375 0.121875 0.196875 0.13359375
1 0.9734375 0.16953125 0.053125 0.07421875
1 0.79140625 0.1484375 0.11328125 0.08359375
1 0.63984375 0.140625 0.09296875 0.06484375
1 0.3078125 0.15078125 0.0625 0.05546875
1 0.534375 0.13203125 0.06796875 0.07421875
1 0.23828125 0.1453125 0.05390625 0.0484375
1 0.32890625 0.13203125 0.04453125 0.04453125
1 0.18984375 0.1453125 0.04140625 0.04453125
1 0.2515625 0.121875 0.04921875 0.05546875