1 0.43671875 0.7953125 0.090625 0.21875
1 0.49921875 0.209375 0.03359375 0.0484375
2 0.28359375 0.821875 0.115625 0.2390625
1 0.2125 0.4390625 0.0875 0.14609375
2 0.0921875 0.47421875 0.09375 0.15703125
1 0.65703125 0.2296875 0.03125 0.05390625
1 0.68671875 0.2 0.03125 0.05
1 0.3015625 0.32421875 0.05 0.07421875
1 0.62421875 0.29375 0.04375 0.05703125
1 0.69296875 0.29609375 0.04375 0.06328125
1 0.36484375 0.26953125 0.03671875 0.0609375
1 0.26953125 0.26640625 0.040625 0.0515625
1 0.334375 0.240625 0.03359375 0.059375
1 0.66171875 0.409375 0.06328125 0.1015625
3 0.83984375 0.3140625 0.16875 0.20546875
1 0.39453125 0.21953125 0.028125 0.0515625
1 0.32109375 0.20546875 0.02890625 0.0484375
1 0.85625 0.659375 0.11484375 0.16640625
1 0.725 0.69375 0.103125 0.1984375
1 0.35546875 0.21484375 0.028125 0.0515625