1 0.58125 0.103125 0.02890625 0.05
1 0.68515625 0.11328125 0.03203125 0.05546875
1 0.65078125 0.1609375 0.03828125 0.07421875
1 0.59609375 0.18671875 0.04609375 0.08125
1 0.7296875 0.18515625 0.046875 0.06875
1 0.61015625 0.26171875 0.053125 0.09453125
1 0.7078125 0.2609375 0.05859375 0.08671875
1 0.7609375 0.4 0.09609375 0.1484375
1 0.88828125 0.39375 0.10078125 0.13671875
1 0.7453125 0.678125 0.140625 0.228125
1 0.325 0.228125 0.04765625 0.07578125
1 0.07890625 0.76796875 0.15546875 0.24296875
2 0.33046875 0.43359375 0.0875 0.19296875
1 0.3515625 0.18671875 0.071875 0.05390625
1 0.49609375 0.33125 0.059375 0.11484375
1 0.44296875 0.184375 0.04296875 0.0703125
1 0.50859375 0.1796875 0.04140625 0.0703125
1 0.51171875 0.13203125 0.03046875 0.0484375
1 0.48046875 0.08515625 0.028125 0.0390625