1 0.340625 0.45546875 0.11015625 0.19609375
1 0.4859375 0.40859375 0.103125 0.140625
1 0.23984375 0.059375 0.028125 0.03515625
1 0.23828125 0.090625 0.0375 0.03515625
2 0.28671875 0.04609375 0.034375 0.04453125
1 0.1046875 0.27109375 0.06015625 0.0890625
1 0.26953125 0.0765625 0.03984375 0.04609375
2 0.4015625 0.09453125 0.03984375 0.05390625
1 0.18671875 0.23671875 0.06328125 0.0796875
1 0.10703125 0.1640625 0.03984375 0.05546875
1 0.19921875 0.15703125 0.05625 0.078125
1 0.51328125 0.11875 0.053125 0.0484375
1 0.41171875 0.14375 0.05078125 0.06328125
1 0.50078125 0.21640625 0.07421875 0.07421875
1 0.02265625 0.14453125 0.04296875 0.0484375
1 0.04765625 0.56796875 0.09375 0.178125
1 0.77109375 0.25859375 0.10390625 0.090625
1 0.93046875 0.3859375 0.13828125 0.10703125
1 0.91875 0.4578125 0.1625 0.13125