0 0.6640625 0.26796875 0.07265625 0.10703125
1 0.471875 0.15625 0.03203125 0.040625
1 0.43046875 0.16328125 0.034375 0.0390625
1 0.45078125 0.14296875 0.03046875 0.03671875
1 0.49140625 0.1390625 0.03046875 0.0390625
1 0.47109375 0.12890625 0.02890625 0.03359375
2 0.40234375 0.15703125 0.034375 0.0484375
1 0.59921875 0.13046875 0.03515625 0.03515625
2 0.603125 0.171875 0.0375 0.05546875
1 0.54765625 0.1546875 0.04453125 0.0484375
1 0.05 0.29609375 0.07265625 0.071875
2 0.56484375 0.165625 0.05078125 0.059375
1 0.2015625 0.221875 0.06328125 0.0515625
3 0.11171875 0.20703125 0.18125 0.15546875
1 0.46484375 0.21015625 0.053125 0.05546875
1 0.42578125 0.25703125 0.059375 0.06640625
1 0.30859375 0.17109375 0.046875 0.04296875
3 0.36796875 0.375 0.27734375 0.33515625
1 0.32578125 0.278125 0.075 0.06484375
2 0.38203125 0.15078125 0.040625 0.04609375
1 0.3484375 0.3140625 0.06875 0.0703125
1 0.3984375 0.13203125 0.03515625 0.03515625
1 0.05234375 0.5234375 0.103125 0.1