1 0.615625 0.165625 0.02578125 0.040625
1 0.36953125 0.62578125 0.10078125 0.16875
1 0.72578125 0.18828125 0.03125 0.04453125
1 0.34140625 0.4234375 0.07578125 0.109375
1 0.76953125 0.17109375 0.03359375 0.05
1 0.71796875 0.2890625 0.04453125 0.06875
1 0.20078125 0.36328125 0.07109375 0.1015625
1 0.49921875 0.2359375 0.03359375 0.05546875
1 0.67421875 0.40625 0.06484375 0.09453125
1 0.82421875 0.44609375 0.08359375 0.128125
2 0.4578125 0.2015625 0.03203125 0.0515625
2 0.36015625 0.18125 0.03984375 0.07421875
1 0.51953125 0.1796875 0.028125 0.0484375