1 0.14921875 0.1984375 0.07421875 0.0609375
3 0.13984375 0.12890625 0.2 0.0984375
1 0.21640625 0.23203125 0.065625 0.071875
1 0.2703125 0.21015625 0.06640625 0.06484375
1 0.28828125 0.27421875 0.071875 0.07578125
1 0.371875 0.25703125 0.075 0.07421875
1 0.3875 0.35703125 0.08671875 0.09609375
1 0.4765625 0.33125 0.09140625 0.090625
2 0.359375 0.1796875 0.08125 0.07421875
1 0.5875 0.421875 0.103125 0.11328125
1 0.48203125 0.484375 0.10703125 0.13125
1 0.92109375 0.34609375 0.09453125 0.121875
1 0.83515625 0.28359375 0.06015625 0.0890625
3 0.72421875 0.25390625 0.19609375 0.240625
1 0.60546875 0.33359375 0.09375 0.08359375
1 0.76640625 0.675 0.14453125 0.178125