1 0.78359375 0.05390625 0.03671875 0.0484375
1 0.76484375 0.08828125 0.03515625 0.04453125
1 0.5734375 0.21953125 0.053125 0.090625
1 0.60234375 0.1484375 0.04140625 0.06484375
1 0.6890625 0.22109375 0.06015625 0.09453125
1 0.79609375 0.13125 0.04453125 0.06640625
1 0.53984375 0.14296875 0.0375 0.06328125
2 0.59609375 0.10625 0.03359375 0.06328125
1 0.65703125 0.12578125 0.04296875 0.06328125
1 0.86484375 0.18515625 0.05859375 0.08515625
1 0.534375 0.0984375 0.03046875 0.04453125
1 0.62578125 0.084375 0.03671875 0.05546875
1 0.55234375 0.07109375 0.03046875 0.05
2 0.63671875 0.06015625 0.02578125 0.0515625
3 0.45859375 0.596875 0.2125 0.67421875