1 0.41328125 0.51640625 0.05078125 0.06875
1 0.46328125 0.50703125 0.05078125 0.06640625
1 0.35625 0.56953125 0.05234375 0.08515625
1 0.4296875 0.6140625 0.06953125 0.09453125
3 0.31484375 0.90625 0.22734375 0.18671875
3 0.38828125 0.71796875 0.28828125 0.3484375
1 0.57109375 0.61796875 0.05625 0.09609375
1 0.5921875 0.5390625 0.04609375 0.06875
1 0.42578125 0.5515625 0.05859375 0.06484375
1 0.61640625 0.49453125 0.03828125 0.05390625
3 0.53046875 0.48125 0.08984375 0.13125
1 0.66640625 0.46796875 0.040625 0.06640625
1 0.65390625 0.43125 0.034375 0.04609375