1 0.60859375 0.19296875 0.02734375 0.04609375
1 0.2984375 0.5609375 0.09921875 0.14453125
1 0.45546875 0.43828125 0.06484375 0.109375
1 0.37578125 0.36484375 0.059375 0.08671875
1 0.63515625 0.2703125 0.040625 0.06640625
1 0.25546875 0.38515625 0.07265625 0.109375
1 0.47578125 0.28671875 0.04140625 0.06484375
1 0.8125 0.31171875 0.05546875 0.07578125
1 0.4421875 0.2265625 0.03515625 0.05703125
1 0.8796875 0.28203125 0.05625 0.07578125
1 0.86796875 0.62578125 0.10234375 0.15390625
1 0.35859375 0.196875 0.03515625 0.0515625