0 0.66640625 0.27421875 0.07421875 0.10546875
1 0.47265625 0.16171875 0.034375 0.040625
1 0.4328125 0.16796875 0.03359375 0.03671875
1 0.4515625 0.146875 0.03046875 0.03671875
1 0.49140625 0.14453125 0.03203125 0.040625
1 0.4703125 0.134375 0.03125 0.03359375
2 0.3984375 0.16328125 0.03515625 0.05
2 0.37265625 0.1796875 0.03125 0.05390625
1 0.65 0.134375 0.034375 0.03359375
1 0.42421875 0.146875 0.034375 0.03671875
1 0.58203125 0.13671875 0.03671875 0.03671875
1 0.61796875 0.134375 0.03203125 0.03515625
1 0.5328125 0.18671875 0.046875 0.04296875
3 0.5640625 0.24375 0.178125 0.20546875
3 0.12421875 0.2296875 0.2125 0.15390625
3 0.44296875 0.19140625 0.12578125 0.121875
1 0.48359375 0.22578125 0.05078125 0.05390625
1 0.21484375 0.3609375 0.1 0.078125
1 0.40390625 0.1390625 0.03828125 0.03125
1 0.41953125 0.121875 0.02890625 0.02578125