1 0.015625 0.275 0.02890625 0.05703125
1 0.06171875 0.28359375 0.084375 0.05390625
1 0.31328125 0.25078125 0.08203125 0.06328125
1 0.46640625 0.246875 0.06796875 0.05546875
1 0.15703125 0.2859375 0.084375 0.059375
1 0.18359375 0.2609375 0.06796875 0.059375
3 0.4484375 0.25078125 0.33046875 0.121875
1 0.11328125 0.31796875 0.10234375 0.0703125
3 0.78515625 0.2515625 0.24765625 0.1203125
1 0.2171875 0.3265625 0.103125 0.071875
1 0.46484375 0.3 0.090625 0.07421875
1 0.8390625 0.421875 0.14453125 0.0984375
3 0.98203125 0.24453125 0.03515625 0.121875