1 0.51953125 0.15859375 0.06875 0.05
2 0.4171875 0.16640625 0.07109375 0.05
1 0.36796875 0.20390625 0.07109375 0.0484375
1 0.29296875 0.196875 0.06796875 0.05546875
1 0.265625 0.225 0.071875 0.04453125
1 0.2078125 0.22421875 0.0625 0.04453125
1 0.13046875 0.2546875 0.084375 0.05390625
0 0.66640625 0.25859375 0.07265625 0.11484375
1 0.89375 0.66015625 0.2125 0.21484375
1 0.73515625 0.49453125 0.07734375 0.16875
1 0.71640625 0.36640625 0.06953125 0.1
1 0.77421875 0.26484375 0.05625 0.07578125
1 0.79453125 0.2046875 0.053125 0.0609375
1 0.81640625 0.175 0.04453125 0.05
3 0.0640625 0.30390625 0.12578125 0.15
1 0.51796875 0.78203125 0.240625 0.18125
1 0.3453125 0.24609375 0.08203125 0.0609375
1 0.09296875 0.925 0.18359375 0.15
1 0.740625 0.1640625 0.065625 0.05