3 0.54609375 0.20625 0.134375 0.13125
1 0.33203125 0.60546875 0.146875 0.18359375
1 0.50234375 0.44375 0.09765625 0.109375
1 0.43046875 0.284375 0.065625 0.06328125
1 0.3515625 0.3265625 0.08984375 0.07578125
1 0.05546875 0.8703125 0.10859375 0.259375
1 0.63203125 0.221875 0.04609375 0.05703125
1 0.2390625 0.38671875 0.11171875 0.08671875
1 0.103125 0.4453125 0.13515625 0.1
1 0.4828125 0.35390625 0.08359375 0.0890625
2 0.58203125 0.23984375 0.06796875 0.07421875
1 0.33828125 0.83515625 0.17421875 0.26875
2 0.5265625 0.2703125 0.06015625 0.0703125
1 0.59765625 0.340625 0.07421875 0.0890625
1 0.75703125 0.4515625 0.06953125 0.13671875
2 0.67578125 0.26015625 0.09296875 0.11875
1 0.75546875 0.24296875 0.05859375 0.0609375
1 0.70234375 0.3265625 0.07734375 0.078125
1 0.4375 0.3234375 0.07265625 0.07421875
1 0.83671875 0.240625 0.05 0.059375
1 0.60703125 0.26484375 0.059375 0.06640625