1 0.2390625 0.22890625 0.046875 0.0484375
1 0.96640625 0.52578125 0.06640625 0.09609375
1 0.9390625 0.43359375 0.121875 0.1140625
1 0.31484375 0.23203125 0.034375 0.04453125
1 0.78515625 0.38125 0.09140625 0.09453125
1 0.34921875 0.2609375 0.03515625 0.059375
1 0.2859375 0.2515625 0.03671875 0.05390625
1 0.69140625 0.37578125 0.08203125 0.078125
1 0.65546875 0.31875 0.090625 0.071875
1 0.6265625 0.2765625 0.06640625 0.05546875
1 0.30703125 0.28046875 0.034375 0.05546875
1 0.5640625 0.31328125 0.071875 0.06875
1 0.375 0.32578125 0.04609375 0.06640625
2 0.30546875 0.365625 0.046875 0.10703125
1 0.52734375 0.25703125 0.040625 0.05390625
1 0.56875 0.246875 0.04453125 0.05546875
1 0.39609375 0.41171875 0.05859375 0.09296875
3 0.5828125 0.43046875 0.27734375 0.33125
1 0.48671875 0.23203125 0.03125 0.04453125
1 0.36171875 0.6859375 0.08515625 0.19609375