1 0.59609375 0.2453125 0.05234375 0.08671875
1 0.63515625 0.61171875 0.1125 0.21640625
1 0.23984375 0.41484375 0.09375 0.13515625
1 0.71171875 0.065625 0.02265625 0.040625
1 0.74140625 0.084375 0.028125 0.04609375
1 0.7796875 0.08125 0.02734375 0.01875
1 0.58203125 0.1140625 0.03046875 0.0515625
1 0.71640625 0.11171875 0.03828125 0.05546875
1 0.78359375 0.115625 0.03828125 0.0515625
1 0.80625 0.16484375 0.04921875 0.06484375
1 0.61484375 0.05625 0.02109375 0.03671875
1 0.57734375 0.0359375 0.01796875 0.028125
1 0.56484375 0.0515625 0.01875 0.03359375
1 0.978125 0.3609375 0.04375 0.10625