0 0.59375 0.64296875 0.29453125 0.259375
1 0.81796875 0.128125 0.06640625 0.0484375
1 0.11953125 0.3953125 0.13828125 0.11640625
1 0.18046875 0.45390625 0.16171875 0.1390625
1 0.63984375 0.14609375 0.08203125 0.0484375
1 0.64296875 0.16328125 0.07265625 0.05546875
2 0.45546875 0.290625 0.10078125 0.09609375
1 0.44609375 0.36796875 0.13515625 0.1015625
3 0.35625 0.16484375 0.32421875 0.14296875
1 0.6953125 0.21171875 0.09296875 0.0609375
1 0.6140625 0.3046875 0.09375 0.090625
2 0.70390625 0.24921875 0.09765625 0.09296875
1 0.46015625 0.13671875 0.07265625 0.05546875
1 0.8234375 0.184375 0.078125 0.06875
1 0.80703125 0.26796875 0.10390625 0.08359375
1 0.065625 0.30625 0.12890625 0.08671875