0 0.6640625 0.26640625 0.07265625 0.10703125
1 0.9046875 0.68515625 0.190625 0.23671875
1 0.471875 0.15546875 0.03203125 0.040625
1 0.43046875 0.16171875 0.034375 0.0390625
1 0.45078125 0.14296875 0.02890625 0.03671875
1 0.49140625 0.13828125 0.03046875 0.03671875
1 0.47109375 0.12890625 0.02890625 0.03359375
2 0.40234375 0.15625 0.034375 0.0484375
1 0.60546875 0.1484375 0.03671875 0.03671875
1 0.5546875 0.1515625 0.040625 0.03671875
1 0.63828125 0.15078125 0.04375 0.0484375
2 0.54296875 0.2234375 0.046875 0.0703125
1 0.47734375 0.196875 0.05859375 0.05546875
1 0.22578125 0.215625 0.059375 0.05546875
2 0.46953125 0.22421875 0.06640625 0.071875
1 0.30234375 0.17890625 0.05078125 0.04296875
3 0.2453125 0.15859375 0.13203125 0.1296875
1 0.33046875 0.28359375 0.06796875 0.06640625
1 0.296875 0.365625 0.103125 0.0984375
1 0.38671875 0.14140625 0.040625 0.03671875
3 0.17421875 0.6203125 0.34609375 0.54453125
1 0.11328125 0.41171875 0.1125 0.08671875
2 0.42265625 0.13203125 0.03515625 0.040625
1 0.115625 0.4984375 0.134375 0.12578125