1 0.903125 0.68515625 0.19375 0.20390625
1 0.7328125 0.5359375 0.11015625 0.18359375
1 0.72890625 0.3484375 0.06953125 0.1015625
0 0.66171875 0.2515625 0.07265625 0.1109375
1 0.78671875 0.24453125 0.05234375 0.08515625
3 0.63046875 0.13671875 0.08828125 0.1109375
1 0.18046875 0.203125 0.046875 0.0484375
1 0.509375 0.15625 0.04140625 0.0390625
1 0.10546875 0.2765625 0.075 0.06328125
3 0.1390625 0.20625 0.20546875 0.14609375
1 0.528125 0.171875 0.05078125 0.0484375
1 0.4703125 0.14296875 0.034375 0.04296875
1 0.27265625 0.18515625 0.05 0.05
1 0.41015625 0.21796875 0.06875 0.06328125
1 0.31796875 0.1796875 0.04765625 0.04296875
1 0.35703125 0.140625 0.04140625 0.03671875
3 0.15546875 0.64453125 0.309375 0.52421875
1 0.1609375 0.43046875 0.128125 0.09609375
1 0.15703125 0.36484375 0.11015625 0.07578125
1 0.46640625 0.121875 0.03515625 0.03359375