1 0.91015625 0.35 0.14453125 0.1109375
1 0.72578125 0.278125 0.11171875 0.10390625
2 0.61640625 0.2390625 0.096875 0.090625
1 0.51328125 0.21171875 0.07109375 0.06875
1 0.44375 0.19375 0.05625 0.06328125
1 0.37421875 0.53515625 0.121875 0.1609375
1 0.503125 0.246875 0.07109375 0.07421875
2 0.81640625 0.71328125 0.27265625 0.328125
1 0.58203125 0.54921875 0.15546875 0.1703125
3 0.3875 0.2765625 0.18203125 0.2015625
1 0.9453125 0.51875 0.109375 0.17578125
1 0.6390625 0.4703125 0.16875 0.1390625
1 0.42578125 0.43515625 0.11171875 0.12421875
2 0.821875 0.5359375 0.17421875 0.20390625
1 0.9578125 0.6828125 0.084375 0.153125
1 0.76328125 0.421875 0.15546875 0.11875
1 0.61875 0.35546875 0.11953125 0.10703125
1 0.28984375 0.31328125 0.06953125 0.09609375
1 0.35078125 0.3734375 0.07890625 0.0984375
1 0.50703125 0.29921875 0.08203125 0.109375
1 0.29609375 0.25703125 0.04765625 0.06484375
1 0.25 0.23359375 0.04453125 0.0515625
1 0.24140625 0.28359375 0.046875 0.071875