2 0.6046875 0.2640625 0.05390625 0.0890625
2 0.6578125 0.30859375 0.071875 0.08515625
1 0.77265625 0.371875 0.096875 0.090625
1 0.93046875 0.43359375 0.13828125 0.12578125
1 0.69453125 0.253125 0.05859375 0.0515625
3 0.47421875 0.26171875 0.171875 0.15546875
1 0.3140625 0.20625 0.05078125 0.04296875
1 0.7875 0.2484375 0.05546875 0.0484375
1 0.9609375 0.71484375 0.078125 0.1578125
1 0.76875 0.225 0.05390625 0.040625
1 0.2671875 0.22109375 0.06015625 0.03515625
1 0.7015625 0.740625 0.21484375 0.16640625
3 0.74375 0.9109375 0.5125 0.175
1 0.49140625 0.2046875 0.05 0.0296875
1 0.69921875 0.19921875 0.06015625 0.04453125
1 0.1859375 0.765625 0.24453125 0.16640625
1 0.87421875 0.21953125 0.05625 0.04296875
1 0.26171875 0.91484375 0.25078125 0.1703125
1 0.05859375 0.4953125 0.11484375 0.121875
1 0.6625 0.89296875 0.20390625 0.1609375