1 0.68515625 0.72890625 0.13984375 0.27578125
1 0.74609375 0.03984375 0.02578125 0.0390625
2 0.65 0.38984375 0.07734375 0.17421875
1 0.76875 0.05390625 0.02578125 0.0390625
1 0.63984375 0.246875 0.05859375 0.09453125
1 0.796875 0.04140625 0.03125 0.040625
1 0.70234375 0.04375 0.028125 0.04296875
1 0.5328125 0.1140625 0.03359375 0.059375
2 0.60390625 0.128125 0.04296875 0.090625
1 0.74296875 0.27421875 0.07109375 0.11640625
2 0.80703125 0.09296875 0.046875 0.07421875
1 0.53828125 0.25859375 0.05390625 0.09296875
1 0.58125 0.09453125 0.03046875 0.05703125
1 0.86484375 0.15625 0.0625 0.0796875
1 0.66171875 0.09375 0.04140625 0.06328125
1 0.56171875 0.04609375 0.025 0.04296875
3 0.4578125 0.475 0.18671875 0.45546875