2 0.65703125 0.2203125 0.040625 0.078125
1 0.7234375 0.22421875 0.04453125 0.059375
1 0.13984375 0.52109375 0.1125 0.128125
1 0.7734375 0.2046875 0.040625 0.05703125
1 0.29453125 0.4953125 0.090625 0.13359375
1 0.43203125 0.4484375 0.071875 0.128125
1 0.68828125 0.334375 0.06015625 0.1015625
1 0.3875 0.3296875 0.06171875 0.10546875
1 0.87421875 0.234375 0.05390625 0.06640625
1 0.86953125 0.51640625 0.1125 0.16328125
1 0.82890625 0.71328125 0.121875 0.19453125
1 0.24140625 0.27109375 0.05390625 0.07421875