1 0.6359375 0.41796875 0.08359375 0.15
1 0.77421875 0.765625 0.18828125 0.29609375
1 0.76796875 0.06484375 0.0375 0.04609375
1 0.73515625 0.290625 0.07578125 0.11484375
1 0.62109375 0.18515625 0.05 0.08125
1 0.80234375 0.08359375 0.040625 0.059375
1 0.70703125 0.046875 0.028125 0.04453125
1 0.7984375 0.0359375 0.03359375 0.040625
1 0.60390625 0.1234375 0.0375 0.06328125
1 0.68828125 0.15625 0.046875 0.071875
1 0.73984375 0.09453125 0.03828125 0.05390625
1 0.88359375 0.1109375 0.04453125 0.05546875
1 0.87890625 0.16796875 0.06015625 0.07421875
2 0.5984375 0.07578125 0.02734375 0.0484375
1 0.9171875 0.22578125 0.06015625 0.08515625
1 0.5953125 0.05 0.02109375 0.03671875
1 0.98125 0.30546875 0.0375 0.11484375
3 0.51953125 0.21328125 0.09375 0.221875