1 0.4625 0.325 0.07421875 0.071875
1 0.5203125 0.29296875 0.06796875 0.06328125
1 0.57578125 0.25859375 0.05390625 0.0515625
1 0.615625 0.240625 0.046875 0.0515625
1 0.37890625 0.36875 0.08984375 0.078125
1 0.24453125 0.38828125 0.103125 0.078125
1 0.36171875 0.3390625 0.07734375 0.071875
1 0.4484375 0.2984375 0.06796875 0.059375
2 0.50546875 0.25625 0.0625 0.05546875
1 0.56796875 0.23203125 0.053125 0.05390625
1 0.52265625 0.2296875 0.04765625 0.05
1 0.08671875 0.46015625 0.14140625 0.0984375
1 0.2828125 0.42890625 0.11015625 0.08671875
1 0.12734375 0.50703125 0.140625 0.10703125
1 0.45703125 0.26328125 0.05546875 0.05546875
1 0.39140625 0.29375 0.06015625 0.05390625
1 0.0890625 0.94296875 0.153125 0.1140625
2 0.390625 0.51328125 0.103125 0.1796875
1 0.61484375 0.3953125 0.06953125 0.090625
1 0.80234375 0.26328125 0.046875 0.0703125