1 0.6171875 0.6 0.21796875 0.20390625
1 0.971875 0.57734375 0.05625 0.1515625
2 0.6640625 0.446875 0.165625 0.1984375
1 0.33125 0.359375 0.11875 0.11484375
3 0.1625 0.28515625 0.18984375 0.171875
1 0.059375 0.27890625 0.059375 0.06640625
1 0.021875 0.26875 0.04140625 0.06328125
2 0.83203125 0.40703125 0.22109375 0.20390625
1 0.60234375 0.36015625 0.140625 0.13125
1 0.45 0.30625 0.12578125 0.11484375
1 0.32734375 0.28046875 0.10234375 0.090625
1 0.24296875 0.26484375 0.07265625 0.07578125
1 0.16484375 0.240625 0.05859375 0.0609375
1 0.090625 0.2359375 0.05 0.0609375
1 0.61796875 0.240625 0.11328125 0.09453125
1 0.60546875 0.29296875 0.13359375 0.0984375
1 0.06640625 0.2265625 0.04296875 0.05390625
1 0.2953125 0.22109375 0.07421875 0.078125
1 0.91484375 0.1984375 0.13671875 0.0984375
1 0.75234375 0.18515625 0.1125 0.08359375
1 0.60703125 0.17109375 0.09453125 0.07421875
3 0.44296875 0.1234375 0.19609375 0.13125
1 0.959375 0.16796875 0.08125 0.0796875
1 0.78203125 0.14609375 0.1125 0.0796875
1 0.6328125 0.140625 0.090625 0.06484375
1 0.30859375 0.15 0.06328125 0.05703125
1 0.52578125 0.13125 0.07109375 0.071875
1 0.23828125 0.14609375 0.05390625 0.0484375
1 0.31953125 0.13046875 0.04609375 0.04296875
1 0.18984375 0.14375 0.04140625 0.04453125
1 0.24765625 0.12109375 0.04765625 0.05390625