1 0.9765625 0.46484375 0.046875 0.078125
2 0.85859375 0.4265625 0.14296875 0.1609375
1 0.27734375 0.24375 0.04453125 0.04453125
1 0.79140625 0.3796875 0.09375 0.08359375
1 0.825 0.53203125 0.14921875 0.13125
1 0.71328125 0.38671875 0.07734375 0.08359375
1 0.3015625 0.2765625 0.03671875 0.05390625
1 0.36484375 0.2890625 0.03828125 0.059375
1 0.30390625 0.33359375 0.04453125 0.07421875
1 0.58046875 0.31953125 0.06640625 0.06640625
1 0.665625 0.3140625 0.07578125 0.078125
1 0.38515625 0.33671875 0.04453125 0.071875
1 0.58515625 0.28125 0.05625 0.06484375
1 0.39609375 0.43203125 0.05390625 0.11328125
1 0.303125 0.45 0.05703125 0.1015625
1 0.50703125 0.2734375 0.04765625 0.059375
1 0.51484375 0.24609375 0.05078125 0.059375
1 0.56484375 0.24375 0.04609375 0.0515625
1 0.28828125 0.63359375 0.08125 0.14453125
1 0.4546875 0.23984375 0.03828125 0.0515625
1 0.40078125 0.9453125 0.11015625 0.109375