1 0.69765625 0.053125 0.01953125 0.03125
1 0.70859375 0.06328125 0.02421875 0.028125
1 0.26328125 0.36875 0.08828125 0.1109375
1 0.7328125 0.02890625 0.02109375 0.0296875
1 0.73203125 0.040625 0.02265625 0.028125
1 0.7421875 0.0859375 0.028125 0.0484375
1 0.759375 0.06484375 0.02265625 0.03515625
1 0.403125 0.25390625 0.078125 0.07578125
1 0.73359375 0.09921875 0.02734375 0.04609375
1 0.78671875 0.090625 0.02734375 0.040625
1 0.77109375 0.11796875 0.034375 0.05546875
2 0.69765625 0.1015625 0.03359375 0.05546875
1 0.70859375 0.35 0.07421875 0.11875
1 0.8265625 0.11953125 0.040625 0.06484375
1 0.6109375 0.08203125 0.025 0.040625
1 0.59375 0.06171875 0.01953125 0.03515625
1 0.82109375 0.18046875 0.05 0.06875
1 0.90703125 0.2 0.05703125 0.06484375
1 0.94140625 0.271875 0.078125 0.090625
1 0.95625 0.1546875 0.0875 0.06484375
1 0.58359375 0.03671875 0.01640625 0.02578125
1 0.60546875 0.025 0.01796875 0.028125
3 0.55234375 0.1 0.05 0.1109375