1 0.49453125 0.1234375 0.040625 0.05546875
1 0.6296875 0.5015625 0.10234375 0.18671875
1 0.59375 0.20625 0.046875 0.07578125
1 0.71953125 0.08515625 0.03359375 0.04453125
1 0.56484375 0.1546875 0.03359375 0.06640625
1 0.678125 0.21796875 0.05078125 0.0890625
1 0.71171875 0.11953125 0.03515625 0.0484375
1 0.775 0.09609375 0.0375 0.0515625
2 0.63515625 0.11171875 0.04296875 0.08125
1 0.74140625 0.165625 0.04921875 0.0796875
1 0.83046875 0.17578125 0.06171875 0.08125
1 0.575 0.06796875 0.028125 0.04609375
1 0.90703125 0.38203125 0.10078125 0.12421875