2 0.64140625 0.11640625 0.034375 0.059375
1 0.67890625 0.16875 0.03515625 0.0609375
1 0.68046875 0.31484375 0.06640625 0.11640625
1 0.91640625 0.58984375 0.121875 0.19296875
1 0.28203125 0.65390625 0.134375 0.22421875
1 0.22265625 0.50625 0.12421875 0.15703125
1 0.390625 0.3515625 0.06953125 0.11328125
1 0.3375 0.29375 0.065625 0.08671875
1 0.44140625 0.21484375 0.04765625 0.0703125
1 0.4953125 0.36484375 0.06640625 0.121875
2 0.39375 0.17890625 0.04921875 0.109375
1 0.4734375 0.15390625 0.03515625 0.059375
1 0.52890625 0.128125 0.03046875 0.05
1 0.48828125 0.10859375 0.02734375 0.04609375