1 0.63828125 0.18828125 0.03046875 0.0484375
1 0.09765625 0.46796875 0.090625 0.11484375
1 0.65703125 0.2515625 0.03984375 0.0609375
1 0.75078125 0.2046875 0.0375 0.0484375
1 0.73671875 0.28359375 0.046875 0.06875
1 0.65546875 0.31796875 0.04375 0.071875
1 0.2734375 0.38671875 0.06875 0.109375
1 0.83671875 0.21484375 0.04140625 0.05703125
1 0.81796875 0.29453125 0.05234375 0.07421875
1 0.68671875 0.43046875 0.06328125 0.09453125
1 0.80703125 0.4140625 0.06953125 0.09453125
1 0.43984375 0.26484375 0.04140625 0.06484375
1 0.31328125 0.25078125 0.0375 0.06328125
1 0.40625 0.21796875 0.034375 0.05546875
1 0.51953125 0.22578125 0.03515625 0.059375
1 0.92265625 0.32109375 0.0625 0.078125
1 0.76484375 0.684375 0.10234375 0.16875
1 0.36640625 0.19140625 0.03125 0.0484375
1 0.47109375 0.190625 0.03203125 0.05