1 0.01796875 0.2515625 0.03359375 0.05390625
1 0.0703125 0.259375 0.08515625 0.05390625
1 0.32265625 0.2234375 0.08203125 0.06328125
1 0.48046875 0.22109375 0.08359375 0.05546875
1 0.17109375 0.26328125 0.09375 0.0515625
1 0.18203125 0.23359375 0.06875 0.0390625
1 0.23984375 0.30078125 0.10234375 0.06875
2 0.49921875 0.26953125 0.09921875 0.078125
1 0.68046875 0.253125 0.09765625 0.059375
3 0.9421875 0.20859375 0.115625 0.1203125
2 0.9109375 0.2734375 0.1 0.078125
1 0.92109375 0.26953125 0.07265625 0.06875