1 0.371875 0.45078125 0.1125 0.0890625
3 0.54453125 0.2109375 0.13046875 0.12578125
1 0.53984375 0.39921875 0.08828125 0.09453125
1 0.47578125 0.3734375 0.08203125 0.09453125
1 0.653125 0.31171875 0.06484375 0.06640625
1 0.43046875 0.290625 0.06875 0.05546875
1 0.34375 0.33515625 0.06953125 0.06875
1 0.55546875 0.315625 0.08125 0.0703125
1 0.63203125 0.22578125 0.04609375 0.04453125
1 0.23984375 0.39921875 0.11328125 0.08359375
1 0.09296875 0.4640625 0.13671875 0.1015625
1 0.540625 0.51328125 0.10703125 0.140625
1 0.646875 0.25703125 0.06640625 0.05703125
1 0.78515625 0.66171875 0.19140625 0.14609375
1 0.73359375 0.87578125 0.25 0.171875
2 0.39921875 0.34375 0.1 0.09453125
1 0.775 0.2640625 0.05390625 0.06484375
1 0.27578125 0.73203125 0.203125 0.121875
3 0.17578125 0.91015625 0.34921875 0.1796875
1 0.85234375 0.209375 0.05390625 0.04296875
2 0.29765625 0.85703125 0.28203125 0.2203125