1 0.1953125 0.23046875 0.06796875 0.06640625
1 0.20546875 0.196875 0.07265625 0.05703125
1 0.28828125 0.27890625 0.071875 0.078125
1 0.32734375 0.24375 0.07109375 0.0703125
1 0.41796875 0.29375 0.07890625 0.08125
1 0.3609375 0.34453125 0.08671875 0.09296875
3 0.86640625 0.39140625 0.26640625 0.36328125
1 0.41640625 0.22578125 0.06953125 0.05703125
1 0.54375 0.3984375 0.09453125 0.1015625
1 0.50234375 0.471875 0.11796875 0.11875
2 0.7078125 0.25625 0.07421875 0.109375
3 0.6234375 0.16328125 0.090625 0.14296875