2 0.74375 0.365625 0.06953125 0.11875
1 0.51875 0.346875 0.06640625 0.09453125
1 0.2390625 0.903125 0.175 0.19375
1 0.20390625 0.46484375 0.096875 0.13125
1 0.66484375 0.465625 0.08046875 0.13359375
1 0.37421875 0.4359375 0.07421875 0.121875
1 0.89609375 0.7796875 0.14765625 0.2109375
2 0.25234375 0.30703125 0.06484375 0.11328125
1 0.95703125 0.6109375 0.08515625 0.1484375
1 0.74140625 0.84921875 0.14609375 0.240625
1 0.40703125 0.30703125 0.053125 0.0890625
1 0.3390625 0.2984375 0.05546875 0.08359375