1 0.36015625 0.659375 0.07265625 0.11484375
1 0.415625 0.6015625 0.053125 0.10390625
1 0.41015625 0.47578125 0.05 0.06640625
1 0.46015625 0.471875 0.05234375 0.06640625
3 0.4640625 0.68046875 0.15859375 0.35
1 0.5671875 0.5609375 0.05234375 0.08359375
1 0.76875 0.91484375 0.13515625 0.1703125
1 0.35390625 0.53046875 0.04921875 0.078125
1 0.51171875 0.53046875 0.05234375 0.06875
3 0.6140625 0.4609375 0.06953125 0.16875
1 0.67578125 0.44140625 0.03515625 0.05390625
1 0.67578125 0.4046875 0.03203125 0.05546875