1 0.35625 0.47890625 0.15703125 0.15
1 0.16015625 0.37890625 0.09453125 0.11484375
3 0.03828125 0.30078125 0.07421875 0.159375
1 0.975 0.59609375 0.05 0.1609375
2 0.78671875 0.49140625 0.203125 0.23359375
1 0.54921875 0.4296875 0.16171875 0.14453125
2 0.39453125 0.36640625 0.11796875 0.15
1 0.27109375 0.34375 0.10625 0.1015625
3 0.15 0.28359375 0.18046875 0.16875
1 0.06484375 0.284375 0.06171875 0.0703125
1 0.9515625 0.30234375 0.096875 0.1140625
1 0.6859375 0.31484375 0.15078125 0.1203125
1 0.446875 0.31328125 0.13046875 0.1109375
1 0.43828125 0.21953125 0.09765625 0.09296875
1 0.15859375 0.190625 0.05 0.04609375
2 0.11796875 0.2265625 0.05859375 0.0609375
1 0.9765625 0.203125 0.046875 0.096875
1 0.86640625 0.20390625 0.125 0.09296875
1 0.72109375 0.184375 0.1125 0.08515625
1 0.5875 0.17421875 0.09609375 0.0703125
3 0.42890625 0.1296875 0.18984375 0.12421875
1 0.9265625 0.1703125 0.146875 0.0875
1 0.76875 0.159375 0.10546875 0.071875
1 0.6421875 0.146875 0.0875 0.06875
1 0.52734375 0.13359375 0.07421875 0.06484375
1 0.25625 0.128125 0.04453125 0.04296875
1 0.23515625 0.15 0.05 0.04609375
1 0.196875 0.128125 0.04296875 0.0390625