1 0.5203125 0.35078125 0.06796875 0.0890625
1 0.74765625 0.42890625 0.06796875 0.1015625
2 0.08984375 0.52109375 0.13046875 0.22578125
1 0.803125 0.359375 0.05703125 0.0796875
1 0.64140625 0.36328125 0.05390625 0.08515625
1 0.20390625 0.875 0.184375 0.25
1 0.25625 0.484375 0.09375 0.13671875
1 0.2171875 0.3515625 0.07421875 0.109375
1 0.884375 0.4953125 0.09453125 0.11328125
1 0.84609375 0.63671875 0.13046875 0.1796875
1 0.31796875 0.35546875 0.06015625 0.090625
1 0.7328125 0.84453125 0.14765625 0.240625
3 0.41015625 0.27109375 0.06953125 0.1796875