1 0.86484375 0.375 0.13984375 0.13125
1 0.709375 0.32890625 0.10546875 0.090625
1 0.57578125 0.27421875 0.084375 0.08359375
2 0.4734375 0.23828125 0.06875 0.0703125
2 0.33125 0.5296875 0.125 0.18515625
1 0.38203125 0.21171875 0.05078125 0.0484375
1 0.64296875 0.35625 0.10703125 0.1
2 0.80703125 0.75859375 0.265625 0.328125
1 0.57265625 0.59453125 0.15390625 0.1703125
3 0.38125 0.315625 0.18203125 0.20546875
1 0.921875 0.56015625 0.15625 0.2
1 0.62890625 0.515625 0.165625 0.15
1 0.41640625 0.47421875 0.11171875 0.13125
2 0.81015625 0.58515625 0.16875 0.21484375
1 0.953125 0.73203125 0.09375 0.16640625
1 0.75390625 0.46953125 0.153125 0.12421875
1 0.57421875 0.38046875 0.1125 0.10546875
1 0.26953125 0.34140625 0.06484375 0.09453125
1 0.3390625 0.4046875 0.075 0.0984375
1 0.471875 0.32578125 0.08359375 0.0984375
1 0.27890625 0.28671875 0.04453125 0.06484375