1 0.40546875 0.52578125 0.05078125 0.06484375
1 0.45703125 0.509375 0.04609375 0.0703125
1 0.35625 0.578125 0.05234375 0.078125
3 0.18671875 0.8921875 0.2953125 0.215625
1 0.41953125 0.5546875 0.0625 0.06640625
1 0.57578125 0.91953125 0.09453125 0.1609375
3 0.3328125 0.6859375 0.17734375 0.271875
1 0.5015625 0.52890625 0.05390625 0.071875
1 0.51484375 0.4640625 0.05703125 0.05546875
1 0.55078125 0.775 0.07578125 0.13671875
1 0.68515625 0.7296875 0.08203125 0.1390625
1 0.35546875 0.5109375 0.084375 0.0609375
1 0.54140625 0.6703125 0.0625 0.109375
1 0.56640625 0.55859375 0.04765625 0.071875
1 0.76484375 0.9515625 0.12734375 0.09609375
2 0.57734375 0.47890625 0.03828125 0.06875
1 0.64296875 0.51875 0.04453125 0.06640625
1 0.6609375 0.47421875 0.03828125 0.06328125
1 0.6921875 0.45078125 0.0375 0.05