1 0.78984375 0.63828125 0.16171875 0.19296875
0 0.66328125 0.26328125 0.07265625 0.10703125
1 0.70859375 0.46015625 0.06875 0.14609375
1 0.47109375 0.153125 0.03203125 0.040625
1 0.4296875 0.16015625 0.034375 0.0390625
1 0.45078125 0.140625 0.02890625 0.03515625
1 0.49140625 0.13515625 0.02890625 0.03671875
1 0.47109375 0.12578125 0.028125 0.03359375
1 0.590625 0.14375 0.03671875 0.03671875
1 0.64921875 0.1640625 0.046875 0.0515625
1 0.62734375 0.1359375 0.03984375 0.04296875
1 0.52578125 0.16484375 0.04375 0.04453125
1 0.5625 0.1765625 0.05 0.05390625
1 0.0703125 0.28515625 0.08359375 0.06484375
1 0.52734375 0.25078125 0.06171875 0.059375
1 0.225 0.19140625 0.03828125 0.04296875
1 0.4390625 0.21796875 0.05546875 0.04296875
1 0.4265625 0.2609375 0.06875 0.06328125
2 0.25078125 0.19375 0.05 0.05546875
2 0.4078125 0.153125 0.03515625 0.05
1 0.25390625 0.38203125 0.09453125 0.08125
2 0.32421875 0.15 0.034375 0.04296875
1 0.15234375 0.39140625 0.09765625 0.078125
1 0.00390625 0.58046875 0.00625 0.059375
1 0.43359375 0.13671875 0.03515625 0.03671875