1 0.49609375 0.11953125 0.03515625 0.05
1 0.61796875 0.4140625 0.0875 0.15703125
1 0.68828125 0.05546875 0.025 0.03359375
1 0.55703125 0.284375 0.05390625 0.1
1 0.84375 0.61171875 0.15 0.24296875
1 0.67890625 0.0734375 0.03046875 0.03359375
1 0.721875 0.05703125 0.025 0.03359375
2 0.68828125 0.22421875 0.07421875 0.140625
1 0.68359375 0.0984375 0.03515625 0.05703125
1 0.75234375 0.103125 0.04140625 0.0515625
1 0.58203125 0.121875 0.03125 0.05546875
1 0.75546875 0.171875 0.04609375 0.0515625
1 0.8546875 0.2109375 0.06640625 0.08515625
1 0.50703125 0.16484375 0.06328125 0.06484375
1 0.5671875 0.053125 0.01875 0.03359375