1 0.33359375 0.221875 0.04609375 0.07578125
1 0.28359375 0.5765625 0.115625 0.17578125
1 0.41796875 0.73515625 0.1375 0.2609375
1 0.71640625 0.15625 0.04140625 0.05703125
1 0.48515625 0.165625 0.040625 0.0703125
1 0.59296875 0.16171875 0.040625 0.06328125
1 0.49296875 0.321875 0.05546875 0.11328125
2 0.43828125 0.14375 0.04140625 0.08359375
1 0.6828125 0.2234375 0.05078125 0.0796875
1 0.60234375 0.21015625 0.046875 0.08125
1 0.51328125 0.209375 0.04296875 0.0796875
1 0.7671875 0.3453125 0.078125 0.1203125
1 0.81796875 0.47890625 0.11953125 0.18359375
1 0.48828125 0.1109375 0.02890625 0.04296875
1 0.45 0.10078125 0.021875 0.04296875
1 0.5234375 0.090625 0.02421875 0.04609375
3 0.790625 0.21015625 0.115625 0.18359375
3 0.64140625 0.125 0.06171875 0.13125