1 0.25234375 0.03984375 0.02734375 0.03515625
1 0.23359375 0.0546875 0.028125 0.03515625
2 0.5234375 0.415625 0.13671875 0.1703125
1 0.23984375 0.078125 0.03359375 0.03125
1 0.4359375 0.1109375 0.04921875 0.05
1 0.38046875 0.1484375 0.05390625 0.04609375
1 0.37734375 0.11640625 0.05 0.04453125
2 0.2171875 0.1609375 0.04921875 0.0796875
1 0.121875 0.15546875 0.04296875 0.05703125
1 0.05234375 0.1765625 0.04296875 0.0609375
1 0.56796875 0.16015625 0.06484375 0.0609375
1 0.15390625 0.11171875 0.0375 0.04453125
1 0.09375 0.1109375 0.03359375 0.04609375
1 0.61640625 0.26796875 0.096875 0.071875
1 0.7109375 0.26328125 0.11015625 0.0890625
1 0.93359375 0.259375 0.10546875 0.08359375