0 0.59296875 0.63828125 0.28984375 0.2609375
3 0.86484375 0.109375 0.22265625 0.10703125
1 0.07265625 0.4234375 0.14296875 0.12578125
1 0.24921875 0.34375 0.11640625 0.0984375
1 0.15078125 0.4703125 0.16171875 0.15546875
1 0.67578125 0.16640625 0.09140625 0.059375
1 0.41953125 0.26953125 0.09453125 0.0609375
3 0.440625 0.15625 0.303125 0.1390625
1 0.45859375 0.3640625 0.134375 0.11640625
2 0.3859375 0.31796875 0.125 0.1203125
1 0.59453125 0.1359375 0.07578125 0.05546875
1 0.50703125 0.1984375 0.08359375 0.06484375
1 0.575 0.278125 0.10703125 0.07578125
1 0.6078125 0.234375 0.1 0.06484375
1 0.7078125 0.31484375 0.115625 0.0890625
1 0.73515625 0.20390625 0.09453125 0.08359375
1 0.77265625 0.253125 0.1 0.059375
1 0.87421875 0.27890625 0.10390625 0.078125
1 0.23828125 0.17890625 0.08984375 0.05390625
1 0.14921875 0.2140625 0.09140625 0.05390625
1 0.08203125 0.296875 0.115625 0.071875
1 0.91015625 0.190625 0.09375 0.05546875
1 0.93984375 0.221875 0.09453125 0.0609375
1 0.984375 0.2609375 0.03125 0.059375