1 0.4859375 0.59609375 0.13828125 0.19609375
1 0.89453125 0.7703125 0.21015625 0.340625
1 0.21796875 0.0609375 0.03046875 0.03671875
1 0.18203125 0.4609375 0.084375 0.15
1 0.36171875 0.08828125 0.040625 0.04453125
1 0.32265625 0.09296875 0.040625 0.0390625
1 0.31640625 0.11640625 0.04609375 0.0390625
1 0.44609375 0.08828125 0.04296875 0.040625
1 0.47890625 0.1296875 0.05546875 0.0515625
2 0.22109375 0.15703125 0.05625 0.0890625
1 0.14375 0.16953125 0.04375 0.06484375
1 0.1 0.7109375 0.12890625 0.24609375
2 0.04453125 0.14140625 0.04765625 0.090625
1 0.14765625 0.0953125 0.03671875 0.05703125
1 0.64921875 0.16484375 0.06484375 0.06484375
1 0.5390625 0.24453125 0.071875 0.06484375
1 0.06328125 0.08515625 0.03203125 0.04609375