1 0.17734375 0.40390625 0.103125 0.109375
1 0.69375 0.48515625 0.20390625 0.17421875
3 0.33359375 0.33046875 0.28125 0.24296875
1 0.16640625 0.31171875 0.08046875 0.08359375
1 0.040625 0.27890625 0.07890625 0.0703125
2 0.83125 0.40546875 0.221875 0.20390625
1 0.6015625 0.35859375 0.140625 0.13125
1 0.44921875 0.30625 0.12734375 0.11484375
1 0.32578125 0.27890625 0.10234375 0.0890625
1 0.24140625 0.26484375 0.07421875 0.07578125
1 0.1671875 0.24296875 0.05859375 0.0609375
1 0.1203125 0.240625 0.05703125 0.0609375
1 0.9421875 0.29296875 0.115625 0.11640625
1 0.9171875 0.359375 0.165625 0.140625
1 0.06953125 0.22578125 0.04609375 0.05703125
1 0.66171875 0.29609375 0.1375 0.121875
1 0.9578125 0.19609375 0.084375 0.078125
1 0.75390625 0.184375 0.11796875 0.090625
3 0.50703125 0.12421875 0.21953125 0.14296875
1 0.80234375 0.15078125 0.109375 0.08125
1 0.34609375 0.15 0.06796875 0.05546875
1 0.58671875 0.13515625 0.10390625 0.071875
1 0.2625 0.14453125 0.05625 0.0484375
1 0.390625 0.134375 0.06015625 0.05
1 0.20234375 0.1453125 0.04453125 0.04453125
1 0.32265625 0.12421875 0.05703125 0.059375
1 0.16015625 0.13671875 0.03359375 0.04609375
1 0.25078125 0.12109375 0.04921875 0.05