1 0.5203125 0.35078125 0.06796875 0.0890625
1 0.12421875 0.48125 0.10546875 0.16640625
1 0.7796875 0.33359375 0.05703125 0.07421875
1 0.7421875 0.40625 0.07421875 0.109375
1 0.17890625 0.62890625 0.13515625 0.19453125
1 0.63125 0.42578125 0.06484375 0.1109375
3 0.3625 0.4390625 0.13828125 0.32578125
1 0.1734375 0.36484375 0.07421875 0.11875
1 0.84296875 0.65625 0.140625 0.20390625
2 0.946875 0.56171875 0.10625 0.18515625
1 0.6890625 0.67109375 0.11484375 0.18125
1 0.290625 0.340625 0.053125 0.09296875
1 0.26171875 0.309375 0.05546875 0.07578125